wavelength	relativeIntensity
2.000000000000000000e+02 0.000000000000000000e+00
2.005000000000000000e+02 0.000000000000000000e+00
2.010000000000000000e+02 0.000000000000000000e+00
2.015000000000000000e+02 0.000000000000000000e+00
2.020000000000000000e+02 2.494759999999999946e-04
2.025000000000000000e+02 0.000000000000000000e+00
2.030000000000000000e+02 0.000000000000000000e+00
2.035000000000000000e+02 8.754369999999999600e-04
2.040000000000000000e+02 0.000000000000000000e+00
2.045000000000000000e+02 0.000000000000000000e+00
2.050000000000000000e+02 8.990000000000000324e-05
2.055000000000000000e+02 0.000000000000000000e+00
2.060000000000000000e+02 4.915110000000000312e-04
2.065000000000000000e+02 0.000000000000000000e+00
2.070000000000000000e+02 4.093020000000000057e-04
2.075000000000000000e+02 0.000000000000000000e+00
2.080000000000000000e+02 0.000000000000000000e+00
2.085000000000000000e+02 0.000000000000000000e+00
2.090000000000000000e+02 0.000000000000000000e+00
2.095000000000000000e+02 0.000000000000000000e+00
2.100000000000000000e+02 0.000000000000000000e+00
2.105000000000000000e+02 1.171000000000000003e-04
2.110000000000000000e+02 0.000000000000000000e+00
2.115000000000000000e+02 1.639999999999999883e-05
2.120000000000000000e+02 0.000000000000000000e+00
2.125000000000000000e+02 0.000000000000000000e+00
2.130000000000000000e+02 1.195159999999999989e-04
2.135000000000000000e+02 6.370949999999999573e-04
2.140000000000000000e+02 1.774072999999999926e-03
2.145000000000000000e+02 1.579759999999999932e-04
2.150000000000000000e+02 0.000000000000000000e+00
2.155000000000000000e+02 0.000000000000000000e+00
2.160000000000000000e+02 0.000000000000000000e+00
2.165000000000000000e+02 0.000000000000000000e+00
2.170000000000000000e+02 0.000000000000000000e+00
2.175000000000000000e+02 1.071039999999999964e-04
2.180000000000000000e+02 0.000000000000000000e+00
2.185000000000000000e+02 4.507099999999999995e-04
2.190000000000000000e+02 1.378443999999999937e-03
2.195000000000000000e+02 0.000000000000000000e+00
2.200000000000000000e+02 0.000000000000000000e+00
2.205000000000000000e+02 0.000000000000000000e+00
2.210000000000000000e+02 1.744483999999999922e-03
2.215000000000000000e+02 2.504849999999999980e-04
2.220000000000000000e+02 0.000000000000000000e+00
2.225000000000000000e+02 6.203530000000000285e-04
2.230000000000000000e+02 0.000000000000000000e+00
2.235000000000000000e+02 0.000000000000000000e+00
2.240000000000000000e+02 0.000000000000000000e+00
2.245000000000000000e+02 0.000000000000000000e+00
2.250000000000000000e+02 0.000000000000000000e+00
2.255000000000000000e+02 2.693910000000000098e-04
2.260000000000000000e+02 0.000000000000000000e+00
2.265000000000000000e+02 3.270810000000000080e-04
2.270000000000000000e+02 1.047839999999999969e-03
2.275000000000000000e+02 7.550499999999999486e-04
2.280000000000000000e+02 0.000000000000000000e+00
2.285000000000000000e+02 0.000000000000000000e+00
2.290000000000000000e+02 0.000000000000000000e+00
2.295000000000000000e+02 0.000000000000000000e+00
2.300000000000000000e+02 0.000000000000000000e+00
2.305000000000000000e+02 0.000000000000000000e+00
2.310000000000000000e+02 0.000000000000000000e+00
2.315000000000000000e+02 2.310529999999999984e-04
2.320000000000000000e+02 0.000000000000000000e+00
2.325000000000000000e+02 0.000000000000000000e+00
2.330000000000000000e+02 0.000000000000000000e+00
2.335000000000000000e+02 6.293740000000000358e-04
2.340000000000000000e+02 0.000000000000000000e+00
2.345000000000000000e+02 1.410000000000000053e-06
2.350000000000000000e+02 6.442519999999999974e-04
2.355000000000000000e+02 0.000000000000000000e+00
2.360000000000000000e+02 0.000000000000000000e+00
2.365000000000000000e+02 9.840000000000000656e-05
2.370000000000000000e+02 0.000000000000000000e+00
2.375000000000000000e+02 0.000000000000000000e+00
2.380000000000000000e+02 4.279999999999999679e-05
2.385000000000000000e+02 0.000000000000000000e+00
2.390000000000000000e+02 0.000000000000000000e+00
2.395000000000000000e+02 0.000000000000000000e+00
2.400000000000000000e+02 1.880100000000000109e-04
2.405000000000000000e+02 0.000000000000000000e+00
2.410000000000000000e+02 0.000000000000000000e+00
2.415000000000000000e+02 5.440000000000000093e-05
2.420000000000000000e+02 0.000000000000000000e+00
2.425000000000000000e+02 0.000000000000000000e+00
2.430000000000000000e+02 0.000000000000000000e+00
2.435000000000000000e+02 0.000000000000000000e+00
2.440000000000000000e+02 0.000000000000000000e+00
2.445000000000000000e+02 0.000000000000000000e+00
2.450000000000000000e+02 0.000000000000000000e+00
2.455000000000000000e+02 0.000000000000000000e+00
2.460000000000000000e+02 0.000000000000000000e+00
2.465000000000000000e+02 0.000000000000000000e+00
2.470000000000000000e+02 0.000000000000000000e+00
2.475000000000000000e+02 9.617189999999999853e-04
2.480000000000000000e+02 0.000000000000000000e+00
2.485000000000000000e+02 3.815390000000000209e-04
2.490000000000000000e+02 1.876919999999999912e-04
2.495000000000000000e+02 2.507720000000000175e-04
2.500000000000000000e+02 0.000000000000000000e+00
2.505000000000000000e+02 0.000000000000000000e+00
2.510000000000000000e+02 5.470000000000000144e-05
2.515000000000000000e+02 1.811000000000000110e-04
2.520000000000000000e+02 0.000000000000000000e+00
2.525000000000000000e+02 0.000000000000000000e+00
2.530000000000000000e+02 0.000000000000000000e+00
2.535000000000000000e+02 0.000000000000000000e+00
2.540000000000000000e+02 1.013020000000000001e-04
2.545000000000000000e+02 0.000000000000000000e+00
2.550000000000000000e+02 3.502189999999999752e-04
2.555000000000000000e+02 0.000000000000000000e+00
2.560000000000000000e+02 0.000000000000000000e+00
2.565000000000000000e+02 0.000000000000000000e+00
2.570000000000000000e+02 0.000000000000000000e+00
2.575000000000000000e+02 7.836279999999999721e-04
2.580000000000000000e+02 1.107739999999999935e-04
2.585000000000000000e+02 0.000000000000000000e+00
2.590000000000000000e+02 6.036909999999999499e-04
2.595000000000000000e+02 0.000000000000000000e+00
2.600000000000000000e+02 0.000000000000000000e+00
2.605000000000000000e+02 6.837240000000000288e-04
2.610000000000000000e+02 0.000000000000000000e+00
2.615000000000000000e+02 1.057875999999999912e-03
2.620000000000000000e+02 0.000000000000000000e+00
2.625000000000000000e+02 7.877859999999999550e-04
2.630000000000000000e+02 3.861299999999999910e-04
2.635000000000000000e+02 0.000000000000000000e+00
2.640000000000000000e+02 1.034734000000000044e-03
2.645000000000000000e+02 6.628200000000000541e-04
2.650000000000000000e+02 4.385209999999999846e-04
2.655000000000000000e+02 0.000000000000000000e+00
2.660000000000000000e+02 8.643099999999999698e-04
2.665000000000000000e+02 0.000000000000000000e+00
2.670000000000000000e+02 7.220000000000000669e-05
2.675000000000000000e+02 0.000000000000000000e+00
2.680000000000000000e+02 0.000000000000000000e+00
2.685000000000000000e+02 0.000000000000000000e+00
2.690000000000000000e+02 0.000000000000000000e+00
2.695000000000000000e+02 0.000000000000000000e+00
2.700000000000000000e+02 6.735439999999999873e-04
2.705000000000000000e+02 0.000000000000000000e+00
2.710000000000000000e+02 0.000000000000000000e+00
2.715000000000000000e+02 3.233190000000000261e-04
2.720000000000000000e+02 0.000000000000000000e+00
2.725000000000000000e+02 8.278509999999999992e-04
2.730000000000000000e+02 3.366649999999999894e-04
2.735000000000000000e+02 0.000000000000000000e+00
2.740000000000000000e+02 4.600000000000000004e-05
2.745000000000000000e+02 9.809510000000000885e-04
2.750000000000000000e+02 0.000000000000000000e+00
2.755000000000000000e+02 0.000000000000000000e+00
2.760000000000000000e+02 2.468559999999999960e-04
2.765000000000000000e+02 0.000000000000000000e+00
2.770000000000000000e+02 2.730540000000000050e-04
2.775000000000000000e+02 0.000000000000000000e+00
2.780000000000000000e+02 0.000000000000000000e+00
2.785000000000000000e+02 0.000000000000000000e+00
2.790000000000000000e+02 0.000000000000000000e+00
2.795000000000000000e+02 0.000000000000000000e+00
2.800000000000000000e+02 0.000000000000000000e+00
2.805000000000000000e+02 1.225291000000000097e-03
2.810000000000000000e+02 0.000000000000000000e+00
2.815000000000000000e+02 0.000000000000000000e+00
2.820000000000000000e+02 0.000000000000000000e+00
2.825000000000000000e+02 0.000000000000000000e+00
2.830000000000000000e+02 1.215312999999999984e-03
2.835000000000000000e+02 3.445119999999999975e-04
2.840000000000000000e+02 0.000000000000000000e+00
2.845000000000000000e+02 0.000000000000000000e+00
2.850000000000000000e+02 2.900000000000000017e-05
2.855000000000000000e+02 7.119999999999999593e-05
2.860000000000000000e+02 0.000000000000000000e+00
2.865000000000000000e+02 0.000000000000000000e+00
2.870000000000000000e+02 4.307150000000000258e-04
2.875000000000000000e+02 0.000000000000000000e+00
2.880000000000000000e+02 5.866149999999999663e-04
2.885000000000000000e+02 6.356270000000000453e-04
2.890000000000000000e+02 4.272529999999999969e-04
2.895000000000000000e+02 7.089410000000000416e-04
2.900000000000000000e+02 0.000000000000000000e+00
2.905000000000000000e+02 2.162730000000000078e-04
2.910000000000000000e+02 0.000000000000000000e+00
2.915000000000000000e+02 0.000000000000000000e+00
2.920000000000000000e+02 9.618120000000000402e-04
2.925000000000000000e+02 0.000000000000000000e+00
2.930000000000000000e+02 0.000000000000000000e+00
2.935000000000000000e+02 0.000000000000000000e+00
2.940000000000000000e+02 0.000000000000000000e+00
2.945000000000000000e+02 0.000000000000000000e+00
2.950000000000000000e+02 0.000000000000000000e+00
2.955000000000000000e+02 8.444480000000000302e-04
2.960000000000000000e+02 0.000000000000000000e+00
2.965000000000000000e+02 0.000000000000000000e+00
2.970000000000000000e+02 0.000000000000000000e+00
2.975000000000000000e+02 0.000000000000000000e+00
2.980000000000000000e+02 3.638700000000000246e-04
2.985000000000000000e+02 5.934239999999999481e-04
2.990000000000000000e+02 8.295890000000000425e-04
2.995000000000000000e+02 0.000000000000000000e+00
3.000000000000000000e+02 4.285889999999999990e-04
3.005000000000000000e+02 2.858119999999999801e-04
3.010000000000000000e+02 7.270000000000000529e-05
3.015000000000000000e+02 3.573410000000000063e-04
3.020000000000000000e+02 2.827810000000000154e-04
3.025000000000000000e+02 0.000000000000000000e+00
3.030000000000000000e+02 6.329680000000000289e-04
3.035000000000000000e+02 0.000000000000000000e+00
3.040000000000000000e+02 0.000000000000000000e+00
3.045000000000000000e+02 2.192379999999999904e-04
3.050000000000000000e+02 2.005580000000000134e-04
3.055000000000000000e+02 0.000000000000000000e+00
3.060000000000000000e+02 5.362970000000000324e-04
3.065000000000000000e+02 0.000000000000000000e+00
3.070000000000000000e+02 0.000000000000000000e+00
3.075000000000000000e+02 6.979420000000000068e-04
3.080000000000000000e+02 0.000000000000000000e+00
3.085000000000000000e+02 0.000000000000000000e+00
3.090000000000000000e+02 0.000000000000000000e+00
3.095000000000000000e+02 0.000000000000000000e+00
3.100000000000000000e+02 0.000000000000000000e+00
3.105000000000000000e+02 0.000000000000000000e+00
3.110000000000000000e+02 0.000000000000000000e+00
3.115000000000000000e+02 0.000000000000000000e+00
3.120000000000000000e+02 5.761850000000000001e-04
3.125000000000000000e+02 0.000000000000000000e+00
3.130000000000000000e+02 0.000000000000000000e+00
3.135000000000000000e+02 9.974779999999999931e-04
3.140000000000000000e+02 2.046600000000000090e-04
3.145000000000000000e+02 0.000000000000000000e+00
3.150000000000000000e+02 0.000000000000000000e+00
3.155000000000000000e+02 1.141153999999999910e-03
3.160000000000000000e+02 2.646139999999999842e-04
3.165000000000000000e+02 3.139430000000000128e-04
3.170000000000000000e+02 1.065481999999999974e-03
3.175000000000000000e+02 0.000000000000000000e+00
3.180000000000000000e+02 7.540000000000000315e-05
3.185000000000000000e+02 0.000000000000000000e+00
3.190000000000000000e+02 0.000000000000000000e+00
3.195000000000000000e+02 3.955900000000000258e-04
3.200000000000000000e+02 8.849170000000000386e-04
3.205000000000000000e+02 0.000000000000000000e+00
3.210000000000000000e+02 2.291600000000000082e-04
3.215000000000000000e+02 3.315680000000000211e-04
3.220000000000000000e+02 0.000000000000000000e+00
3.225000000000000000e+02 0.000000000000000000e+00
3.230000000000000000e+02 2.771130000000000012e-04
3.235000000000000000e+02 0.000000000000000000e+00
3.240000000000000000e+02 0.000000000000000000e+00
3.245000000000000000e+02 0.000000000000000000e+00
3.250000000000000000e+02 0.000000000000000000e+00
3.255000000000000000e+02 0.000000000000000000e+00
3.260000000000000000e+02 0.000000000000000000e+00
3.265000000000000000e+02 0.000000000000000000e+00
3.270000000000000000e+02 1.139063000000000055e-03
3.275000000000000000e+02 1.324345999999999900e-03
3.280000000000000000e+02 4.232619999999999872e-04
3.285000000000000000e+02 2.667309999999999777e-04
3.290000000000000000e+02 0.000000000000000000e+00
3.295000000000000000e+02 2.863319999999999819e-04
3.300000000000000000e+02 0.000000000000000000e+00
3.305000000000000000e+02 0.000000000000000000e+00
3.310000000000000000e+02 1.134000000000000052e-04
3.315000000000000000e+02 1.387718000000000024e-03
3.320000000000000000e+02 0.000000000000000000e+00
3.325000000000000000e+02 0.000000000000000000e+00
3.330000000000000000e+02 4.074510000000000263e-04
3.335000000000000000e+02 0.000000000000000000e+00
3.340000000000000000e+02 0.000000000000000000e+00
3.345000000000000000e+02 1.771669999999999929e-04
3.350000000000000000e+02 2.914789999999999786e-04
3.355000000000000000e+02 0.000000000000000000e+00
3.360000000000000000e+02 0.000000000000000000e+00
3.365000000000000000e+02 2.919609999999999784e-04
3.370000000000000000e+02 0.000000000000000000e+00
3.375000000000000000e+02 0.000000000000000000e+00
3.380000000000000000e+02 1.267506999999999965e-03
3.385000000000000000e+02 2.388520000000000096e-04
3.390000000000000000e+02 0.000000000000000000e+00
3.395000000000000000e+02 0.000000000000000000e+00
3.400000000000000000e+02 4.260169999999999972e-04
3.405000000000000000e+02 5.750000000000000174e-05
3.410000000000000000e+02 0.000000000000000000e+00
3.415000000000000000e+02 7.249710000000000355e-04
3.420000000000000000e+02 2.309439999999999898e-04
3.425000000000000000e+02 0.000000000000000000e+00
3.430000000000000000e+02 0.000000000000000000e+00
3.435000000000000000e+02 0.000000000000000000e+00
3.440000000000000000e+02 0.000000000000000000e+00
3.445000000000000000e+02 0.000000000000000000e+00
3.450000000000000000e+02 0.000000000000000000e+00
3.455000000000000000e+02 0.000000000000000000e+00
3.460000000000000000e+02 3.989040000000000012e-04
3.465000000000000000e+02 3.982340000000000229e-04
3.470000000000000000e+02 8.382720000000000405e-04
3.475000000000000000e+02 9.012150000000000239e-04
3.480000000000000000e+02 0.000000000000000000e+00
3.485000000000000000e+02 0.000000000000000000e+00
3.490000000000000000e+02 0.000000000000000000e+00
3.495000000000000000e+02 0.000000000000000000e+00
3.500000000000000000e+02 0.000000000000000000e+00
3.505000000000000000e+02 5.819999999999999843e-05
3.510000000000000000e+02 4.302870000000000089e-04
3.515000000000000000e+02 1.790360000000000118e-04
3.520000000000000000e+02 0.000000000000000000e+00
3.525000000000000000e+02 0.000000000000000000e+00
3.530000000000000000e+02 2.099899999999999868e-04
3.535000000000000000e+02 7.136780000000000337e-04
3.540000000000000000e+02 5.921210000000000319e-04
3.545000000000000000e+02 0.000000000000000000e+00
3.550000000000000000e+02 1.062643999999999958e-03
3.555000000000000000e+02 1.823357000000000059e-03
3.560000000000000000e+02 2.945210000000000081e-04
3.565000000000000000e+02 1.406516999999999924e-03
3.570000000000000000e+02 1.206760999999999988e-03
3.575000000000000000e+02 1.011684000000000107e-03
3.580000000000000000e+02 1.339689000000000027e-03
3.585000000000000000e+02 2.010740000000000064e-04
3.590000000000000000e+02 0.000000000000000000e+00
3.595000000000000000e+02 1.631849999999999902e-04
3.600000000000000000e+02 0.000000000000000000e+00
3.605000000000000000e+02 1.277342000000000104e-03
3.610000000000000000e+02 0.000000000000000000e+00
3.615000000000000000e+02 2.204730000000000014e-04
3.620000000000000000e+02 0.000000000000000000e+00
3.625000000000000000e+02 5.586000000000000253e-04
3.630000000000000000e+02 1.200260999999999993e-03
3.635000000000000000e+02 9.948129999999999907e-04
3.640000000000000000e+02 0.000000000000000000e+00
3.645000000000000000e+02 0.000000000000000000e+00
3.650000000000000000e+02 9.421190000000000510e-04
3.655000000000000000e+02 6.779849999999999809e-04
3.660000000000000000e+02 7.522190000000000430e-04
3.665000000000000000e+02 6.578629999999999591e-04
3.670000000000000000e+02 0.000000000000000000e+00
3.675000000000000000e+02 0.000000000000000000e+00
3.680000000000000000e+02 8.534560000000000497e-04
3.685000000000000000e+02 4.401469999999999992e-04
3.690000000000000000e+02 2.876557000000000072e-03
3.695000000000000000e+02 2.506620000000000202e-04
3.700000000000000000e+02 0.000000000000000000e+00
3.705000000000000000e+02 0.000000000000000000e+00
3.710000000000000000e+02 7.720000000000000625e-05
3.715000000000000000e+02 2.169999999999999891e-05
3.720000000000000000e+02 0.000000000000000000e+00
3.725000000000000000e+02 1.132221000000000095e-03
3.730000000000000000e+02 0.000000000000000000e+00
3.735000000000000000e+02 1.483939999999999890e-04
3.740000000000000000e+02 0.000000000000000000e+00
3.745000000000000000e+02 5.174300000000000383e-04
3.750000000000000000e+02 6.633319999999999841e-04
3.755000000000000000e+02 0.000000000000000000e+00
3.760000000000000000e+02 0.000000000000000000e+00
3.765000000000000000e+02 9.548939999999999685e-04
3.770000000000000000e+02 0.000000000000000000e+00
3.775000000000000000e+02 2.916060000000000266e-04
3.780000000000000000e+02 2.404074999999999875e-03
3.785000000000000000e+02 1.136103999999999977e-03
3.790000000000000000e+02 0.000000000000000000e+00
3.795000000000000000e+02 0.000000000000000000e+00
3.800000000000000000e+02 0.000000000000000000e+00
3.805000000000000000e+02 1.149124000000000066e-03
3.810000000000000000e+02 1.082716999999999968e-03
3.815000000000000000e+02 1.119210000000000013e-04
3.820000000000000000e+02 0.000000000000000000e+00
3.825000000000000000e+02 1.437214000000000026e-03
3.830000000000000000e+02 6.878340000000000148e-04
3.835000000000000000e+02 1.033281999999999951e-03
3.840000000000000000e+02 2.441489999999999828e-04
3.845000000000000000e+02 0.000000000000000000e+00
3.850000000000000000e+02 1.650091000000000014e-03
3.855000000000000000e+02 0.000000000000000000e+00
3.860000000000000000e+02 0.000000000000000000e+00
3.865000000000000000e+02 0.000000000000000000e+00
3.870000000000000000e+02 0.000000000000000000e+00
3.875000000000000000e+02 2.069114999999999843e-03
3.880000000000000000e+02 6.131720000000000443e-04
3.885000000000000000e+02 6.208350000000000283e-04
3.890000000000000000e+02 1.512979999999999870e-04
3.895000000000000000e+02 1.302421999999999911e-03
3.900000000000000000e+02 0.000000000000000000e+00
3.905000000000000000e+02 0.000000000000000000e+00
3.910000000000000000e+02 0.000000000000000000e+00
3.915000000000000000e+02 4.500150000000000070e-04
3.920000000000000000e+02 4.596409999999999992e-04
3.925000000000000000e+02 2.595019999999999966e-04
3.930000000000000000e+02 6.175360000000000181e-04
3.935000000000000000e+02 0.000000000000000000e+00
3.940000000000000000e+02 6.677020000000000524e-04
3.945000000000000000e+02 1.246730000000000039e-04
3.950000000000000000e+02 0.000000000000000000e+00
3.955000000000000000e+02 5.830909999999999913e-04
3.960000000000000000e+02 0.000000000000000000e+00
3.965000000000000000e+02 1.064460000000000037e-04
3.970000000000000000e+02 1.904359999999999907e-04
3.975000000000000000e+02 3.425769999999999965e-04
3.980000000000000000e+02 0.000000000000000000e+00
3.985000000000000000e+02 0.000000000000000000e+00
3.990000000000000000e+02 0.000000000000000000e+00
3.995000000000000000e+02 1.305947000000000011e-03
4.000000000000000000e+02 1.813275000000000043e-03
4.005000000000000000e+02 0.000000000000000000e+00
4.010000000000000000e+02 5.404020000000000481e-04
4.015000000000000000e+02 0.000000000000000000e+00
4.020000000000000000e+02 0.000000000000000000e+00
4.025000000000000000e+02 0.000000000000000000e+00
4.030000000000000000e+02 0.000000000000000000e+00
4.035000000000000000e+02 1.511790000000000106e-04
4.040000000000000000e+02 0.000000000000000000e+00
4.045000000000000000e+02 4.089999999999999804e-05
4.050000000000000000e+02 0.000000000000000000e+00
4.055000000000000000e+02 9.787520000000000508e-04
4.060000000000000000e+02 8.916399999999999673e-04
4.065000000000000000e+02 0.000000000000000000e+00
4.070000000000000000e+02 0.000000000000000000e+00
4.075000000000000000e+02 1.176958999999999991e-03
4.080000000000000000e+02 0.000000000000000000e+00
4.085000000000000000e+02 0.000000000000000000e+00
4.090000000000000000e+02 8.194530000000000433e-04
4.095000000000000000e+02 1.829373999999999931e-03
4.100000000000000000e+02 0.000000000000000000e+00
4.105000000000000000e+02 4.601529999999999835e-04
4.110000000000000000e+02 0.000000000000000000e+00
4.115000000000000000e+02 1.050605999999999936e-03
4.120000000000000000e+02 0.000000000000000000e+00
4.125000000000000000e+02 1.316621000000000024e-03
4.130000000000000000e+02 1.321237000000000062e-03
4.135000000000000000e+02 8.229310000000000531e-04
4.140000000000000000e+02 0.000000000000000000e+00
4.145000000000000000e+02 3.079770000000000229e-04
4.150000000000000000e+02 4.243149999999999786e-04
4.155000000000000000e+02 0.000000000000000000e+00
4.160000000000000000e+02 7.464799999999999951e-04
4.165000000000000000e+02 0.000000000000000000e+00
4.170000000000000000e+02 2.770310000000000112e-04
4.175000000000000000e+02 1.905372000000000012e-03
4.180000000000000000e+02 1.248568999999999938e-03
4.185000000000000000e+02 3.070510000000000253e-04
4.190000000000000000e+02 0.000000000000000000e+00
4.195000000000000000e+02 0.000000000000000000e+00
4.200000000000000000e+02 0.000000000000000000e+00
4.205000000000000000e+02 1.099347000000000085e-03
4.210000000000000000e+02 1.547168000000000024e-03
4.215000000000000000e+02 0.000000000000000000e+00
4.220000000000000000e+02 4.032479999999999854e-04
4.225000000000000000e+02 7.722210000000000185e-04
4.230000000000000000e+02 5.347639999999999642e-04
4.235000000000000000e+02 2.094639999999999989e-04
4.240000000000000000e+02 0.000000000000000000e+00
4.245000000000000000e+02 0.000000000000000000e+00
4.250000000000000000e+02 4.735359999999999873e-04
4.255000000000000000e+02 0.000000000000000000e+00
4.260000000000000000e+02 1.916436000000000094e-03
4.265000000000000000e+02 1.027630999999999987e-03
4.270000000000000000e+02 2.943439999999999859e-04
4.275000000000000000e+02 8.830000000000000500e-05
4.280000000000000000e+02 6.840579999999999751e-04
4.285000000000000000e+02 1.185829999999999995e-04
4.290000000000000000e+02 0.000000000000000000e+00
4.295000000000000000e+02 8.987490000000000106e-04
4.300000000000000000e+02 0.000000000000000000e+00
4.305000000000000000e+02 0.000000000000000000e+00
4.310000000000000000e+02 7.471389999999999629e-04
4.315000000000000000e+02 7.551460000000000507e-04
4.320000000000000000e+02 0.000000000000000000e+00
4.325000000000000000e+02 7.698800000000000218e-04
4.330000000000000000e+02 6.346529999999999967e-04
4.335000000000000000e+02 6.816599999999999483e-04
4.340000000000000000e+02 0.000000000000000000e+00
4.345000000000000000e+02 0.000000000000000000e+00
4.350000000000000000e+02 1.529930000000000038e-04
4.355000000000000000e+02 5.308189999999999740e-04
4.360000000000000000e+02 0.000000000000000000e+00
4.365000000000000000e+02 0.000000000000000000e+00
4.370000000000000000e+02 1.212469999999999997e-04
4.375000000000000000e+02 0.000000000000000000e+00
4.380000000000000000e+02 8.519019999999999761e-04
4.385000000000000000e+02 5.740639999999999979e-04
4.390000000000000000e+02 0.000000000000000000e+00
4.395000000000000000e+02 0.000000000000000000e+00
4.400000000000000000e+02 2.814650000000000029e-04
4.405000000000000000e+02 2.141119999999999992e-04
4.410000000000000000e+02 5.942239999999999675e-04
4.415000000000000000e+02 0.000000000000000000e+00
4.420000000000000000e+02 7.524520000000000253e-04
4.425000000000000000e+02 1.197355999999999898e-03
4.430000000000000000e+02 0.000000000000000000e+00
4.435000000000000000e+02 5.469249999999999719e-04
4.440000000000000000e+02 4.449999999999999746e-05
4.445000000000000000e+02 4.120519999999999912e-04
4.450000000000000000e+02 6.329589999999999956e-04
4.455000000000000000e+02 1.353690000000000112e-04
4.460000000000000000e+02 1.069162999999999928e-03
4.465000000000000000e+02 0.000000000000000000e+00
4.470000000000000000e+02 1.201313000000000077e-03
4.475000000000000000e+02 0.000000000000000000e+00
4.480000000000000000e+02 1.265185999999999958e-03
4.485000000000000000e+02 3.663669999999999839e-04
4.490000000000000000e+02 0.000000000000000000e+00
4.495000000000000000e+02 8.216669999999999920e-04
4.500000000000000000e+02 3.032259999999999730e-04
4.505000000000000000e+02 8.449999999999999395e-05
4.510000000000000000e+02 6.809879999999999926e-04
4.515000000000000000e+02 1.274299000000000005e-03
4.520000000000000000e+02 1.702499999999999912e-04
4.525000000000000000e+02 3.945010000000000096e-04
4.530000000000000000e+02 1.424270999999999957e-03
4.535000000000000000e+02 3.419999999999999782e-05
4.540000000000000000e+02 2.569380000000000123e-04
4.545000000000000000e+02 0.000000000000000000e+00
4.550000000000000000e+02 0.000000000000000000e+00
4.555000000000000000e+02 0.000000000000000000e+00
4.560000000000000000e+02 0.000000000000000000e+00
4.565000000000000000e+02 5.420000000000000284e-05
4.570000000000000000e+02 0.000000000000000000e+00
4.575000000000000000e+02 1.286566999999999962e-03
4.580000000000000000e+02 0.000000000000000000e+00
4.585000000000000000e+02 1.935085999999999924e-03
4.590000000000000000e+02 8.582429999999999616e-04
4.595000000000000000e+02 0.000000000000000000e+00
4.600000000000000000e+02 1.458209999999999986e-04
4.605000000000000000e+02 0.000000000000000000e+00
4.610000000000000000e+02 3.240839999999999823e-04
4.615000000000000000e+02 3.585390000000000040e-04
4.620000000000000000e+02 0.000000000000000000e+00
4.625000000000000000e+02 2.872659999999999970e-04
4.630000000000000000e+02 6.260000000000000373e-05
4.635000000000000000e+02 2.915659999999999931e-04
4.640000000000000000e+02 0.000000000000000000e+00
4.645000000000000000e+02 0.000000000000000000e+00
4.650000000000000000e+02 0.000000000000000000e+00
4.655000000000000000e+02 1.350709000000000068e-03
4.660000000000000000e+02 0.000000000000000000e+00
4.665000000000000000e+02 0.000000000000000000e+00
4.670000000000000000e+02 0.000000000000000000e+00
4.675000000000000000e+02 3.083219999999999798e-04
4.680000000000000000e+02 0.000000000000000000e+00
4.685000000000000000e+02 1.489999999999999964e-05
4.690000000000000000e+02 3.890699999999999866e-04
4.695000000000000000e+02 7.619099999999999744e-04
4.700000000000000000e+02 0.000000000000000000e+00
4.705000000000000000e+02 0.000000000000000000e+00
4.710000000000000000e+02 0.000000000000000000e+00
4.715000000000000000e+02 3.987749999999999758e-04
4.720000000000000000e+02 0.000000000000000000e+00
4.725000000000000000e+02 1.580234999999999930e-03
4.730000000000000000e+02 0.000000000000000000e+00
4.735000000000000000e+02 3.332979999999999927e-04
4.740000000000000000e+02 5.554219999999999687e-04
4.745000000000000000e+02 0.000000000000000000e+00
4.750000000000000000e+02 1.143242999999999950e-03
4.755000000000000000e+02 6.336410000000000002e-04
4.760000000000000000e+02 0.000000000000000000e+00
4.765000000000000000e+02 0.000000000000000000e+00
4.770000000000000000e+02 2.032950000000000111e-04
4.775000000000000000e+02 1.332689999999999873e-04
4.780000000000000000e+02 2.803179999999999951e-04
4.785000000000000000e+02 0.000000000000000000e+00
4.790000000000000000e+02 0.000000000000000000e+00
4.795000000000000000e+02 1.429179999999999893e-04
4.800000000000000000e+02 1.453349999999999900e-04
4.805000000000000000e+02 0.000000000000000000e+00
4.810000000000000000e+02 0.000000000000000000e+00
4.815000000000000000e+02 1.139159999999999956e-03
4.820000000000000000e+02 1.351900000000000063e-03
4.825000000000000000e+02 0.000000000000000000e+00
4.830000000000000000e+02 0.000000000000000000e+00
4.835000000000000000e+02 7.463739999999999524e-04
4.840000000000000000e+02 1.581312000000000082e-03
4.845000000000000000e+02 6.810000000000000189e-05
4.850000000000000000e+02 0.000000000000000000e+00
4.855000000000000000e+02 0.000000000000000000e+00
4.860000000000000000e+02 1.080000000000000009e-07
4.865000000000000000e+02 9.055480000000000517e-04
4.870000000000000000e+02 0.000000000000000000e+00
4.875000000000000000e+02 5.326639999999999674e-04
4.880000000000000000e+02 0.000000000000000000e+00
4.885000000000000000e+02 0.000000000000000000e+00
4.890000000000000000e+02 0.000000000000000000e+00
4.895000000000000000e+02 1.882882999999999909e-03
4.900000000000000000e+02 4.664550000000000055e-04
4.905000000000000000e+02 7.659290000000000456e-04
4.910000000000000000e+02 0.000000000000000000e+00
4.915000000000000000e+02 1.001759999999999977e-04
4.920000000000000000e+02 1.585037000000000078e-03
4.925000000000000000e+02 6.967839999999999884e-04
4.930000000000000000e+02 0.000000000000000000e+00
4.935000000000000000e+02 4.038040000000000119e-04
4.940000000000000000e+02 0.000000000000000000e+00
4.945000000000000000e+02 3.860000000000000312e-05
4.950000000000000000e+02 6.292859999999999513e-04
4.955000000000000000e+02 1.512494000000000078e-03
4.960000000000000000e+02 0.000000000000000000e+00
4.965000000000000000e+02 0.000000000000000000e+00
4.970000000000000000e+02 1.366639999999999912e-03
4.975000000000000000e+02 0.000000000000000000e+00
4.980000000000000000e+02 1.148256999999999967e-03
4.985000000000000000e+02 1.368063000000000091e-03
4.990000000000000000e+02 7.844939999999999466e-04
4.995000000000000000e+02 5.669419999999999668e-04
5.000000000000000000e+02 2.039660000000000052e-04
5.005000000000000000e+02 1.369500999999999965e-03
5.010000000000000000e+02 0.000000000000000000e+00
5.015000000000000000e+02 1.006987999999999894e-03
5.020000000000000000e+02 1.588149999999999978e-03
5.025000000000000000e+02 1.878022000000000025e-03
5.030000000000000000e+02 8.641179999999999825e-04
5.035000000000000000e+02 3.614628999999999846e-03
5.040000000000000000e+02 2.149660000000000015e-04
5.045000000000000000e+02 8.662080000000000387e-04
5.050000000000000000e+02 9.390969999999999570e-04
5.055000000000000000e+02 2.959666000000000120e-03
5.060000000000000000e+02 2.093554000000000075e-03
5.065000000000000000e+02 2.525701999999999895e-03
5.070000000000000000e+02 1.085421999999999949e-03
5.075000000000000000e+02 1.157856999999999983e-03
5.080000000000000000e+02 1.373810999999999956e-03
5.085000000000000000e+02 1.877034000000000081e-03
5.090000000000000000e+02 8.717319999999999540e-04
5.095000000000000000e+02 9.439300000000000511e-04
5.100000000000000000e+02 2.235262999999999920e-03
5.105000000000000000e+02 2.378724999999999937e-03
5.110000000000000000e+02 1.804629000000000085e-03
5.115000000000000000e+02 2.878938000000000157e-03
5.120000000000000000e+02 3.307743000000000141e-03
5.125000000000000000e+02 5.888700000000000184e-04
5.130000000000000000e+02 2.090801000000000204e-03
5.135000000000000000e+02 2.591363000000000173e-03
5.140000000000000000e+02 2.876763999999999970e-03
5.145000000000000000e+02 1.304877999999999984e-03
5.150000000000000000e+02 1.519205999999999942e-03
5.155000000000000000e+02 2.233034999999999968e-03
5.160000000000000000e+02 1.234031000000000017e-03
5.165000000000000000e+02 2.946040000000000030e-03
5.170000000000000000e+02 3.444895999999999809e-03
5.175000000000000000e+02 2.730852000000000192e-03
5.180000000000000000e+02 2.161380000000000072e-03
5.185000000000000000e+02 2.161138999999999855e-03
5.190000000000000000e+02 2.873145000000000126e-03
5.195000000000000000e+02 1.519935000000000036e-03
5.200000000000000000e+02 3.300773999999999809e-03
5.205000000000000000e+02 3.798605999999999944e-03
5.210000000000000000e+02 2.944847999999999910e-03
5.215000000000000000e+02 4.226884999999999670e-03
5.220000000000000000e+02 1.591399000000000069e-03
5.225000000000000000e+02 3.157927000000000043e-03
5.230000000000000000e+02 2.089793999999999853e-03
5.235000000000000000e+02 3.585024999999999930e-03
5.240000000000000000e+02 3.087304999999999824e-03
5.245000000000000000e+02 4.084444999999999916e-03
5.250000000000000000e+02 3.371919000000000131e-03
5.255000000000000000e+02 4.726794999999999781e-03
5.260000000000000000e+02 3.515072000000000162e-03
5.265000000000000000e+02 4.228014999999999898e-03
5.270000000000000000e+02 5.084065999999999932e-03
5.275000000000000000e+02 3.445527999999999785e-03
5.280000000000000000e+02 4.586838999999999673e-03
5.285000000000000000e+02 5.302496999999999766e-03
5.290000000000000000e+02 8.155693000000000317e-03
5.295000000000000000e+02 5.518153999999999941e-03
5.300000000000000000e+02 7.949885000000000285e-03
5.305000000000000000e+02 7.810296000000000426e-03
5.310000000000000000e+02 8.314350999999999339e-03
5.315000000000000000e+02 1.003549200000000002e-02
5.320000000000000000e+02 1.139992299999999931e-02
5.325000000000000000e+02 1.198238499999999991e-02
5.330000000000000000e+02 1.507183399999999923e-02
5.335000000000000000e+02 1.429834399999999929e-02
5.340000000000000000e+02 1.689247400000000107e-02
5.345000000000000000e+02 2.013935500000000114e-02
5.350000000000000000e+02 2.289828099999999950e-02
5.355000000000000000e+02 2.580497199999999894e-02
5.360000000000000000e+02 2.900769599999999948e-02
5.365000000000000000e+02 3.127711999999999853e-02
5.370000000000000000e+02 3.696069899999999964e-02
5.375000000000000000e+02 4.272678099999999840e-02
5.380000000000000000e+02 4.866541199999999817e-02
5.385000000000000000e+02 5.658625800000000039e-02
5.390000000000000000e+02 6.722472599999999854e-02
5.395000000000000000e+02 7.639376800000000078e-02
5.400000000000000000e+02 8.793672900000000514e-02
5.405000000000000000e+02 1.029106899999999991e-01
5.410000000000000000e+02 1.202580780000000044e-01
5.415000000000000000e+02 1.395578980000000135e-01
5.420000000000000000e+02 1.612032210000000076e-01
5.425000000000000000e+02 1.887819920000000096e-01
5.430000000000000000e+02 2.205018400000000045e-01
5.435000000000000000e+02 2.550377850000000168e-01
5.440000000000000000e+02 2.972052399999999817e-01
5.445000000000000000e+02 3.448523580000000255e-01
5.450000000000000000e+02 4.025248889999999968e-01
5.455000000000000000e+02 4.681996110000000155e-01
5.460000000000000000e+02 5.428873899999999697e-01
5.465000000000000000e+02 6.274979120000000465e-01
5.470000000000000000e+02 7.267189029999999716e-01
5.475000000000000000e+02 8.427007789999999554e-01
5.480000000000000000e+02 9.747279880000000452e-01
5.485000000000000000e+02 1.123070717000000052e+00
5.490000000000000000e+02 1.293524622999999929e+00
5.495000000000000000e+02 1.486313819999999897e+00
5.500000000000000000e+02 1.706304073000000088e+00
5.505000000000000000e+02 1.953624725000000062e+00
5.510000000000000000e+02 2.235859156000000070e+00
5.515000000000000000e+02 2.546650171000000018e+00
5.520000000000000000e+02 2.904413461999999946e+00
5.525000000000000000e+02 3.293370723999999861e+00
5.530000000000000000e+02 3.738025904000000121e+00
5.535000000000000000e+02 4.232913971000000330e+00
5.540000000000000000e+02 4.766122818000000372e+00
5.545000000000000000e+02 5.355459212999999608e+00
5.550000000000000000e+02 6.007618904000000093e+00
5.555000000000000000e+02 6.704731463999999974e+00
5.560000000000000000e+02 7.489642619999999695e+00
5.565000000000000000e+02 8.321007728999999742e+00
5.570000000000000000e+02 9.232580184999999773e+00
5.575000000000000000e+02 1.022378158999999975e+01
5.580000000000000000e+02 1.124153137000000058e+01
5.585000000000000000e+02 1.237074280000000037e+01
5.590000000000000000e+02 1.357418155999999954e+01
5.595000000000000000e+02 1.481252289000000033e+01
5.600000000000000000e+02 1.616525268999999909e+01
5.605000000000000000e+02 1.755830192999999895e+01
5.610000000000000000e+02 1.900156403000000083e+01
5.615000000000000000e+02 2.056314658999999878e+01
5.620000000000000000e+02 2.211615944000000056e+01
5.625000000000000000e+02 2.379972075999999959e+01
5.630000000000000000e+02 2.550657462999999936e+01
5.635000000000000000e+02 2.723831557999999831e+01
5.640000000000000000e+02 2.900615310999999963e+01
5.645000000000000000e+02 3.078898429999999919e+01
5.650000000000000000e+02 3.262343597000000273e+01
5.655000000000000000e+02 3.453185653999999971e+01
5.660000000000000000e+02 3.641630173000000070e+01
5.665000000000000000e+02 3.831930923000000178e+01
5.670000000000000000e+02 4.021298981000000339e+01
5.675000000000000000e+02 4.202117919999999884e+01
5.680000000000000000e+02 4.387369537000000008e+01
5.685000000000000000e+02 4.569128417999999670e+01
5.690000000000000000e+02 4.759418105999999682e+01
5.695000000000000000e+02 4.930135726999999690e+01
5.700000000000000000e+02 5.097922515999999860e+01
5.705000000000000000e+02 5.264988707999999917e+01
5.710000000000000000e+02 5.432490158000000235e+01
5.715000000000000000e+02 5.587856673999999657e+01
5.720000000000000000e+02 5.746903229000000124e+01
5.725000000000000000e+02 5.896470641999999884e+01
5.730000000000000000e+02 6.039918518000000347e+01
5.735000000000000000e+02 6.181441498000000223e+01
5.740000000000000000e+02 6.313598633000000149e+01
5.745000000000000000e+02 6.440007018999999389e+01
5.750000000000000000e+02 6.564186096000000248e+01
5.755000000000000000e+02 6.678702545000000157e+01
5.760000000000000000e+02 6.789602661000000694e+01
5.765000000000000000e+02 6.892990111999999669e+01
5.770000000000000000e+02 6.991790770999999438e+01
5.775000000000000000e+02 7.086507416000000603e+01
5.780000000000000000e+02 7.174619293000000653e+01
5.785000000000000000e+02 7.256185913000000198e+01
5.790000000000000000e+02 7.334972381999999413e+01
5.795000000000000000e+02 7.410203552000000116e+01
5.800000000000000000e+02 7.478157043000000215e+01
5.805000000000000000e+02 7.542503356999999653e+01
5.810000000000000000e+02 7.603323364000000595e+01
5.815000000000000000e+02 7.658138275000000306e+01
5.820000000000000000e+02 7.709326172000000099e+01
5.825000000000000000e+02 7.759177398999999298e+01
5.830000000000000000e+02 7.806031036000000256e+01
5.835000000000000000e+02 7.846118927000000554e+01
5.840000000000000000e+02 7.884142303000000140e+01
5.845000000000000000e+02 7.920645141999999339e+01
5.850000000000000000e+02 7.951274872000000471e+01
5.855000000000000000e+02 7.983106994999999984e+01
5.860000000000000000e+02 8.008254241999999579e+01
5.865000000000000000e+02 8.035255431999999587e+01
5.870000000000000000e+02 8.058981323000000430e+01
5.875000000000000000e+02 8.081713867000000562e+01
5.880000000000000000e+02 8.097647858000000554e+01
5.885000000000000000e+02 8.113143157999999744e+01
5.890000000000000000e+02 8.129089355000000694e+01
5.895000000000000000e+02 8.141145324999999389e+01
5.900000000000000000e+02 8.153478241000000537e+01
5.905000000000000000e+02 8.161820984000000578e+01
5.910000000000000000e+02 8.169754790999999727e+01
5.915000000000000000e+02 8.178852843999999322e+01
5.920000000000000000e+02 8.182134247000000471e+01
5.925000000000000000e+02 8.187162017999999364e+01
5.930000000000000000e+02 8.191542053000000578e+01
5.935000000000000000e+02 8.191873169000000132e+01
5.940000000000000000e+02 8.192611694000000000e+01
5.945000000000000000e+02 8.193069457999999372e+01
5.950000000000000000e+02 8.195018005000000016e+01
5.955000000000000000e+02 8.190583800999999653e+01
5.960000000000000000e+02 8.191987609999999620e+01
5.965000000000000000e+02 8.186969756999999959e+01
5.970000000000000000e+02 8.182957457999999917e+01
5.975000000000000000e+02 8.177098082999999917e+01
5.980000000000000000e+02 8.173604584000000273e+01
5.985000000000000000e+02 8.167653656000000240e+01
5.990000000000000000e+02 8.159781646999999793e+01
5.995000000000000000e+02 8.155031585999999777e+01
6.000000000000000000e+02 8.147905731000000173e+01
6.005000000000000000e+02 8.139785766999999339e+01
6.010000000000000000e+02 8.133335875999999587e+01
6.015000000000000000e+02 8.122969817999999975e+01
6.020000000000000000e+02 8.114715576000000397e+01
6.025000000000000000e+02 8.102639770999999769e+01
6.030000000000000000e+02 8.092240906000000678e+01
6.035000000000000000e+02 8.083629607999999678e+01
6.040000000000000000e+02 8.074497986000000083e+01
6.045000000000000000e+02 8.061192321999999422e+01
6.050000000000000000e+02 8.049958037999999760e+01
6.055000000000000000e+02 8.038227843999999322e+01
6.060000000000000000e+02 8.025907134999999926e+01
6.065000000000000000e+02 8.014071654999999339e+01
6.070000000000000000e+02 7.999421691999999950e+01
6.075000000000000000e+02 7.985900116000000537e+01
6.080000000000000000e+02 7.975567626999999504e+01
6.085000000000000000e+02 7.959643554999999537e+01
6.090000000000000000e+02 7.946527863000000025e+01
6.095000000000000000e+02 7.932770537999999760e+01
6.100000000000000000e+02 7.917319489000000488e+01
6.105000000000000000e+02 7.902487182999999504e+01
6.110000000000000000e+02 7.888967132999999876e+01
6.115000000000000000e+02 7.873600768999999389e+01
6.120000000000000000e+02 7.857640075999999851e+01
6.125000000000000000e+02 7.839499664000000223e+01
6.130000000000000000e+02 7.824050139999999942e+01
6.135000000000000000e+02 7.809128570999999397e+01
6.140000000000000000e+02 7.792937469000000306e+01
6.145000000000000000e+02 7.777402496000000554e+01
6.150000000000000000e+02 7.759609222000000273e+01
6.155000000000000000e+02 7.742574310000000537e+01
6.160000000000000000e+02 7.726163483000000554e+01
6.165000000000000000e+02 7.707751464999999769e+01
6.170000000000000000e+02 7.690136719000000198e+01
6.175000000000000000e+02 7.672474669999999719e+01
6.180000000000000000e+02 7.654134369000000504e+01
6.185000000000000000e+02 7.635106659000000207e+01
6.190000000000000000e+02 7.617784881999999413e+01
6.195000000000000000e+02 7.600981903000000273e+01
6.200000000000000000e+02 7.579759979000000669e+01
6.205000000000000000e+02 7.560574341000000231e+01
6.210000000000000000e+02 7.541682434000000512e+01
6.215000000000000000e+02 7.522268676999999570e+01
6.220000000000000000e+02 7.501544189000000529e+01
6.225000000000000000e+02 7.485047149999999760e+01
6.230000000000000000e+02 7.464862060999999471e+01
6.235000000000000000e+02 7.445414734000000578e+01
6.240000000000000000e+02 7.423802184999999554e+01
6.245000000000000000e+02 7.404531860000000165e+01
6.250000000000000000e+02 7.383980560000000537e+01
6.255000000000000000e+02 7.362985992000000124e+01
6.260000000000000000e+02 7.341822815000000446e+01
6.265000000000000000e+02 7.321456908999999769e+01
6.270000000000000000e+02 7.302371216000000231e+01
6.275000000000000000e+02 7.281240081999999347e+01
6.280000000000000000e+02 7.260812377999999967e+01
6.285000000000000000e+02 7.237607574000000454e+01
6.290000000000000000e+02 7.216812133999999901e+01
6.295000000000000000e+02 7.195013428000000033e+01
6.300000000000000000e+02 7.174119568000000413e+01
6.305000000000000000e+02 7.151904297000000099e+01
6.310000000000000000e+02 7.129589844000000198e+01
6.315000000000000000e+02 7.107944489000000488e+01
6.320000000000000000e+02 7.085635376000000463e+01
6.325000000000000000e+02 7.064455413999999678e+01
6.330000000000000000e+02 7.042154693999999893e+01
6.335000000000000000e+02 7.020052338000000702e+01
6.340000000000000000e+02 6.997299956999999893e+01
6.345000000000000000e+02 6.977053069999999479e+01
6.350000000000000000e+02 6.952943419999999719e+01
6.355000000000000000e+02 6.932110595999999703e+01
6.360000000000000000e+02 6.908799743999999521e+01
6.365000000000000000e+02 6.886618805000000521e+01
6.370000000000000000e+02 6.864337157999999306e+01
6.375000000000000000e+02 6.840780639999999835e+01
6.380000000000000000e+02 6.818025969999999347e+01
6.385000000000000000e+02 6.795687866000000099e+01
6.390000000000000000e+02 6.771125793000000215e+01
6.395000000000000000e+02 6.748309326000000397e+01
6.400000000000000000e+02 6.726707457999999917e+01
6.405000000000000000e+02 6.702268981999999653e+01
6.410000000000000000e+02 6.679827880999999934e+01
6.415000000000000000e+02 6.656192780000000653e+01
6.420000000000000000e+02 6.634375762999999893e+01
6.425000000000000000e+02 6.611487578999999926e+01
6.430000000000000000e+02 6.586396027000000686e+01
6.435000000000000000e+02 6.563545227000000182e+01
6.440000000000000000e+02 6.540797424000000149e+01
6.445000000000000000e+02 6.516425322999999992e+01
6.450000000000000000e+02 6.492672729000000231e+01
6.455000000000000000e+02 6.468294525000000306e+01
6.460000000000000000e+02 6.444278717000000256e+01
6.465000000000000000e+02 6.421096038999999678e+01
6.470000000000000000e+02 6.396414565999999979e+01
6.475000000000000000e+02 6.372301102000000128e+01
6.480000000000000000e+02 6.348202896000000095e+01
6.485000000000000000e+02 6.323881912000000227e+01
6.490000000000000000e+02 6.299859237999999806e+01
6.495000000000000000e+02 6.277210235999999810e+01
6.500000000000000000e+02 6.250484466999999711e+01
6.505000000000000000e+02 6.226861571999999967e+01
6.510000000000000000e+02 6.203138733000000116e+01
6.515000000000000000e+02 6.178503798999999930e+01
6.520000000000000000e+02 6.155244826999999930e+01
6.525000000000000000e+02 6.127646637000000140e+01
6.530000000000000000e+02 6.104286957000000058e+01
6.535000000000000000e+02 6.081013106999999707e+01
6.540000000000000000e+02 6.056146621999999979e+01
6.545000000000000000e+02 6.033418274000000281e+01
6.550000000000000000e+02 6.007561110999999698e+01
6.555000000000000000e+02 5.982032394000000153e+01
6.560000000000000000e+02 5.957906722999999971e+01
6.565000000000000000e+02 5.934456635000000091e+01
6.570000000000000000e+02 5.911544417999999723e+01
6.575000000000000000e+02 5.887825394000000045e+01
6.580000000000000000e+02 5.861563873000000058e+01
6.585000000000000000e+02 5.838384628000000021e+01
6.590000000000000000e+02 5.812862395999999876e+01
6.595000000000000000e+02 5.789193344000000252e+01
6.600000000000000000e+02 5.764058304000000277e+01
6.605000000000000000e+02 5.738600921999999827e+01
6.610000000000000000e+02 5.715373610999999698e+01
6.615000000000000000e+02 5.688845062000000041e+01
6.620000000000000000e+02 5.663613509999999707e+01
6.625000000000000000e+02 5.638449097000000165e+01
6.630000000000000000e+02 5.613951111000000083e+01
6.635000000000000000e+02 5.590575789999999756e+01
6.640000000000000000e+02 5.564930343999999707e+01
6.645000000000000000e+02 5.540507507000000231e+01
6.650000000000000000e+02 5.515139770999999769e+01
6.655000000000000000e+02 5.490316010000000091e+01
6.660000000000000000e+02 5.465501403999999752e+01
6.665000000000000000e+02 5.440632248000000004e+01
6.670000000000000000e+02 5.415691756999999740e+01
6.675000000000000000e+02 5.388895415999999727e+01
6.680000000000000000e+02 5.365568924000000095e+01
6.685000000000000000e+02 5.341349791999999752e+01
6.690000000000000000e+02 5.315185164999999756e+01
6.695000000000000000e+02 5.291036986999999669e+01
6.700000000000000000e+02 5.263829041000000331e+01
6.705000000000000000e+02 5.241033553999999839e+01
6.710000000000000000e+02 5.214332198999999690e+01
6.715000000000000000e+02 5.187356949000000128e+01
6.720000000000000000e+02 5.163314437999999740e+01
6.725000000000000000e+02 5.136862946000000107e+01
6.730000000000000000e+02 5.112384414999999649e+01
6.735000000000000000e+02 5.085406494000000066e+01
6.740000000000000000e+02 5.058325958000000355e+01
6.745000000000000000e+02 5.032997130999999769e+01
6.750000000000000000e+02 5.007619094999999731e+01
6.755000000000000000e+02 4.980160141000000351e+01
6.760000000000000000e+02 4.954104613999999884e+01
6.765000000000000000e+02 4.927126693999999674e+01
6.770000000000000000e+02 4.900761031999999773e+01
6.775000000000000000e+02 4.873376083000000136e+01
6.780000000000000000e+02 4.846328353999999905e+01
6.785000000000000000e+02 4.821964644999999905e+01
6.790000000000000000e+02 4.793523406999999992e+01
6.795000000000000000e+02 4.766994858000000335e+01
6.800000000000000000e+02 4.738457489000000322e+01
6.805000000000000000e+02 4.711907578000000285e+01
6.810000000000000000e+02 4.683489990000000347e+01
6.815000000000000000e+02 4.657181168000000326e+01
6.820000000000000000e+02 4.629235839999999769e+01
6.825000000000000000e+02 4.602395247999999839e+01
6.830000000000000000e+02 4.575318908999999934e+01
6.835000000000000000e+02 4.546068953999999707e+01
6.840000000000000000e+02 4.520233535999999930e+01
6.845000000000000000e+02 4.491598128999999773e+01
6.850000000000000000e+02 4.463775634999999653e+01
6.855000000000000000e+02 4.436752701000000343e+01
6.860000000000000000e+02 4.409214783000000182e+01
6.865000000000000000e+02 4.382623671999999715e+01
6.870000000000000000e+02 4.355319595000000277e+01
6.875000000000000000e+02 4.327306747000000087e+01
6.880000000000000000e+02 4.300679779000000025e+01
6.885000000000000000e+02 4.273532104000000231e+01
6.890000000000000000e+02 4.245966339000000289e+01
6.895000000000000000e+02 4.219232178000000033e+01
6.900000000000000000e+02 4.192084121999999979e+01
6.905000000000000000e+02 4.164644623000000223e+01
6.910000000000000000e+02 4.137291335999999831e+01
6.915000000000000000e+02 4.109415817000000004e+01
6.920000000000000000e+02 4.082403946000000161e+01
6.925000000000000000e+02 4.055739212000000293e+01
6.930000000000000000e+02 4.027168654999999831e+01
6.935000000000000000e+02 4.001154709000000054e+01
6.940000000000000000e+02 3.973058318999999727e+01
6.945000000000000000e+02 3.947066115999999880e+01
6.950000000000000000e+02 3.919721985000000331e+01
6.955000000000000000e+02 3.892364502000000215e+01
6.960000000000000000e+02 3.866024398999999789e+01
6.965000000000000000e+02 3.839216995000000310e+01
6.970000000000000000e+02 3.811877441000000033e+01
6.975000000000000000e+02 3.786681747000000087e+01
6.980000000000000000e+02 3.759333420000000103e+01
6.985000000000000000e+02 3.732818603999999851e+01
6.990000000000000000e+02 3.707518767999999909e+01
6.995000000000000000e+02 3.680360793999999913e+01
7.000000000000000000e+02 3.655055236999999835e+01
7.005000000000000000e+02 3.628239058999999855e+01
7.010000000000000000e+02 3.602098465000000260e+01
7.015000000000000000e+02 3.577380752999999913e+01
7.020000000000000000e+02 3.550396347000000219e+01
7.025000000000000000e+02 3.525049210000000244e+01
7.030000000000000000e+02 3.498455428999999839e+01
7.035000000000000000e+02 3.473387146000000314e+01
7.040000000000000000e+02 3.447249603000000207e+01
7.045000000000000000e+02 3.422634505999999988e+01
7.050000000000000000e+02 3.395766067999999649e+01
7.055000000000000000e+02 3.371575928000000033e+01
7.060000000000000000e+02 3.344722365999999880e+01
7.065000000000000000e+02 3.320860671999999880e+01
7.070000000000000000e+02 3.295179748999999703e+01
7.075000000000000000e+02 3.270674132999999983e+01
7.080000000000000000e+02 3.245484924000000149e+01
7.085000000000000000e+02 3.221118926999999843e+01
7.090000000000000000e+02 3.195403480999999957e+01
7.095000000000000000e+02 3.171827507000000068e+01
7.100000000000000000e+02 3.147098350999999994e+01
7.105000000000000000e+02 3.123464965999999876e+01
7.110000000000000000e+02 3.099447822999999858e+01
7.115000000000000000e+02 3.074180412000000118e+01
7.120000000000000000e+02 3.050188637000000114e+01
7.125000000000000000e+02 3.026708411999999981e+01
7.130000000000000000e+02 3.001971625999999915e+01
7.135000000000000000e+02 2.979561042999999998e+01
7.140000000000000000e+02 2.955106543999999857e+01
7.145000000000000000e+02 2.930206298999999959e+01
7.150000000000000000e+02 2.907637596000000002e+01
7.155000000000000000e+02 2.883877182000000161e+01
7.160000000000000000e+02 2.861512566000000035e+01
7.165000000000000000e+02 2.836635779999999940e+01
7.170000000000000000e+02 2.813087081999999839e+01
7.175000000000000000e+02 2.791544533000000072e+01
7.180000000000000000e+02 2.769100380000000072e+01
7.185000000000000000e+02 2.745341300999999845e+01
7.190000000000000000e+02 2.722860336000000103e+01
7.195000000000000000e+02 2.699889183000000159e+01
7.200000000000000000e+02 2.678689574999999934e+01
7.205000000000000000e+02 2.655051994000000093e+01
7.210000000000000000e+02 2.633017540000000167e+01
7.215000000000000000e+02 2.611871719000000169e+01
7.220000000000000000e+02 2.589850425999999928e+01
7.225000000000000000e+02 2.567448235000000167e+01
7.230000000000000000e+02 2.546568488999999857e+01
7.235000000000000000e+02 2.523441696000000078e+01
7.240000000000000000e+02 2.502902985000000058e+01
7.245000000000000000e+02 2.481295013000000083e+01
7.250000000000000000e+02 2.459818648999999979e+01
7.255000000000000000e+02 2.438427353000000153e+01
7.260000000000000000e+02 2.416856766000000079e+01
7.265000000000000000e+02 2.395843886999999839e+01
7.270000000000000000e+02 2.374605370000000093e+01
7.275000000000000000e+02 2.352911186000000043e+01
7.280000000000000000e+02 2.333279227999999961e+01
7.285000000000000000e+02 2.312833595000000031e+01
7.290000000000000000e+02 2.290930747999999895e+01
7.295000000000000000e+02 2.271165085000000161e+01
7.300000000000000000e+02 2.251129531999999855e+01
7.305000000000000000e+02 2.230462646000000149e+01
7.310000000000000000e+02 2.211213302999999897e+01
7.315000000000000000e+02 2.189938353999999876e+01
7.320000000000000000e+02 2.170727730000000122e+01
7.325000000000000000e+02 2.150807570999999996e+01
7.330000000000000000e+02 2.131085587000000103e+01
7.335000000000000000e+02 2.111586379999999963e+01
7.340000000000000000e+02 2.091628456000000114e+01
7.345000000000000000e+02 2.072376251000000025e+01
7.350000000000000000e+02 2.053005981000000091e+01
7.355000000000000000e+02 2.033134460000000132e+01
7.360000000000000000e+02 2.014351462999999853e+01
7.365000000000000000e+02 1.995856476000000157e+01
7.370000000000000000e+02 1.975452805000000112e+01
7.375000000000000000e+02 1.957912826999999822e+01
7.380000000000000000e+02 1.938879775999999922e+01
7.385000000000000000e+02 1.918796349000000134e+01
7.390000000000000000e+02 1.900649260999999868e+01
7.395000000000000000e+02 1.883092308000000159e+01
7.400000000000000000e+02 1.863807296999999963e+01
7.405000000000000000e+02 1.845500373999999866e+01
7.410000000000000000e+02 1.828031157999999934e+01
7.415000000000000000e+02 1.810042952999999954e+01
7.420000000000000000e+02 1.790969467000000037e+01
7.425000000000000000e+02 1.773814201000000068e+01
7.430000000000000000e+02 1.756616019999999878e+01
7.435000000000000000e+02 1.738727760000000089e+01
7.440000000000000000e+02 1.721018219000000116e+01
7.445000000000000000e+02 1.703827285999999930e+01
7.450000000000000000e+02 1.687119674999999930e+01
7.455000000000000000e+02 1.669521332000000058e+01
7.460000000000000000e+02 1.652858924999999957e+01
7.465000000000000000e+02 1.635443687000000068e+01
7.470000000000000000e+02 1.618872833000000000e+01
7.475000000000000000e+02 1.601377486999999888e+01
7.480000000000000000e+02 1.584822654999999969e+01
7.485000000000000000e+02 1.568203830999999937e+01
7.490000000000000000e+02 1.551856231999999913e+01
7.495000000000000000e+02 1.535926437000000000e+01
7.500000000000000000e+02 1.519183540000000043e+01
7.505000000000000000e+02 1.503066158000000030e+01
7.510000000000000000e+02 1.487565898999999980e+01
7.515000000000000000e+02 1.471155929999999934e+01
7.520000000000000000e+02 1.455235481000000064e+01
7.525000000000000000e+02 1.439338779000000024e+01
7.530000000000000000e+02 1.423876285999999958e+01
7.535000000000000000e+02 1.408002566999999949e+01
7.540000000000000000e+02 1.393303870999999994e+01
7.545000000000000000e+02 1.377893828999999926e+01
7.550000000000000000e+02 1.362880516000000064e+01
7.555000000000000000e+02 1.347558689000000065e+01
7.560000000000000000e+02 1.332648086999999926e+01
7.565000000000000000e+02 1.317826080000000033e+01
7.570000000000000000e+02 1.303202057000000025e+01
7.575000000000000000e+02 1.288507843000000008e+01
7.580000000000000000e+02 1.273612499000000042e+01
7.585000000000000000e+02 1.259676170000000006e+01
7.590000000000000000e+02 1.245641041000000016e+01
7.595000000000000000e+02 1.231053638000000028e+01
7.600000000000000000e+02 1.216876221000000058e+01
7.605000000000000000e+02 1.202668094999999937e+01
7.610000000000000000e+02 1.188848495000000050e+01
7.615000000000000000e+02 1.175001907000000045e+01
7.620000000000000000e+02 1.161260796000000006e+01
7.625000000000000000e+02 1.147474384000000036e+01
7.630000000000000000e+02 1.134821129000000006e+01
7.635000000000000000e+02 1.120703125000000000e+01
7.640000000000000000e+02 1.107942962999999992e+01
7.645000000000000000e+02 1.095037555999999945e+01
7.650000000000000000e+02 1.081669521000000067e+01
7.655000000000000000e+02 1.069190024999999977e+01
7.660000000000000000e+02 1.056355761999999920e+01
7.665000000000000000e+02 1.043565272999999927e+01
7.670000000000000000e+02 1.031607437000000083e+01
7.675000000000000000e+02 1.019219207999999988e+01
7.680000000000000000e+02 1.007327270999999946e+01
7.685000000000000000e+02 9.949238776999999700e+00
7.690000000000000000e+02 9.822717666999999153e+00
7.695000000000000000e+02 9.703978538999999515e+00
7.700000000000000000e+02 9.586526871000000227e+00
7.705000000000000000e+02 9.461214066000000145e+00
7.710000000000000000e+02 9.352499961999999556e+00
7.715000000000000000e+02 9.235590934999999391e+00
7.720000000000000000e+02 9.121102332999999618e+00
7.725000000000000000e+02 9.011832237000000134e+00
7.730000000000000000e+02 8.896583556999999587e+00
7.735000000000000000e+02 8.788534163999999649e+00
7.740000000000000000e+02 8.673642158999999907e+00
7.745000000000000000e+02 8.566232681000000682e+00
7.750000000000000000e+02 8.463427543999999969e+00
7.755000000000000000e+02 8.351226806999999752e+00
7.760000000000000000e+02 8.246926308000000816e+00
7.765000000000000000e+02 8.139374733000000361e+00
7.770000000000000000e+02 8.033233643000000868e+00
7.775000000000000000e+02 7.931352614999999773e+00
7.780000000000000000e+02 7.830749989000000078e+00
7.785000000000000000e+02 7.732587337000000005e+00
7.790000000000000000e+02 7.632407664999999675e+00
7.795000000000000000e+02 7.535172462000000237e+00
7.800000000000000000e+02 7.432169436999999768e+00
7.805000000000000000e+02 7.332922458999999726e+00
7.810000000000000000e+02 7.241755009000000243e+00
7.815000000000000000e+02 7.149074077999999943e+00
7.820000000000000000e+02 7.051271915000000057e+00
7.825000000000000000e+02 6.964152335999999721e+00
7.830000000000000000e+02 6.872023581999999742e+00
7.835000000000000000e+02 6.777278899999999773e+00
7.840000000000000000e+02 6.685559272999999969e+00
7.845000000000000000e+02 6.599505424000000176e+00
7.850000000000000000e+02 6.509381293999999762e+00
7.855000000000000000e+02 6.423067093000000227e+00
7.860000000000000000e+02 6.340753077999999654e+00
7.865000000000000000e+02 6.250708580000000403e+00
7.870000000000000000e+02 6.172382832000000263e+00
7.875000000000000000e+02 6.089629650000000005e+00
7.880000000000000000e+02 6.006325245000000201e+00
7.885000000000000000e+02 5.928802489999999814e+00
7.890000000000000000e+02 5.844631194999999835e+00
7.895000000000000000e+02 5.763308525000000238e+00
7.900000000000000000e+02 5.686319350999999855e+00
7.905000000000000000e+02 5.607940196999999571e+00
7.910000000000000000e+02 5.529330253999999556e+00
7.915000000000000000e+02 5.459243297999999633e+00
7.920000000000000000e+02 5.381349087000000253e+00
7.925000000000000000e+02 5.303369521999999670e+00
7.930000000000000000e+02 5.229145049999999628e+00
7.935000000000000000e+02 5.157799720999999948e+00
7.940000000000000000e+02 5.085306167999999793e+00
7.945000000000000000e+02 5.017571449000000072e+00
7.950000000000000000e+02 4.949592589999999959e+00
7.955000000000000000e+02 4.879747867999999933e+00
7.960000000000000000e+02 4.810995101999999690e+00
7.965000000000000000e+02 4.746290683999999871e+00
7.970000000000000000e+02 4.676230430999999577e+00
7.975000000000000000e+02 4.610304356000000325e+00
7.980000000000000000e+02 4.544116019999999700e+00
7.985000000000000000e+02 4.480400561999999809e+00
7.990000000000000000e+02 4.415102481999999995e+00
7.995000000000000000e+02 4.350715160000000026e+00
8.000000000000000000e+02 4.289328574999999866e+00
8.005000000000000000e+02 4.230490207999999974e+00
8.010000000000000000e+02 4.166172980999999886e+00
8.015000000000000000e+02 4.109174251999999861e+00
8.020000000000000000e+02 4.048723697999999871e+00
8.025000000000000000e+02 3.992783546000000072e+00
8.030000000000000000e+02 3.931582688999999853e+00
8.035000000000000000e+02 3.876045704000000036e+00
8.040000000000000000e+02 3.819405555999999979e+00
8.045000000000000000e+02 3.765206813999999902e+00
8.050000000000000000e+02 3.707906245999999850e+00
8.055000000000000000e+02 3.652459860000000003e+00
8.060000000000000000e+02 3.601291655999999897e+00
8.065000000000000000e+02 3.546339750000000013e+00
8.070000000000000000e+02 3.494179726000000041e+00
8.075000000000000000e+02 3.447843789999999853e+00
8.080000000000000000e+02 3.394706248999999953e+00
8.085000000000000000e+02 3.344003201000000036e+00
8.090000000000000000e+02 3.294178962999999793e+00
8.095000000000000000e+02 3.246832609000000147e+00
8.100000000000000000e+02 3.199449539000000176e+00
8.105000000000000000e+02 3.149567604000000021e+00
8.110000000000000000e+02 3.101713181000000041e+00
8.115000000000000000e+02 3.056938648000000036e+00
8.120000000000000000e+02 3.010130166999999801e+00
8.125000000000000000e+02 2.962970494999999982e+00
8.130000000000000000e+02 2.921712159999999781e+00
8.135000000000000000e+02 2.879766941000000191e+00
8.140000000000000000e+02 2.836801052000000212e+00
8.145000000000000000e+02 2.786447047999999871e+00
8.150000000000000000e+02 2.750311136000000101e+00
8.155000000000000000e+02 2.703981399999999979e+00
8.160000000000000000e+02 2.662563561999999884e+00
8.165000000000000000e+02 2.629677296000000108e+00
8.170000000000000000e+02 2.586022853999999871e+00
8.175000000000000000e+02 2.550011395999999930e+00
8.180000000000000000e+02 2.505060196000000072e+00
8.185000000000000000e+02 2.469896078000000106e+00
8.190000000000000000e+02 2.429315089999999788e+00
8.195000000000000000e+02 2.392809391000000119e+00
8.200000000000000000e+02 2.355578661000000018e+00
8.205000000000000000e+02 2.318269252999999974e+00
8.210000000000000000e+02 2.285440921999999819e+00
8.215000000000000000e+02 2.247499703999999987e+00
8.220000000000000000e+02 2.209285020999999904e+00
8.225000000000000000e+02 2.178607941000000103e+00
8.230000000000000000e+02 2.144993544000000085e+00
8.235000000000000000e+02 2.111610413000000186e+00
8.240000000000000000e+02 2.078814267999999910e+00
8.245000000000000000e+02 2.042631625999999923e+00
8.250000000000000000e+02 2.013331174999999806e+00
8.255000000000000000e+02 1.978608369999999894e+00
8.260000000000000000e+02 1.951212286999999934e+00
8.265000000000000000e+02 1.916946291999999996e+00
8.270000000000000000e+02 1.888120532000000074e+00
8.275000000000000000e+02 1.857931376000000023e+00
8.280000000000000000e+02 1.828208923000000041e+00
8.285000000000000000e+02 1.801895738000000025e+00
8.290000000000000000e+02 1.775238872000000079e+00
8.295000000000000000e+02 1.744044541999999920e+00
8.300000000000000000e+02 1.714938282999999952e+00
8.305000000000000000e+02 1.687207579999999929e+00
8.310000000000000000e+02 1.662393092999999933e+00
8.315000000000000000e+02 1.634745479000000001e+00
8.320000000000000000e+02 1.613011956000000025e+00
8.325000000000000000e+02 1.586666345999999894e+00
8.330000000000000000e+02 1.556395291999999930e+00
8.335000000000000000e+02 1.531827210999999966e+00
8.340000000000000000e+02 1.506220459999999983e+00
8.345000000000000000e+02 1.483574748000000110e+00
8.350000000000000000e+02 1.459298849000000065e+00
8.355000000000000000e+02 1.436257482000000030e+00
8.360000000000000000e+02 1.416508078999999976e+00
8.365000000000000000e+02 1.391795992999999898e+00
8.370000000000000000e+02 1.368565440000000022e+00
8.375000000000000000e+02 1.344434499999999977e+00
8.380000000000000000e+02 1.323938011999999942e+00
8.385000000000000000e+02 1.299987315999999948e+00
8.390000000000000000e+02 1.280770779000000026e+00
8.395000000000000000e+02 1.262108564000000044e+00
8.400000000000000000e+02 1.235815644000000102e+00
8.405000000000000000e+02 1.219933987000000108e+00
8.410000000000000000e+02 1.197542309999999999e+00
8.415000000000000000e+02 1.175792335999999993e+00
8.420000000000000000e+02 1.162037849000000067e+00
8.425000000000000000e+02 1.141161322999999950e+00
8.430000000000000000e+02 1.119348167999999921e+00
8.435000000000000000e+02 1.105527281999999945e+00
8.440000000000000000e+02 1.087891935999999893e+00
8.445000000000000000e+02 1.066802859000000048e+00
8.450000000000000000e+02 1.049699544999999956e+00
8.455000000000000000e+02 1.034307480000000057e+00
8.460000000000000000e+02 1.016782880000000056e+00
8.465000000000000000e+02 1.000983952999999982e+00
8.470000000000000000e+02 9.761877060000000439e-01
8.475000000000000000e+02 9.593698980000000542e-01
8.480000000000000000e+02 9.475832579999999838e-01
8.485000000000000000e+02 9.311311839999999451e-01
8.490000000000000000e+02 9.152170419999999806e-01
8.495000000000000000e+02 8.988568780000000258e-01
8.500000000000000000e+02 8.863928909999999606e-01
8.505000000000000000e+02 8.712801340000000394e-01
8.510000000000000000e+02 8.579727409999999832e-01
8.515000000000000000e+02 8.435222510000000007e-01
8.520000000000000000e+02 8.263003829999999716e-01
8.525000000000000000e+02 8.163599369999999800e-01
8.530000000000000000e+02 8.044843670000000335e-01
8.535000000000000000e+02 7.890940910000000530e-01
8.540000000000000000e+02 7.720817920000000445e-01
8.545000000000000000e+02 7.568216319999999664e-01
8.550000000000000000e+02 7.509754299999999994e-01
8.555000000000000000e+02 7.295205000000000162e-01
8.560000000000000000e+02 7.267273659999999857e-01
8.565000000000000000e+02 7.120105620000000135e-01
8.570000000000000000e+02 6.958646179999999903e-01
8.575000000000000000e+02 6.918607949999999729e-01
8.580000000000000000e+02 6.741930839999999980e-01
8.585000000000000000e+02 6.661920550000000052e-01
8.590000000000000000e+02 6.485239860000000522e-01
8.595000000000000000e+02 6.338195210000000523e-01
8.600000000000000000e+02 6.336212159999999871e-01
8.605000000000000000e+02 6.223835949999999562e-01
8.610000000000000000e+02 6.073610189999999465e-01
8.615000000000000000e+02 5.938536530000000369e-01
8.620000000000000000e+02 5.909467339999999735e-01
8.625000000000000000e+02 5.801635979999999471e-01
8.630000000000000000e+02 5.700138809999999445e-01
8.635000000000000000e+02 5.543678399999999451e-01
8.640000000000000000e+02 5.446312429999999871e-01
8.645000000000000000e+02 5.324445960000000477e-01
8.650000000000000000e+02 5.290101170000000019e-01
8.655000000000000000e+02 5.150647160000000335e-01
8.660000000000000000e+02 5.095663670000000200e-01
8.665000000000000000e+02 4.971029759999999742e-01
8.670000000000000000e+02 4.959610400000000197e-01
8.675000000000000000e+02 4.892291429999999774e-01
8.680000000000000000e+02 4.798713920000000077e-01
8.685000000000000000e+02 4.739024339999999835e-01
8.690000000000000000e+02 4.625826180000000010e-01
8.695000000000000000e+02 4.518741370000000090e-01
8.700000000000000000e+02 4.477330150000000120e-01
8.705000000000000000e+02 4.435626269999999871e-01
8.710000000000000000e+02 4.232821170000000133e-01
8.715000000000000000e+02 4.249914590000000159e-01
8.720000000000000000e+02 4.133924840000000045e-01
8.725000000000000000e+02 4.160147610000000107e-01
8.730000000000000000e+02 3.977964520000000226e-01
8.735000000000000000e+02 3.950454299999999752e-01
8.740000000000000000e+02 3.915689290000000100e-01
8.745000000000000000e+02 3.865366279999999932e-01
8.750000000000000000e+02 3.685198720000000261e-01
8.755000000000000000e+02 3.651839199999999952e-01
8.760000000000000000e+02 3.562766310000000103e-01
8.765000000000000000e+02 3.616964819999999858e-01
8.770000000000000000e+02 3.551258150000000113e-01
8.775000000000000000e+02 3.384900690000000045e-01
8.780000000000000000e+02 3.380012210000000183e-01
8.785000000000000000e+02 3.349785209999999736e-01
8.790000000000000000e+02 3.270641570000000220e-01
8.795000000000000000e+02 3.170476560000000110e-01
8.800000000000000000e+02 3.220356699999999961e-01
8.805000000000000000e+02 3.064986470000000129e-01
8.810000000000000000e+02 2.974352239999999981e-01
8.815000000000000000e+02 2.948941889999999733e-01
8.820000000000000000e+02 2.914787830000000191e-01
8.825000000000000000e+02 2.800982890000000003e-01
8.830000000000000000e+02 2.920403180000000209e-01
8.835000000000000000e+02 2.853001359999999820e-01
8.840000000000000000e+02 2.627767320000000129e-01
8.845000000000000000e+02 2.608743609999999991e-01
8.850000000000000000e+02 2.685658340000000033e-01
8.855000000000000000e+02 2.650375660000000022e-01
8.860000000000000000e+02 2.446825360000000060e-01
8.865000000000000000e+02 2.533722520000000200e-01
8.870000000000000000e+02 2.485973979999999972e-01
8.875000000000000000e+02 2.358582620000000130e-01
8.880000000000000000e+02 2.361846860000000048e-01
8.885000000000000000e+02 2.263701260000000048e-01
8.890000000000000000e+02 2.266878039999999928e-01
8.895000000000000000e+02 2.251940970000000097e-01
8.900000000000000000e+02 2.214511190000000018e-01
8.905000000000000000e+02 2.193372700000000008e-01
8.910000000000000000e+02 2.124912290000000037e-01
8.915000000000000000e+02 2.119948570000000088e-01
8.920000000000000000e+02 2.069977080000000025e-01
8.925000000000000000e+02 1.932105269999999930e-01
8.930000000000000000e+02 1.935163589999999989e-01
8.935000000000000000e+02 1.859541680000000030e-01
8.940000000000000000e+02 1.946269870000000013e-01
8.945000000000000000e+02 1.878595799999999982e-01
8.950000000000000000e+02 1.870387049999999995e-01
8.955000000000000000e+02 1.813640890000000061e-01
8.960000000000000000e+02 1.730047909999999911e-01
8.965000000000000000e+02 1.877586990000000011e-01
8.970000000000000000e+02 1.730959709999999874e-01
8.975000000000000000e+02 1.676173659999999899e-01
8.980000000000000000e+02 1.581447420000000048e-01
8.985000000000000000e+02 1.622492819999999947e-01
8.990000000000000000e+02 1.664446739999999869e-01
8.995000000000000000e+02 1.498004199999999897e-01
9.000000000000000000e+02 1.503362510000000041e-01
9.005000000000000000e+02 1.461742520000000045e-01
9.010000000000000000e+02 1.412577630000000084e-01
9.015000000000000000e+02 1.403039690000000006e-01
9.020000000000000000e+02 1.357970239999999884e-01
9.025000000000000000e+02 1.359680000000000055e-01
9.030000000000000000e+02 1.359816339999999901e-01
9.035000000000000000e+02 1.290114820000000107e-01
9.040000000000000000e+02 1.260940279999999969e-01
9.045000000000000000e+02 1.274410039999999966e-01
9.050000000000000000e+02 1.189726289999999964e-01
9.055000000000000000e+02 1.182698979999999983e-01
9.060000000000000000e+02 1.197324619999999978e-01
9.065000000000000000e+02 1.209979280000000046e-01
9.070000000000000000e+02 1.105098199999999947e-01
9.075000000000000000e+02 1.104885939999999955e-01
9.080000000000000000e+02 1.106740529999999945e-01
9.085000000000000000e+02 1.052233429999999970e-01
9.090000000000000000e+02 1.051744000000000012e-01
9.095000000000000000e+02 1.059202110000000002e-01
9.100000000000000000e+02 1.051062870000000066e-01
9.105000000000000000e+02 9.851484000000000629e-02
9.110000000000000000e+02 9.880775199999999869e-02
9.115000000000000000e+02 9.619914699999999874e-02
9.120000000000000000e+02 9.280018499999999337e-02
9.125000000000000000e+02 9.383336500000000191e-02
9.130000000000000000e+02 9.119067299999999987e-02
9.135000000000000000e+02 8.828611699999999729e-02
9.140000000000000000e+02 8.687162399999999451e-02
9.145000000000000000e+02 8.647791999999999979e-02
9.150000000000000000e+02 8.593937799999999683e-02
9.155000000000000000e+02 8.404563399999999407e-02
9.160000000000000000e+02 8.517581200000000352e-02
9.165000000000000000e+02 7.746602599999999339e-02
9.170000000000000000e+02 7.443848999999999605e-02
9.175000000000000000e+02 7.612693299999999386e-02
9.180000000000000000e+02 8.028361200000000419e-02
9.185000000000000000e+02 7.300367200000000556e-02
9.190000000000000000e+02 7.126116799999999973e-02
9.195000000000000000e+02 7.248272000000000048e-02
9.200000000000000000e+02 7.145875699999999775e-02
9.205000000000000000e+02 7.053446800000000294e-02
9.210000000000000000e+02 6.455302200000000157e-02
9.215000000000000000e+02 6.871922299999999595e-02
9.220000000000000000e+02 6.900521399999999528e-02
9.225000000000000000e+02 6.444483300000000692e-02
9.230000000000000000e+02 6.396698200000000556e-02
9.235000000000000000e+02 5.803884200000000021e-02
9.240000000000000000e+02 6.088003899999999691e-02
9.245000000000000000e+02 6.182677999999999785e-02
9.250000000000000000e+02 5.704449100000000272e-02
9.255000000000000000e+02 5.406363699999999772e-02
9.260000000000000000e+02 5.282154299999999858e-02
9.265000000000000000e+02 5.591777700000000184e-02
9.270000000000000000e+02 5.508699300000000076e-02
9.275000000000000000e+02 4.735975700000000232e-02
9.280000000000000000e+02 5.149688899999999708e-02
9.285000000000000000e+02 5.294813999999999771e-02
9.290000000000000000e+02 4.985312699999999708e-02
9.295000000000000000e+02 4.653261999999999676e-02
9.300000000000000000e+02 4.957095899999999777e-02
9.305000000000000000e+02 4.626093800000000145e-02
9.310000000000000000e+02 4.433210600000000307e-02
9.315000000000000000e+02 4.139701700000000123e-02
9.320000000000000000e+02 4.681299600000000255e-02
9.325000000000000000e+02 4.428024600000000227e-02
9.330000000000000000e+02 4.086466899999999930e-02
9.335000000000000000e+02 4.186271500000000173e-02
9.340000000000000000e+02 3.990364400000000200e-02
9.345000000000000000e+02 4.080521299999999990e-02
9.350000000000000000e+02 4.476425400000000332e-02
9.355000000000000000e+02 4.133437899999999748e-02
9.360000000000000000e+02 3.503313999999999734e-02
9.365000000000000000e+02 3.754750300000000290e-02
9.370000000000000000e+02 3.787395400000000134e-02
9.375000000000000000e+02 3.465731400000000156e-02
9.380000000000000000e+02 3.105540600000000068e-02
9.385000000000000000e+02 3.422762099999999974e-02
9.390000000000000000e+02 3.385690999999999701e-02
9.395000000000000000e+02 3.167243699999999773e-02
9.400000000000000000e+02 3.372832800000000186e-02
9.405000000000000000e+02 3.013193800000000047e-02
9.410000000000000000e+02 2.884541100000000136e-02
9.415000000000000000e+02 3.001683800000000055e-02
9.420000000000000000e+02 3.420538499999999787e-02
9.425000000000000000e+02 2.836565900000000140e-02
9.430000000000000000e+02 2.994628800000000146e-02
9.435000000000000000e+02 2.826054000000000066e-02
9.440000000000000000e+02 2.886987300000000076e-02
9.445000000000000000e+02 3.003937900000000147e-02
9.450000000000000000e+02 2.364571799999999960e-02
9.455000000000000000e+02 2.796870300000000101e-02
9.460000000000000000e+02 2.732716699999999943e-02
9.465000000000000000e+02 2.073041200000000014e-02
9.470000000000000000e+02 2.157896399999999909e-02
9.475000000000000000e+02 2.616281599999999846e-02
9.480000000000000000e+02 2.257715199999999964e-02
9.485000000000000000e+02 2.305247300000000041e-02
9.490000000000000000e+02 2.429123199999999941e-02
9.495000000000000000e+02 1.966804499999999858e-02
9.500000000000000000e+02 2.424620099999999848e-02
9.505000000000000000e+02 2.154740700000000106e-02
9.510000000000000000e+02 1.943967500000000001e-02
9.515000000000000000e+02 1.915152399999999963e-02
9.520000000000000000e+02 1.719915699999999964e-02
9.525000000000000000e+02 2.096124900000000124e-02
9.530000000000000000e+02 1.630697000000000049e-02
9.535000000000000000e+02 1.581596199999999938e-02
9.540000000000000000e+02 1.855889100000000097e-02
9.545000000000000000e+02 1.630808400000000047e-02
9.550000000000000000e+02 1.575630199999999981e-02
9.555000000000000000e+02 1.724633399999999858e-02
9.560000000000000000e+02 1.468585099999999977e-02
9.565000000000000000e+02 1.461361299999999926e-02
9.570000000000000000e+02 1.587052799999999833e-02
9.575000000000000000e+02 1.728920299999999952e-02
9.580000000000000000e+02 1.153648000000000000e-02
9.585000000000000000e+02 1.160319700000000086e-02
9.590000000000000000e+02 1.334257699999999956e-02
9.595000000000000000e+02 1.495926700000000005e-02
9.600000000000000000e+02 1.347267100000000030e-02
9.605000000000000000e+02 7.849093999999999169e-03
9.610000000000000000e+02 1.459572599999999984e-02
9.615000000000000000e+02 1.231949599999999923e-02
9.620000000000000000e+02 1.136999900000000042e-02
9.625000000000000000e+02 5.642873999999999980e-03
9.630000000000000000e+02 1.472400299999999940e-02
9.635000000000000000e+02 1.510379599999999919e-02
9.640000000000000000e+02 1.136918299999999972e-02
9.645000000000000000e+02 6.797047999999999979e-03
9.650000000000000000e+02 1.233260400000000048e-02
9.655000000000000000e+02 7.195881000000000326e-03
9.660000000000000000e+02 8.535644999999999691e-03
9.665000000000000000e+02 1.053427699999999988e-02
9.670000000000000000e+02 8.112164999999999307e-03
9.675000000000000000e+02 9.736842000000000760e-03
9.680000000000000000e+02 6.681918000000000232e-03
9.685000000000000000e+02 9.205975999999999396e-03
9.690000000000000000e+02 6.518491999999999863e-03
9.695000000000000000e+02 6.228568000000000299e-03
9.700000000000000000e+02 9.702142000000000405e-03
9.705000000000000000e+02 7.382170000000000398e-03
9.710000000000000000e+02 6.881985000000000186e-03
9.715000000000000000e+02 3.576805000000000175e-03
9.720000000000000000e+02 9.198565000000000560e-03
9.725000000000000000e+02 8.214097000000000065e-03
9.730000000000000000e+02 4.748305999999999881e-03
9.735000000000000000e+02 5.722154999999999603e-03
9.740000000000000000e+02 6.703091999999999905e-03
9.745000000000000000e+02 3.291495000000000185e-03
9.750000000000000000e+02 5.807925000000000240e-03
9.755000000000000000e+02 5.864796999999999719e-03
9.760000000000000000e+02 2.531982999999999803e-03
9.765000000000000000e+02 2.389320999999999806e-03
9.770000000000000000e+02 4.079489999999999852e-03
9.775000000000000000e+02 7.495970000000000237e-03
9.780000000000000000e+02 3.830649000000000207e-03
9.785000000000000000e+02 1.568409999999999900e-03
9.790000000000000000e+02 3.069492999999999961e-03
9.795000000000000000e+02 1.265089999999999965e-03
9.800000000000000000e+02 1.701126999999999978e-03
9.805000000000000000e+02 2.322556999999999833e-03
9.810000000000000000e+02 3.179208000000000207e-03
9.815000000000000000e+02 3.136714999999999989e-03
9.820000000000000000e+02 4.360104000000000063e-03
9.825000000000000000e+02 0.000000000000000000e+00
9.830000000000000000e+02 3.865224999999999911e-03
9.835000000000000000e+02 1.855817999999999964e-03
9.840000000000000000e+02 6.612840000000000471e-04
9.845000000000000000e+02 5.075620000000000305e-04
9.850000000000000000e+02 6.364479999999999617e-03
9.855000000000000000e+02 7.136280000000000054e-04
9.860000000000000000e+02 1.625006000000000020e-03
9.865000000000000000e+02 1.634996000000000105e-03
9.870000000000000000e+02 6.650000000000000366e-05
9.875000000000000000e+02 3.691840000000000052e-03
9.880000000000000000e+02 5.605558000000000068e-03
9.885000000000000000e+02 0.000000000000000000e+00
9.890000000000000000e+02 0.000000000000000000e+00
9.895000000000000000e+02 2.481310999999999933e-03
9.900000000000000000e+02 6.528050000000000085e-04
9.905000000000000000e+02 1.210169999999999969e-04
9.910000000000000000e+02 1.486779999999999883e-04
9.915000000000000000e+02 1.947109999999999997e-04
9.920000000000000000e+02 6.521600000000000443e-04
9.925000000000000000e+02 7.043449999999999928e-04
9.930000000000000000e+02 0.000000000000000000e+00
9.935000000000000000e+02 0.000000000000000000e+00
9.940000000000000000e+02 1.904707999999999965e-03
9.945000000000000000e+02 0.000000000000000000e+00
9.950000000000000000e+02 0.000000000000000000e+00
9.955000000000000000e+02 3.320360000000000173e-04
9.960000000000000000e+02 1.655142999999999979e-03
9.965000000000000000e+02 0.000000000000000000e+00
9.970000000000000000e+02 0.000000000000000000e+00
9.975000000000000000e+02 0.000000000000000000e+00
9.980000000000000000e+02 6.544829999999999745e-04
9.985000000000000000e+02 0.000000000000000000e+00
9.990000000000000000e+02 1.471073000000000042e-03
9.995000000000000000e+02 0.000000000000000000e+00
1.000000000000000000e+03 0.000000000000000000e+00
1.000500000000000000e+03 0.000000000000000000e+00
1.001000000000000000e+03 1.050893999999999917e-03
1.001500000000000000e+03 0.000000000000000000e+00
1.002000000000000000e+03 0.000000000000000000e+00
1.002500000000000000e+03 0.000000000000000000e+00
1.003000000000000000e+03 0.000000000000000000e+00
1.003500000000000000e+03 0.000000000000000000e+00
1.004000000000000000e+03 2.254495000000000023e-03
1.004500000000000000e+03 3.506525999999999827e-03
1.005000000000000000e+03 0.000000000000000000e+00
1.005500000000000000e+03 0.000000000000000000e+00
1.006000000000000000e+03 4.591330000000000237e-04
1.006500000000000000e+03 0.000000000000000000e+00
1.007000000000000000e+03 0.000000000000000000e+00
1.007500000000000000e+03 0.000000000000000000e+00
1.008000000000000000e+03 5.000000000000000240e-05
1.008500000000000000e+03 0.000000000000000000e+00
1.009000000000000000e+03 0.000000000000000000e+00
1.009500000000000000e+03 0.000000000000000000e+00
1.010000000000000000e+03 0.000000000000000000e+00
1.010500000000000000e+03 0.000000000000000000e+00
1.011000000000000000e+03 0.000000000000000000e+00
1.011500000000000000e+03 0.000000000000000000e+00
1.012000000000000000e+03 0.000000000000000000e+00
1.012500000000000000e+03 0.000000000000000000e+00
1.013000000000000000e+03 0.000000000000000000e+00
1.013500000000000000e+03 0.000000000000000000e+00
1.014000000000000000e+03 0.000000000000000000e+00
1.014500000000000000e+03 0.000000000000000000e+00
1.015000000000000000e+03 0.000000000000000000e+00
1.015500000000000000e+03 0.000000000000000000e+00
1.016000000000000000e+03 0.000000000000000000e+00
1.016500000000000000e+03 2.178339999999999964e-03
1.017000000000000000e+03 0.000000000000000000e+00
1.017500000000000000e+03 0.000000000000000000e+00
1.018000000000000000e+03 0.000000000000000000e+00
1.018500000000000000e+03 0.000000000000000000e+00
1.019000000000000000e+03 0.000000000000000000e+00
1.019500000000000000e+03 0.000000000000000000e+00
1.020000000000000000e+03 0.000000000000000000e+00
1.020500000000000000e+03 0.000000000000000000e+00
1.021000000000000000e+03 0.000000000000000000e+00
1.021500000000000000e+03 0.000000000000000000e+00
1.022000000000000000e+03 0.000000000000000000e+00
1.022500000000000000e+03 0.000000000000000000e+00
1.023000000000000000e+03 0.000000000000000000e+00
1.023500000000000000e+03 0.000000000000000000e+00
1.024000000000000000e+03 0.000000000000000000e+00
1.024500000000000000e+03 0.000000000000000000e+00
1.025000000000000000e+03 0.000000000000000000e+00
1.025500000000000000e+03 0.000000000000000000e+00
1.026000000000000000e+03 0.000000000000000000e+00
1.026500000000000000e+03 0.000000000000000000e+00
1.027000000000000000e+03 0.000000000000000000e+00
1.027500000000000000e+03 0.000000000000000000e+00
1.028000000000000000e+03 0.000000000000000000e+00
1.028500000000000000e+03 0.000000000000000000e+00
1.029000000000000000e+03 0.000000000000000000e+00
1.029500000000000000e+03 0.000000000000000000e+00
1.030000000000000000e+03 0.000000000000000000e+00
1.030500000000000000e+03 0.000000000000000000e+00
1.031000000000000000e+03 0.000000000000000000e+00
1.031500000000000000e+03 0.000000000000000000e+00
1.032000000000000000e+03 0.000000000000000000e+00
1.032500000000000000e+03 0.000000000000000000e+00
1.033000000000000000e+03 0.000000000000000000e+00
1.033500000000000000e+03 0.000000000000000000e+00
1.034000000000000000e+03 0.000000000000000000e+00
1.034500000000000000e+03 0.000000000000000000e+00
1.035000000000000000e+03 0.000000000000000000e+00
1.035500000000000000e+03 0.000000000000000000e+00
1.036000000000000000e+03 0.000000000000000000e+00
1.036500000000000000e+03 0.000000000000000000e+00
1.037000000000000000e+03 0.000000000000000000e+00
1.037500000000000000e+03 0.000000000000000000e+00
1.038000000000000000e+03 0.000000000000000000e+00
1.038500000000000000e+03 0.000000000000000000e+00
1.039000000000000000e+03 0.000000000000000000e+00
1.039500000000000000e+03 0.000000000000000000e+00
1.040000000000000000e+03 0.000000000000000000e+00
1.040500000000000000e+03 0.000000000000000000e+00
1.041000000000000000e+03 0.000000000000000000e+00
1.041500000000000000e+03 0.000000000000000000e+00
1.042000000000000000e+03 0.000000000000000000e+00
1.042500000000000000e+03 0.000000000000000000e+00
1.043000000000000000e+03 0.000000000000000000e+00
1.043500000000000000e+03 0.000000000000000000e+00
1.044000000000000000e+03 0.000000000000000000e+00
1.044500000000000000e+03 0.000000000000000000e+00
1.045000000000000000e+03 0.000000000000000000e+00
1.045500000000000000e+03 0.000000000000000000e+00
1.046000000000000000e+03 0.000000000000000000e+00
1.046500000000000000e+03 0.000000000000000000e+00
1.047000000000000000e+03 0.000000000000000000e+00
1.047500000000000000e+03 0.000000000000000000e+00
1.048000000000000000e+03 0.000000000000000000e+00
1.048500000000000000e+03 0.000000000000000000e+00
1.049000000000000000e+03 0.000000000000000000e+00
1.049500000000000000e+03 0.000000000000000000e+00
1.050000000000000000e+03 0.000000000000000000e+00
1.050500000000000000e+03 0.000000000000000000e+00
1.051000000000000000e+03 0.000000000000000000e+00
1.051500000000000000e+03 0.000000000000000000e+00
1.052000000000000000e+03 0.000000000000000000e+00
1.052500000000000000e+03 0.000000000000000000e+00
1.053000000000000000e+03 0.000000000000000000e+00
1.053500000000000000e+03 0.000000000000000000e+00
1.054000000000000000e+03 0.000000000000000000e+00
1.054500000000000000e+03 0.000000000000000000e+00
1.055000000000000000e+03 0.000000000000000000e+00
1.055500000000000000e+03 0.000000000000000000e+00
1.056000000000000000e+03 0.000000000000000000e+00
1.056500000000000000e+03 0.000000000000000000e+00
1.057000000000000000e+03 0.000000000000000000e+00
1.057500000000000000e+03 0.000000000000000000e+00
1.058000000000000000e+03 0.000000000000000000e+00
1.058500000000000000e+03 0.000000000000000000e+00
1.059000000000000000e+03 0.000000000000000000e+00
1.059500000000000000e+03 0.000000000000000000e+00
1.060000000000000000e+03 0.000000000000000000e+00
1.060500000000000000e+03 0.000000000000000000e+00
1.061000000000000000e+03 0.000000000000000000e+00
1.061500000000000000e+03 0.000000000000000000e+00
1.062000000000000000e+03 0.000000000000000000e+00
1.062500000000000000e+03 0.000000000000000000e+00
1.063000000000000000e+03 0.000000000000000000e+00
1.063500000000000000e+03 0.000000000000000000e+00
1.064000000000000000e+03 0.000000000000000000e+00
1.064500000000000000e+03 0.000000000000000000e+00
1.065000000000000000e+03 0.000000000000000000e+00
1.065500000000000000e+03 0.000000000000000000e+00
1.066000000000000000e+03 0.000000000000000000e+00
1.066500000000000000e+03 0.000000000000000000e+00
1.067000000000000000e+03 0.000000000000000000e+00
1.067500000000000000e+03 0.000000000000000000e+00
1.068000000000000000e+03 0.000000000000000000e+00
1.068500000000000000e+03 0.000000000000000000e+00
1.069000000000000000e+03 0.000000000000000000e+00
1.069500000000000000e+03 0.000000000000000000e+00
1.070000000000000000e+03 0.000000000000000000e+00
1.070500000000000000e+03 0.000000000000000000e+00
1.071000000000000000e+03 0.000000000000000000e+00
1.071500000000000000e+03 0.000000000000000000e+00
1.072000000000000000e+03 0.000000000000000000e+00
1.072500000000000000e+03 0.000000000000000000e+00
1.073000000000000000e+03 0.000000000000000000e+00
1.073500000000000000e+03 0.000000000000000000e+00
1.074000000000000000e+03 0.000000000000000000e+00
1.074500000000000000e+03 0.000000000000000000e+00
1.075000000000000000e+03 0.000000000000000000e+00
1.075500000000000000e+03 0.000000000000000000e+00
1.076000000000000000e+03 0.000000000000000000e+00
1.076500000000000000e+03 0.000000000000000000e+00
1.077000000000000000e+03 0.000000000000000000e+00
1.077500000000000000e+03 0.000000000000000000e+00
1.078000000000000000e+03 0.000000000000000000e+00
1.078500000000000000e+03 0.000000000000000000e+00
1.079000000000000000e+03 0.000000000000000000e+00
1.079500000000000000e+03 0.000000000000000000e+00
1.080000000000000000e+03 0.000000000000000000e+00
1.080500000000000000e+03 0.000000000000000000e+00
1.081000000000000000e+03 0.000000000000000000e+00
1.081500000000000000e+03 0.000000000000000000e+00
1.082000000000000000e+03 0.000000000000000000e+00
1.082500000000000000e+03 0.000000000000000000e+00
1.083000000000000000e+03 0.000000000000000000e+00
1.083500000000000000e+03 0.000000000000000000e+00
1.084000000000000000e+03 0.000000000000000000e+00
1.084500000000000000e+03 0.000000000000000000e+00
1.085000000000000000e+03 0.000000000000000000e+00
1.085500000000000000e+03 0.000000000000000000e+00
1.086000000000000000e+03 0.000000000000000000e+00
1.086500000000000000e+03 0.000000000000000000e+00
1.087000000000000000e+03 0.000000000000000000e+00
1.087500000000000000e+03 0.000000000000000000e+00
1.088000000000000000e+03 0.000000000000000000e+00
1.088500000000000000e+03 0.000000000000000000e+00
1.089000000000000000e+03 0.000000000000000000e+00
1.089500000000000000e+03 0.000000000000000000e+00
1.090000000000000000e+03 0.000000000000000000e+00
1.090500000000000000e+03 0.000000000000000000e+00
1.091000000000000000e+03 0.000000000000000000e+00
1.091500000000000000e+03 0.000000000000000000e+00
1.092000000000000000e+03 0.000000000000000000e+00
1.092500000000000000e+03 0.000000000000000000e+00
1.093000000000000000e+03 0.000000000000000000e+00
1.093500000000000000e+03 0.000000000000000000e+00
1.094000000000000000e+03 0.000000000000000000e+00
1.094500000000000000e+03 0.000000000000000000e+00
1.095000000000000000e+03 0.000000000000000000e+00
1.095500000000000000e+03 0.000000000000000000e+00
1.096000000000000000e+03 0.000000000000000000e+00
1.096500000000000000e+03 0.000000000000000000e+00
1.097000000000000000e+03 0.000000000000000000e+00
1.097500000000000000e+03 0.000000000000000000e+00
1.098000000000000000e+03 0.000000000000000000e+00
1.098500000000000000e+03 0.000000000000000000e+00
1.099000000000000000e+03 0.000000000000000000e+00
1.099500000000000000e+03 0.000000000000000000e+00
1.100000000000000000e+03 0.000000000000000000e+00
