           0   8.47600028E-02
           1   6.59999996E-02
           2   4.30000015E-02
           3   2.77800001E-02
           4   1.83600001E-02
           5   1.24599999E-02
           6   8.72000027E-03
           7   6.67000003E-03
           8   4.61999979E-03
           9   3.67000001E-03
          10   2.71999999E-03
          11   2.22999998E-03
          12   1.73999998E-03
          13   1.45000010E-03
          14   1.16000010E-03
          15   1.01000001E-03
          16   8.59999971E-04
          17   7.69999984E-04
          18   6.79999997E-04
          19   6.30000024E-04
          20   5.80000051E-04
          21   5.30000019E-04
          22   4.80000017E-04
          23   4.30000015E-04
          24   3.79999983E-04
          25   3.79999983E-04
          26   3.79999983E-04
          27   3.30000010E-04
          28   2.80000007E-04
          29   2.80000007E-04
          30   2.80000007E-04
          31   2.80000007E-04
          32   2.80000007E-04
          33   2.39999994E-04
          34   1.99999995E-04
          35   1.99999995E-04
          36   1.99999995E-04
          37   1.99999995E-04
          38   1.99999995E-04
          39   1.89999992E-04
          40   1.80000003E-04
          41   1.80000003E-04
          42   1.80000003E-04
          43   1.80000003E-04
          44   1.80000003E-04
          45   1.40000004E-04
          46   9.99999975E-05
          47   9.99999975E-05
          48   9.99999975E-05
          49   9.99999975E-05
          50   9.99999975E-05
          51   9.99999975E-05
          52   9.99999975E-05
          53   9.99999975E-05
          54   9.99999975E-05
          55   9.99999975E-05
          56   9.99999975E-05
          57   9.99999975E-05
          58   9.99999975E-05
          59   9.99999975E-05
          60   9.99999975E-05
          61   9.99999975E-05
          62   9.99999975E-05
          63   9.99999975E-05
          64   9.99999975E-05
          65   9.00000014E-05
          66   7.99999980E-05
          67   7.99999980E-05
          68   7.99999980E-05
          69   7.99999980E-05
          70   7.99999980E-05
          71   3.99999990E-05
          72   0.00000000    
          73   0.00000000    
          74   0.00000000    
          75   0.00000000    
          76   0.00000000    
          77   0.00000000    
          78   0.00000000    
          79   0.00000000    
          80   0.00000000    
          81   0.00000000    
          82   0.00000000    
          83   0.00000000    
          84   0.00000000    
          85   0.00000000    
          86   0.00000000    
          87   0.00000000    
          88   0.00000000    
          89   0.00000000    
          90   0.00000000    
          91   0.00000000    
          92   0.00000000    
          93   0.00000000    
          94   0.00000000    
          95   0.00000000    
          96   0.00000000    
          97   0.00000000    
          98   0.00000000    
          99   0.00000000    
         100   0.00000000    
         101   0.00000000    
         102   0.00000000    
         103   0.00000000    
         104   0.00000000    
         105   0.00000000    
         106   0.00000000    
         107   0.00000000    
         108   0.00000000    
         109   0.00000000    
         110   0.00000000    
         111   0.00000000    
         112   0.00000000    
         113   0.00000000    
         114   0.00000000    
         115   0.00000000    
         116   0.00000000    
         117   0.00000000    
         118   0.00000000    
         119   0.00000000    
         120   0.00000000    
         121   0.00000000    
         122   0.00000000    
         123   0.00000000    
         124   0.00000000    
         125   0.00000000    
         126   0.00000000    
         127   0.00000000    
         128   0.00000000    
         129   0.00000000    
         130   0.00000000    
         131   0.00000000    
         132   0.00000000    
         133   0.00000000    
         134   0.00000000    
         135   0.00000000    
         136   0.00000000    
         137   0.00000000    
         138   0.00000000    
         139   0.00000000    
         140   0.00000000    
         141   0.00000000    
         142   0.00000000    
         143   0.00000000    
         144   0.00000000    
         145   0.00000000    
         146   0.00000000    
         147   0.00000000    
         148   0.00000000    
         149   0.00000000    
         150   0.00000000    
         151   0.00000000    
         152   0.00000000    
         153   0.00000000    
         154   0.00000000    
         155   0.00000000    
         156   0.00000000    
         157   0.00000000    
         158   0.00000000    
         159   0.00000000    
         160   0.00000000    
         161   3.99999990E-05
         162   7.99999980E-05
         163   7.99999980E-05
         164   7.99999980E-05
         165   7.99999980E-05
         166   7.99999980E-05
         167   7.99999980E-05
         168   7.99999980E-05
         169   7.99999980E-05
         170   7.99999980E-05
         171   7.99999980E-05
         172   7.99999980E-05
         173   9.00000014E-05
         174   9.99999975E-05
         175   9.99999975E-05
         176   9.99999975E-05
         177   9.99999975E-05
         178   9.99999975E-05
         179   9.99999975E-05
         180   9.99999975E-05
