 scat/ext   1.00000000       1.00000000       1.00000000       1.00000000       1.00000000       1.00000000       1.00000000       1.00000000       1.00000000       1.00000000       1.00000000       1.00000000       1.00000000       1.00000000       1.00000000       1.00000000       1.00000000       1.00000000       1.00000000       1.00000000       1.00000000       1.00000000       1.00000000       1.00000000       1.00000000       1.00000000       1.00000000       1.00000000       1.00000000       1.00000000       1.00000000       1.00000000       1.00000000       1.00000000       1.00000000       1.00000000       1.00000000       1.00000000       1.00000000       1.00000000       1.00000000       1.00000000    
           0   466.666656    
           1   53.9809494    
           2   9.87619209    
           3   2.09790468    
           4  0.980228603    
           5  0.650933325    
           6  0.505575240    
           7  0.438687623    
           8  0.371800005    
           9  0.348500013    
          10  0.325199991    
          11  0.305000007    
          12  0.284799993    
          13  0.267600000    
          14  0.250400007    
          15  0.236600012    
          16  0.222800002    
          17  0.211999997    
          18  0.201199993    
          19  0.190200001    
          20  0.179199994    
          21  0.170399994    
          22  0.161599994    
          23  0.154499993    
          24  0.147399992    
          25  0.140599996    
          26  0.133800000    
          27  0.125100002    
          28  0.116400003    
          29  0.109300002    
          30  0.102200001    
          31   9.44499969E-02
          32   8.66999999E-02
          33   8.43399987E-02
          34   8.19799975E-02
          35   7.48099983E-02
          36   6.76399991E-02
          37   6.41600043E-02
          38   6.06800020E-02
          39   5.57200015E-02
          40   5.07600009E-02
          41   4.83999997E-02
          42   4.60399985E-02
          43   4.30900007E-02
          44   4.01399992E-02
          45   3.77999991E-02
          46   3.54599990E-02
          47   3.26600000E-02
          48   2.98599992E-02
          49   2.82000005E-02
          50   2.65400000E-02
          51   2.41999999E-02
          52   2.18599997E-02
          53   2.07199994E-02
          54   1.95799991E-02
          55   1.79999992E-02
          56   1.64199993E-02
          57   1.45699997E-02
          58   1.27200000E-02
          59   1.18399998E-02
          60   1.09599996E-02
          61   1.03439996E-02
          62   9.72799957E-03
          63   9.10599995E-03
          64   8.48400034E-03
          65   7.78600015E-03
          66   7.08799995E-03
          67   6.48800004E-03
          68   5.88799966E-03
          69   5.32899983E-03
          70   4.77000000E-03
          71   4.27199993E-03
          72   3.77399987E-03
          73   3.35199991E-03
          74   2.92999996E-03
          75   2.73999991E-03
          76   2.55000009E-03
          77   2.44099996E-03
          78   2.33199983E-03
          79   2.09699990E-03
          80   1.86199998E-03
          81   1.70399994E-03
          82   1.54600001E-03
          83   1.47700007E-03
          84   1.40800001E-03
          85   1.31199998E-03
          86   1.21600006E-03
          87   1.16400002E-03
          88   1.11199997E-03
          89   1.02359999E-03
          90   9.35200020E-04
          91   9.09200055E-04
          92   8.83200031E-04
          93   8.65700014E-04
          94   8.48199998E-04
          95   8.19500012E-04
          96   7.90800026E-04
          97   7.74100015E-04
          98   7.57400005E-04
          99   7.58600014E-04
         100   7.59800023E-04
         101   7.75399967E-04
         102   7.90999969E-04
         103   8.03099945E-04
         104   8.15199979E-04
         105   8.38699983E-04
         106   8.62199988E-04
         107   9.12899966E-04
         108   9.63599945E-04
         109   9.85199935E-04
         110   1.00679998E-03
         111   1.02239999E-03
         112   1.03799999E-03
         113   1.02530001E-03
         114   1.01260003E-03
         115   1.05229998E-03
         116   1.09200005E-03
         117   1.23400008E-03
         118   1.37600000E-03
         119   1.69900001E-03
         120   2.02200003E-03
         121   2.14100000E-03
         122   2.25999998E-03
         123   2.44399998E-03
         124   2.62799999E-03
         125   2.34099990E-03
         126   2.05400004E-03
         127   1.86399999E-03
         128   1.67400006E-03
         129   1.54700002E-03
         130   1.41999999E-03
         131   1.27799995E-03
         132   1.13600004E-03
         133   1.23200007E-03
         134   1.32799998E-03
         135   2.03499990E-03
         136   2.74199992E-03
         137   4.51799994E-03
         138   6.29399996E-03
         139   9.99699999E-03
         140   1.37000000E-02
         141   1.58900004E-02
         142   1.80799998E-02
         143   1.45500004E-02
         144   1.10200001E-02
         145   9.11699980E-03
         146   7.21399998E-03
         147   7.71000050E-03
         148   8.20600055E-03
         149   7.77800009E-03
         150   7.35000009E-03
         151   7.21199997E-03
         152   7.07400031E-03
         153   6.76800031E-03
         154   6.46199984E-03
         155   6.21999986E-03
         156   5.97799988E-03
         157   5.84500004E-03
         158   5.71200019E-03
         159   5.57900034E-03
         160   5.44600002E-03
         161   5.19199995E-03
         162   4.93799988E-03
         163   4.95999958E-03
         164   4.98199975E-03
         165   4.78000008E-03
         166   4.57799993E-03
         167   4.48200013E-03
         168   4.38599987E-03
         169   4.42699995E-03
         170   4.46800003E-03
         171   4.52199997E-03
         172   4.57599992E-03
         173   4.73699998E-03
         174   4.89800004E-03
         175   5.05700009E-03
         176   5.21600014E-03
         177   7.19599985E-03
         178   9.17600002E-03
         179   1.85279995E-02
         180   2.78800000E-02
