 scat/ext   1.00000000       1.00000000       1.00000000       1.00000000       1.00000000       1.00000000       1.00000000       1.00000000       1.00000000       1.00000000       1.00000000       1.00000000       1.00000000       1.00000000       1.00000000       1.00000000       1.00000000       1.00000000       1.00000000       1.00000000       1.00000000       1.00000000       1.00000000       1.00000000       1.00000000       1.00000000       1.00000000       1.00000000       1.00000000       1.00000000       1.00000000       1.00000000       1.00000000       1.00000000       1.00000000       1.00000000       1.00000000       1.00000000       1.00000000       1.00000000       1.00000000       1.00000000    
           0   377.000000    
           1   76.1999969    
           2   6.13999987    
           3   2.13000011    
           4   1.10000002    
           5  0.721000016    
           6  0.554000020    
           7  0.476999998    
           8  0.400000006    
           9  0.370000005    
          10  0.340000004    
          11  0.319999993    
          12  0.300000012    
          13  0.282499999    
          14  0.264999986    
          15  0.251500010    
          16  0.238000005    
          17  0.225500003    
          18  0.213000000    
          19  0.200000003    
          20  0.187000006    
          21  0.178000003    
          22  0.169000000    
          23  0.159000009    
          24  0.149000004    
          25  0.140000001    
          26  0.130999997    
          27  0.121500000    
          28  0.112000003    
          29  0.105450004    
          30   9.88999978E-02
          31   9.44999978E-02
          32   9.00999978E-02
          33   8.61499980E-02
          34   8.21999982E-02
          35   7.32000023E-02
          36   6.41999990E-02
          37   6.43000007E-02
          38   6.44000024E-02
          39   5.59000000E-02
          40   4.74000014E-02
          41   4.69000004E-02
          42   4.63999994E-02
          43   4.10500020E-02
          44   3.57000008E-02
          45   3.53000015E-02
          46   3.48999985E-02
          47   3.28499973E-02
          48   3.07999998E-02
          49   2.69000009E-02
          50   2.30000000E-02
          51   2.31999997E-02
          52   2.33999994E-02
          53   2.22999994E-02
          54   2.11999994E-02
          55   1.94000006E-02
          56   1.75999999E-02
          57   1.57500003E-02
          58   1.38999997E-02
          59   1.24999993E-02
          60   1.10999998E-02
          61   1.01999994E-02
          62   9.30000003E-03
          63   8.64499994E-03
          64   7.98999984E-03
          65   7.36999977E-03
          66   6.75000018E-03
          67   6.25000009E-03
          68   5.75000001E-03
          69   5.36999991E-03
          70   4.98999981E-03
          71   4.46499977E-03
          72   3.94000020E-03
          73   3.53000010E-03
          74   3.12000001E-03
          75   2.89499993E-03
          76   2.67000007E-03
          77   2.60000001E-03
          78   2.52999994E-03
          79   2.38500000E-03
          80   2.24000006E-03
          81   2.04000017E-03
          82   1.84000004E-03
          83   1.74500002E-03
          84   1.64999999E-03
          85   1.49499997E-03
          86   1.33999996E-03
          87   1.26499997E-03
          88   1.18999998E-03
          89   1.15499995E-03
          90   1.12000003E-03
          91   1.09499996E-03
          92   1.07000000E-03
          93   1.00649998E-03
          94   9.43000021E-04
          95   9.48500005E-04
          96   9.53999988E-04
          97   8.84499983E-04
          98   8.14999978E-04
          99   8.39499990E-04
         100   8.64000001E-04
         101   9.06000030E-04
         102   9.48000001E-04
         103   9.02000000E-04
         104   8.55999999E-04
         105   8.80000007E-04
         106   9.04000015E-04
         107   9.38000041E-04
         108   9.72000009E-04
         109   1.03100005E-03
         110   1.09000003E-03
         111   1.06000004E-03
         112   1.03000004E-03
         113   1.01500005E-03
         114   1.00000005E-03
         115   1.09000003E-03
         116   1.18000002E-03
         117   1.33500004E-03
         118   1.49000005E-03
         119   1.64499995E-03
         120   1.79999997E-03
         121   2.01499998E-03
         122   2.22999998E-03
         123   2.32500001E-03
         124   2.42000003E-03
         125   2.16000015E-03
         126   1.90000003E-03
         127   2.06999993E-03
         128   2.24000006E-03
         129   2.09000008E-03
         130   1.93999999E-03
         131   1.78499997E-03
         132   1.62999996E-03
         133   2.24499987E-03
         134   2.85999989E-03
         135   3.95999989E-03
         136   5.05999988E-03
         137   6.95499964E-03
         138   8.84999987E-03
         139   1.15750004E-02
         140   1.42999999E-02
         141   1.50499996E-02
         142   1.57999992E-02
         143   1.34999994E-02
         144   1.11999996E-02
         145   9.26999934E-03
         146   7.34000001E-03
         147   7.14999996E-03
         148   6.95999991E-03
         149   7.15500023E-03
         150   7.35000009E-03
         151   7.03500025E-03
         152   6.71999995E-03
         153   6.53500017E-03
         154   6.34999992E-03
         155   6.14000019E-03
         156   5.92999998E-03
         157   5.70000010E-03
         158   5.47000021E-03
         159   5.44000044E-03
         160   5.41000022E-03
         161   5.34499995E-03
         162   5.28000016E-03
         163   5.10000018E-03
         164   4.92000021E-03
         165   4.91499994E-03
         166   4.91000013E-03
         167   5.00999996E-03
         168   5.10999979E-03
         169   4.96499985E-03
         170   4.81999991E-03
         171   5.13499975E-03
         172   5.45000006E-03
         173   5.87499980E-03
         174   6.30000001E-03
         175   7.14000035E-03
         176   7.98000023E-03
         177   1.10400002E-02
         178   1.41000003E-02
         179   2.09500007E-02
         180   2.77999993E-02
