 scat/ext   1.00000000       1.00000000       1.00000000       1.00000000       1.00000000       1.00000000       1.00000000       1.00000000       1.00000000       1.00000000       1.00000000       1.00000000       1.00000000       1.00000000       1.00000000       1.00000000       1.00000000       1.00000000       1.00000000       1.00000000       1.00000000       1.00000000       1.00000000       1.00000000       1.00000000       1.00000000       1.00000000       1.00000000       1.00000000       1.00000000       1.00000000       1.00000000       1.00000000       1.00000000       1.00000000       1.00000000       1.00000000       1.00000000       1.00000000       1.00000000       1.00000000       1.00000000    
           0   700.000000    
           1   45.0000000    
           2   4.69999981    
           3   1.63999999    
           4  0.884999990    
           5  0.615999997    
           6  0.486000001    
           7  0.429499984    
           8  0.372999996    
           9  0.348500013    
          10  0.324000001    
          11  0.303000003    
          12  0.282000005    
          13  0.264999986    
          14  0.247999996    
          15  0.233999997    
          16  0.219999999    
          17  0.210000008    
          18  0.200000003    
          19  0.187999994    
          20  0.175999999    
          21  0.164999992    
          22  0.153999999    
          23  0.146499991    
          24  0.138999999    
          25  0.134999990    
          26  0.130999997    
          27  0.126499996    
          28  0.122000001    
          29  0.112499997    
          30  0.103000000    
          31   9.19499993E-02
          32   8.08999985E-02
          33   8.26999992E-02
          34   8.44999999E-02
          35   7.50499964E-02
          36   6.56000003E-02
          37   6.31000027E-02
          38   6.06000014E-02
          39   5.57999983E-02
          40   5.09999990E-02
          41   4.83999997E-02
          42   4.58000004E-02
          43   4.20500003E-02
          44   3.83000001E-02
          45   3.75999995E-02
          46   3.68999988E-02
          47   3.32999974E-02
          48   2.96999998E-02
          49   2.78000012E-02
          50   2.59000007E-02
          51   2.43000016E-02
          52   2.27000006E-02
          53   2.14000009E-02
          54   2.00999994E-02
          55   1.83000006E-02
          56   1.64999999E-02
          57   1.44500006E-02
          58   1.24000004E-02
          59   1.15000000E-02
          60   1.05999997E-02
          61   1.00400001E-02
          62   9.47999954E-03
          63   8.87999963E-03
          64   8.27999972E-03
          65   7.63999997E-03
          66   7.00000022E-03
          67   6.38999976E-03
          68   5.77999977E-03
          69   5.28499996E-03
          70   4.79000015E-03
          71   4.24000015E-03
          72   3.68999992E-03
          73   3.25000007E-03
          74   2.80999998E-03
          75   2.67999992E-03
          76   2.55000009E-03
          77   2.44499999E-03
          78   2.33999989E-03
          79   2.08499981E-03
          80   1.82999996E-03
          81   1.66000007E-03
          82   1.49000005E-03
          83   1.41500006E-03
          84   1.33999996E-03
          85   1.27000001E-03
          86   1.20000006E-03
          87   1.15999999E-03
          88   1.12000003E-03
          89   1.04100001E-03
          90   9.61999991E-04
          91   9.33000003E-04
          92   9.04000015E-04
          93   8.74500023E-04
          94   8.44999973E-04
          95   8.23499984E-04
          96   8.01999995E-04
          97   7.82500021E-04
          98   7.62999989E-04
          99   7.60999974E-04
         100   7.59000017E-04
         101   7.76999979E-04
         102   7.95000000E-04
         103   8.13500024E-04
         104   8.31999991E-04
         105   8.18500004E-04
         106   8.05000018E-04
         107   8.55499995E-04
         108   9.05999972E-04
         109   9.52000031E-04
         110   9.98000032E-04
         111   1.02400000E-03
         112   1.04999996E-03
         113   9.95500013E-04
         114   9.41000006E-04
         115   1.03050005E-03
         116   1.12000003E-03
         117   1.21000002E-03
         118   1.30000000E-03
         119   1.62500003E-03
         120   1.94999995E-03
         121   2.01499998E-03
         122   2.08000001E-03
         123   2.40999996E-03
         124   2.73999991E-03
         125   2.38500000E-03
         126   2.03000009E-03
         127   1.92000007E-03
         128   1.81000005E-03
         129   1.63500011E-03
         130   1.46000006E-03
         131   1.36999995E-03
         132   1.27999997E-03
         133   1.36999995E-03
         134   1.46000006E-03
         135   2.35500000E-03
         136   3.25000007E-03
         137   5.06999996E-03
         138   6.88999984E-03
         139   1.04949996E-02
         140   1.41000003E-02
         141   1.55500006E-02
         142   1.70000009E-02
         143   1.36500001E-02
         144   1.03000002E-02
         145   8.72500055E-03
         146   7.14999996E-03
         147   7.60000013E-03
         148   8.05000030E-03
         149   7.52000045E-03
         150   6.99000014E-03
         151   6.90000039E-03
         152   6.81000017E-03
         153   6.55000005E-03
         154   6.28999993E-03
         155   6.00999966E-03
         156   5.72999986E-03
         157   5.71499998E-03
         158   5.70000010E-03
         159   5.49499970E-03
         160   5.28999977E-03
         161   5.04999980E-03
         162   4.80999984E-03
         163   4.86999983E-03
         164   4.92999982E-03
         165   4.66999970E-03
         166   4.41000005E-03
         167   4.33999998E-03
         168   4.26999992E-03
         169   4.32499964E-03
         170   4.37999982E-03
         171   4.61000018E-03
         172   4.84000007E-03
         173   4.85499995E-03
         174   4.86999983E-03
         175   4.94499970E-03
         176   5.02000004E-03
         177   6.83999993E-03
         178   8.65999982E-03
         179   1.66299995E-02
         180   2.45999992E-02
