 scat/ext   1.00000000       1.00000000       1.00000000       1.00000000       1.00000000       1.00000000       1.00000000       1.00000000       1.00000000       1.00000000       1.00000000       1.00000000       1.00000000       1.00000000       1.00000000       1.00000000       1.00000000       1.00000000       1.00000000       1.00000000       1.00000000       1.00000000       1.00000000       1.00000000       1.00000000       1.00000000       1.00000000       1.00000000       1.00000000       1.00000000       1.00000000       1.00000000       1.00000000       1.00000000       1.00000000       1.00000000       1.00000000       1.00000000       1.00000000       1.00000000       1.00000000       1.00000000    
           0   472.799988    
           1   65.7600021    
           2   5.52600002    
           3   1.93599999    
           4   1.01580000    
           5  0.675999999    
           6  0.523999989    
           7  0.458799988    
           8  0.393599987    
           9  0.360099971    
          10  0.326599985    
          11  0.308600008    
          12  0.290600002    
          13  0.275099993    
          14  0.259600013    
          15  0.246800005    
          16  0.233999997    
          17  0.221100003    
          18  0.208200008    
          19  0.196200013    
          20  0.184200004    
          21  0.173700005    
          22  0.163200006    
          23  0.155400008    
          24  0.147600010    
          25  0.141299993    
          26  0.134999990    
          27  0.127000004    
          28  0.119000003    
          29  0.108400002    
          30   9.78000015E-02
          31   9.30400044E-02
          32   8.82799998E-02
          33   8.56299996E-02
          34   8.29799995E-02
          35   7.48700052E-02
          36   6.67600036E-02
          37   6.58999979E-02
          38   6.50399998E-02
          39   5.74200004E-02
          40   4.98000011E-02
          41   4.96399999E-02
          42   4.94799986E-02
          43   4.29399982E-02
          44   3.64000015E-02
          45   3.60200033E-02
          46   3.56400013E-02
          47   3.31100002E-02
          48   3.05799991E-02
          49   2.71199998E-02
          50   2.36600004E-02
          51   2.23300010E-02
          52   2.09999997E-02
          53   2.01800000E-02
          54   1.93600003E-02
          55   1.79300010E-02
          56   1.64999999E-02
          57   1.50699997E-02
          58   1.36399996E-02
          59   1.22699998E-02
          60   1.09000001E-02
          61   9.95900016E-03
          62   9.01800022E-03
          63   8.27299990E-03
          64   7.52800005E-03
          65   6.96299970E-03
          66   6.39799982E-03
          67   5.85999992E-03
          68   5.32200001E-03
          69   4.91699995E-03
          70   4.51199990E-03
          71   4.15599998E-03
          72   3.80000006E-03
          73   3.53599992E-03
          74   3.27200000E-03
          75   3.08099994E-03
          76   2.89000012E-03
          77   2.69500003E-03
          78   2.49999994E-03
          79   2.28499994E-03
          80   2.06999993E-03
          81   1.92099996E-03
          82   1.77199999E-03
          83   1.72300008E-03
          84   1.67400006E-03
          85   1.48899993E-03
          86   1.30399992E-03
          87   1.26699987E-03
          88   1.22999994E-03
          89   1.15499995E-03
          90   1.08000007E-03
          91   1.08060008E-03
          92   1.08120008E-03
          93   9.67100030E-04
          94   8.52999976E-04
          95   9.02400003E-04
          96   9.51800030E-04
          97   9.32800001E-04
          98   9.13799973E-04
          99   8.76000035E-04
         100   8.38200038E-04
         101   8.11400008E-04
         102   7.84599979E-04
         103   8.25399999E-04
         104   8.66200018E-04
         105   9.04800021E-04
         106   9.43400024E-04
         107   9.45499982E-04
         108   9.47599998E-04
         109   9.42999963E-04
         110   9.38399986E-04
         111   9.63099999E-04
         112   9.87800071E-04
         113   1.03490008E-03
         114   1.08199997E-03
         115   1.05699990E-03
         116   1.03199994E-03
         117   1.21599995E-03
         118   1.39999995E-03
         119   1.64299994E-03
         120   1.88599993E-03
         121   2.14800006E-03
         122   2.41000019E-03
         123   2.24800012E-03
         124   2.08600005E-03
         125   2.19500018E-03
         126   2.30400008E-03
         127   2.14100000E-03
         128   1.97799993E-03
         129   1.71899993E-03
         130   1.45999994E-03
         131   1.52799999E-03
         132   1.59600005E-03
         133   1.87000004E-03
         134   2.14400003E-03
         135   3.11199995E-03
         136   4.07999987E-03
         137   6.20799977E-03
         138   8.33600014E-03
         139   1.11880004E-02
         140   1.40399998E-02
         141   1.52700003E-02
         142   1.64999999E-02
         143   1.37299998E-02
         144   1.09599996E-02
         145   8.92199948E-03
         146   6.88399980E-03
         147   7.07499962E-03
         148   7.26599991E-03
         149   7.34400004E-03
         150   7.42200017E-03
         151   6.98400009E-03
         152   6.54600002E-03
         153   6.23899978E-03
         154   5.93200000E-03
         155   6.07500039E-03
         156   6.21800032E-03
         157   5.77200018E-03
         158   5.32600004E-03
         159   5.29799983E-03
         160   5.27000008E-03
         161   5.40999975E-03
         162   5.54999989E-03
         163   5.18700015E-03
         164   4.82399995E-03
         165   4.90100030E-03
         166   4.97800019E-03
         167   4.89800004E-03
         168   4.81799990E-03
         169   5.02900034E-03
         170   5.24000032E-03
         171   5.19500021E-03
         172   5.15000010E-03
         173   5.43500017E-03
         174   5.71999978E-03
         175   6.63299998E-03
         176   7.54600018E-03
         177   1.07230004E-02
         178   1.39000006E-02
         179   2.24500000E-02
         180   3.09999995E-02
