 scat/ext   1.00000000       1.00000000       1.00000000       1.00000000       1.00000000       1.00000000       1.00000000       1.00000000       1.00000000       1.00000000       1.00000000       1.00000000       1.00000000       1.00000000       1.00000000       1.00000000       1.00000000       1.00000000       1.00000000       1.00000000       1.00000000       1.00000000       1.00000000       1.00000000       1.00000000       1.00000000       1.00000000       1.00000000       1.00000000       1.00000000       1.00000000       1.00000000       1.00000000       1.00000000       1.00000000       1.00000000       1.00000000       1.00000000       1.00000000       1.00000000       1.00000000       1.00000000    
           0   400.000000    
           1   114.000000    
           2   38.9428558    
           3   5.22285748    
           4   1.67571425    
           5  0.939142823    
           6  0.651428580    
           7  0.511314273    
           8  0.371199995    
           9  0.348500013    
          10  0.325800002    
          11  0.305999994    
          12  0.286200017    
          13  0.268900007    
          14  0.251599997    
          15  0.237899989    
          16  0.224199995    
          17  0.213000000    
          18  0.201800004    
          19  0.191300005    
          20  0.180800006    
          21  0.173099995    
          22  0.165399998    
          23  0.158500001    
          24  0.151600003    
          25  0.143399999    
          26  0.135199994    
          27  0.124399997    
          28  0.113600001    
          29  0.107700005    
          30  0.101800002    
          31   9.56999958E-02
          32   8.95999968E-02
          33   8.51600021E-02
          34   8.07200000E-02
          35   7.46899992E-02
          36   6.86599985E-02
          37   6.46900013E-02
          38   6.07200004E-02
          39   5.56799993E-02
          40   5.06399982E-02
          41   4.83999997E-02
          42   4.61600013E-02
          43   4.36099991E-02
          44   4.10600007E-02
          45   3.79000008E-02
          46   3.47400010E-02
          47   3.23400013E-02
          48   2.99399998E-02
          49   2.84000002E-02
          50   2.68600006E-02
          51   2.41500009E-02
          52   2.14400012E-02
          53   2.03800015E-02
          54   1.93200000E-02
          55   1.78500004E-02
          56   1.63800009E-02
          57   1.46300010E-02
          58   1.28800003E-02
          59   1.20100006E-02
          60   1.11400001E-02
          61   1.04959998E-02
          62   9.85199958E-03
          63   9.21900012E-03
          64   8.58599972E-03
          65   7.85900000E-03
          66   7.13200029E-03
          67   6.53700018E-03
          68   5.94200008E-03
          69   5.35100000E-03
          70   4.75999992E-03
          71   4.28800005E-03
          72   3.81599995E-03
          73   3.40300007E-03
          74   2.98999995E-03
          75   2.77000014E-03
          76   2.55000009E-03
          77   2.43900018E-03
          78   2.32800003E-03
          79   2.10299995E-03
          80   1.87799998E-03
          81   1.72599999E-03
          82   1.57399999E-03
          83   1.50799996E-03
          84   1.44199992E-03
          85   1.33299991E-03
          86   1.22400001E-03
          87   1.16600003E-03
          88   1.10800005E-03
          89   1.01490004E-03
          90   9.21799976E-04
          91   8.97299964E-04
          92   8.72800010E-04
          93   8.61299981E-04
          94   8.49799952E-04
          95   8.17499938E-04
          96   7.85199984E-04
          97   7.69899983E-04
          98   7.54599983E-04
          99   7.57399946E-04
         100   7.60199968E-04
         101   7.74599961E-04
         102   7.89000012E-04
         103   7.97900022E-04
         104   8.06800032E-04
         105   8.48800060E-04
         106   8.90800031E-04
         107   9.41600010E-04
         108   9.92399990E-04
         109   1.00179994E-03
         110   1.01120002E-03
         111   1.02159998E-03
         112   1.03199994E-03
         113   1.04020000E-03
         114   1.04840007E-03
         115   1.06319995E-03
         116   1.07799994E-03
         117   1.24599994E-03
         118   1.41400006E-03
         119   1.73599995E-03
         120   2.05799984E-03
         121   2.20400002E-03
         122   2.34999997E-03
         123   2.46099988E-03
         124   2.57200003E-03
         125   2.31900020E-03
         126   2.06600013E-03
         127   1.83600001E-03
         128   1.60600001E-03
         129   1.50300004E-03
         130   1.40000007E-03
         131   1.23200007E-03
         132   1.06399995E-03
         133   1.16300001E-03
         134   1.26200006E-03
         135   1.87499996E-03
         136   2.48799985E-03
         137   4.24200017E-03
         138   5.99600002E-03
         139   9.74800065E-03
         140   1.35000004E-02
         141   1.60600003E-02
         142   1.86200012E-02
         143   1.50000006E-02
         144   1.13800000E-02
         145   9.31300037E-03
         146   7.24599976E-03
         147   7.76499975E-03
         148   8.28399975E-03
         149   7.90699944E-03
         150   7.53000006E-03
         151   7.36800022E-03
         152   7.20599992E-03
         153   6.87699998E-03
         154   6.54800003E-03
         155   6.32499997E-03
         156   6.10199990E-03
         157   5.90999983E-03
         158   5.71799977E-03
         159   5.62099973E-03
         160   5.52399969E-03
         161   5.26299980E-03
         162   5.00199990E-03
         163   5.00500016E-03
         164   5.00799995E-03
         165   4.83500026E-03
         166   4.66200011E-03
         167   4.55299998E-03
         168   4.44399985E-03
         169   4.47800010E-03
         170   4.51199990E-03
         171   4.47800010E-03
         172   4.44400031E-03
         173   4.67799976E-03
         174   4.91199968E-03
         175   5.11300005E-03
         176   5.31399995E-03
         177   7.37399980E-03
         178   9.43399966E-03
         179   1.94769986E-02
         180   2.95199994E-02
