 scat/ext   1.00000000       1.00000000       1.00000000       1.00000000       1.00000000       1.00000000       1.00000000       1.00000000       1.00000000       1.00000000       1.00000000       1.00000000       1.00000000       1.00000000       1.00000000       1.00000000       1.00000000       1.00000000       1.00000000       1.00000000       1.00000000       1.00000000       1.00000000       1.00000000       1.00000000       1.00000000       1.00000000       1.00000000       1.00000000       1.00000000       1.00000000       1.00000000       1.00000000       1.00000000       1.00000000       1.00000000       1.00000000       1.00000000       1.00000000       1.00000000       1.00000000       1.00000000    
           0   119.971428    
           1   38.8685722    
           2   4.56571436    
           3   1.56828570    
           4  0.885999978    
           5  0.623714268    
           6  0.628799975    
           7  0.535099983    
           8  0.441399992    
           9  0.400099993    
          10  0.358800024    
          11  0.333700001    
          12  0.308600008    
          13  0.290199995    
          14  0.271800011    
          15  0.256700009    
          16  0.241599992    
          17  0.228300005    
          18  0.215000004    
          19  0.203200012    
          20  0.191400006    
          21  0.179700002    
          22  0.167999998    
          23  0.158399999    
          24  0.148800001    
          25  0.141299993    
          26  0.133800000    
          27  0.125299990    
          28  0.116799995    
          29  0.109599993    
          30  0.102399997    
          31   9.58999991E-02
          32   8.94000009E-02
          33   8.42200071E-02
          34   7.90400058E-02
          35   7.42399991E-02
          36   6.94399998E-02
          37   6.47199973E-02
          38   5.99999987E-02
          39   5.69400005E-02
          40   5.38800023E-02
          41   4.95299995E-02
          42   4.51800004E-02
          43   4.27199975E-02
          44   4.02599983E-02
          45   3.74299996E-02
          46   3.46000008E-02
          47   3.17099988E-02
          48   2.88199987E-02
          49   2.77599990E-02
          50   2.67000012E-02
          51   2.52600014E-02
          52   2.38199998E-02
          53   2.14499999E-02
          54   1.90800000E-02
          55   1.73700005E-02
          56   1.56599991E-02
          57   1.46500003E-02
          58   1.36400005E-02
          59   1.30199995E-02
          60   1.23999994E-02
          61   1.15519995E-02
          62   1.07039995E-02
          63   9.97699983E-03
          64   9.25000012E-03
          65   8.62099975E-03
          66   7.99199939E-03
          67   7.33099971E-03
          68   6.67000003E-03
          69   6.24699984E-03
          70   5.82400011E-03
          71   5.31500019E-03
          72   4.80600027E-03
          73   4.42500040E-03
          74   4.04400006E-03
          75   3.65500012E-03
          76   3.26599996E-03
          77   2.92699994E-03
          78   2.58799992E-03
          79   2.35900003E-03
          80   2.13000015E-03
          81   2.08500004E-03
          82   2.03999993E-03
          83   1.99700007E-03
          84   1.95399998E-03
          85   1.79799995E-03
          86   1.64200005E-03
          87   1.55900000E-03
          88   1.47599995E-03
          89   1.36899995E-03
          90   1.26200006E-03
          91   1.18499994E-03
          92   1.10799994E-03
          93   1.06599997E-03
          94   1.02400000E-03
          95   9.97800031E-04
          96   9.71600006E-04
          97   9.81500023E-04
          98   9.91399982E-04
          99   1.01549993E-03
         100   1.03960000E-03
         101   1.01869996E-03
         102   9.97800031E-04
         103   9.86200059E-04
         104   9.74600029E-04
         105   9.90999979E-04
         106   1.00739999E-03
         107   1.01469993E-03
         108   1.02199998E-03
         109   1.05199998E-03
         110   1.08199997E-03
         111   1.07400003E-03
         112   1.06599997E-03
         113   1.06199994E-03
         114   1.05800002E-03
         115   1.18100003E-03
         116   1.30400003E-03
         117   1.44000002E-03
         118   1.57600001E-03
         119   1.71400001E-03
         120   1.85200002E-03
         121   1.97599991E-03
         122   2.09999993E-03
         123   2.21200008E-03
         124   2.32400000E-03
         125   2.28000013E-03
         126   2.23600003E-03
         127   2.25199992E-03
         128   2.26800004E-03
         129   2.36700010E-03
         130   2.46600015E-03
         131   2.57500028E-03
         132   2.68400018E-03
         133   3.06500029E-03
         134   3.44600016E-03
         135   4.73199971E-03
         136   6.01799972E-03
         137   7.53099984E-03
         138   9.04399995E-03
         139   1.10320002E-02
         140   1.30200004E-02
         141   1.37700010E-02
         142   1.45200007E-02
         143   1.31999999E-02
         144   1.18800001E-02
         145   1.00449994E-02
         146   8.20999965E-03
         147   7.44699966E-03
         148   6.68400014E-03
         149   6.83800038E-03
         150   6.99200016E-03
         151   6.80899993E-03
         152   6.62599970E-03
         153   6.46900013E-03
         154   6.31200010E-03
         155   6.29100017E-03
         156   6.26999978E-03
         157   5.99499978E-03
         158   5.71999978E-03
         159   5.59899956E-03
         160   5.47799980E-03
         161   5.52000012E-03
         162   5.56199998E-03
         163   5.50100021E-03
         164   5.43999998E-03
         165   5.39499987E-03
         166   5.35000023E-03
         167   5.28000016E-03
         168   5.20999962E-03
         169   5.36500011E-03
         170   5.52000012E-03
         171   5.87899983E-03
         172   6.23800000E-03
         173   6.45799981E-03
         174   6.67799963E-03
         175   8.29899963E-03
         176   9.92000010E-03
         177   1.50199998E-02
         178   2.01200005E-02
         179   2.52600014E-02
         180   3.04000005E-02
