 scat/ext   1.00000000       1.00000000       1.00000000       1.00000000       1.00000000       1.00000000       1.00000000       1.00000000       1.00000000       1.00000000       1.00000000       1.00000000       1.00000000       1.00000000       1.00000000       1.00000000       1.00000000       1.00000000       1.00000000       1.00000000       1.00000000       1.00000000       1.00000000       1.00000000       1.00000000       1.00000000       1.00000000       1.00000000       1.00000000       1.00000000       1.00000000       1.00000000       1.00000000       1.00000000       1.00000000       1.00000000       1.00000000       1.00000000       1.00000000       1.00000000       1.00000000       1.00000000    
           0   280.399994    
           1   83.8400040    
           2   7.44000006    
           3   2.41799998    
           4   1.22399998    
           5  0.785400033    
           6  0.594999969    
           7  0.509899974    
           8  0.424799979    
           9  0.386299998    
          10  0.347800016    
          11  0.324000001    
          12  0.300200015    
          13  0.283900023    
          14  0.267600000    
          15  0.252999991    
          16  0.238399997    
          17  0.224999994    
          18  0.211599991    
          19  0.199599996    
          20  0.187600002    
          21  0.177300006    
          22  0.166999996    
          23  0.157700002    
          24  0.148400009    
          25  0.140700012    
          26  0.133000001    
          27  0.126000002    
          28  0.118999995    
          29  0.111100003    
          30  0.103200004    
          31   9.60199982E-02
          32   8.88400003E-02
          33   8.41400027E-02
          34   7.94400051E-02
          35   7.43800029E-02
          36   6.93200007E-02
          37   6.39500022E-02
          38   5.85800000E-02
          39   5.63099980E-02
          40   5.40399998E-02
          41   4.98999991E-02
          42   4.57599983E-02
          43   4.27399985E-02
          44   3.97199988E-02
          45   3.79799977E-02
          46   3.62400003E-02
          47   3.20900008E-02
          48   2.79399995E-02
          49   2.66800001E-02
          50   2.54200008E-02
          51   2.45300010E-02
          52   2.36400012E-02
          53   2.14200020E-02
          54   1.92000009E-02
          55   1.70700010E-02
          56   1.49400001E-02
          57   1.36600006E-02
          58   1.23800002E-02
          59   1.17300004E-02
          60   1.10800005E-02
          61   1.04000000E-02
          62   9.71999951E-03
          63   9.15700011E-03
          64   8.59399978E-03
          65   7.99500011E-03
          66   7.39599997E-03
          67   6.78300019E-03
          68   6.16999995E-03
          69   5.72300004E-03
          70   5.27600013E-03
          71   4.81300009E-03
          72   4.35000006E-03
          73   3.95799987E-03
          74   3.56599991E-03
          75   3.25899990E-03
          76   2.95200013E-03
          77   2.69100000E-03
          78   2.42999988E-03
          79   2.23399978E-03
          80   2.03799992E-03
          81   1.97200011E-03
          82   1.90600008E-03
          83   1.80900004E-03
          84   1.71200000E-03
          85   1.60099997E-03
          86   1.48999994E-03
          87   1.35099993E-03
          88   1.21199992E-03
          89   1.22300000E-03
          90   1.23399997E-03
          91   1.16600003E-03
          92   1.09799998E-03
          93   1.06669997E-03
          94   1.03539997E-03
          95   9.65699961E-04
          96   8.95999954E-04
          97   8.99299979E-04
          98   9.02600004E-04
          99   9.27899964E-04
         100   9.53199982E-04
         101   9.63600003E-04
         102   9.73999966E-04
         103   9.43399966E-04
         104   9.12800024E-04
         105   9.19500017E-04
         106   9.26200009E-04
         107   9.48400004E-04
         108   9.70599998E-04
         109   9.86600062E-04
         110   1.00260007E-03
         111   1.01330003E-03
         112   1.02400000E-03
         113   1.02750002E-03
         114   1.03099993E-03
         115   1.12549996E-03
         116   1.21999998E-03
         117   1.35000004E-03
         118   1.47999998E-03
         119   1.58599997E-03
         120   1.69199996E-03
         121   1.80099998E-03
         122   1.90999999E-03
         123   2.03500013E-03
         124   2.16000015E-03
         125   2.27500009E-03
         126   2.39000004E-03
         127   2.19199993E-03
         128   1.99400005E-03
         129   2.05999985E-03
         130   2.12599989E-03
         131   2.42399983E-03
         132   2.72200000E-03
         133   2.88800010E-03
         134   3.05399997E-03
         135   4.34200000E-03
         136   5.63000003E-03
         137   7.43700005E-03
         138   9.24399961E-03
         139   1.14219999E-02
         140   1.36000002E-02
         141   1.40400007E-02
         142   1.44800004E-02
         143   1.31100006E-02
         144   1.17400000E-02
         145   9.40600038E-03
         146   7.07199983E-03
         147   6.94599980E-03
         148   6.81999978E-03
         149   6.84799999E-03
         150   6.87600020E-03
         151   6.81999978E-03
         152   6.76399982E-03
         153   6.47999998E-03
         154   6.19600015E-03
         155   5.74100018E-03
         156   5.28600020E-03
         157   5.54500008E-03
         158   5.80399996E-03
         159   5.40499995E-03
         160   5.00599993E-03
         161   5.07699978E-03
         162   5.14799962E-03
         163   5.14400005E-03
         164   5.14000002E-03
         165   5.14400005E-03
         166   5.14800008E-03
         167   5.24500012E-03
         168   5.34200016E-03
         169   5.26000001E-03
         170   5.17799985E-03
         171   5.19800000E-03
         172   5.21800015E-03
         173   5.44300023E-03
         174   5.66799985E-03
         175   6.82299957E-03
         176   7.97799975E-03
         177   1.21189998E-02
         178   1.62599999E-02
         179   2.27300003E-02
         180   2.91999988E-02
