 scat/ext   1.00000000       1.00000000       1.00000000       1.00000000       1.00000000       1.00000000       1.00000000       1.00000000       1.00000000       1.00000000       1.00000000       1.00000000       1.00000000       1.00000000       1.00000000       1.00000000       1.00000000       1.00000000       1.00000000       1.00000000       1.00000000       1.00000000       1.00000000       1.00000000       1.00000000       1.00000000       1.00000000       1.00000000       1.00000000       1.00000000       1.00000000       1.00000000       1.00000000       1.00000000       1.00000000       1.00000000       1.00000000       1.00000000       1.00000000       1.00000000       1.00000000       1.00000000    
           0   523.171448    
           1   61.2485733    
           2   5.34342861    
           3   1.86885715    
           4  0.986628532    
           5  0.661485732    
           6  0.516371429    
           7  0.452785730    
           8  0.389200002    
           9  0.357642859    
          10  0.326085716    
          11  0.307428569    
          12  0.288771421    
          13  0.273042858    
          14  0.257314295    
          15  0.244471431    
          16  0.231628567    
          17  0.219142854    
          18  0.206657141    
          19  0.194728568    
          20  0.182799995    
          21  0.172385722    
          22  0.161971435    
          23  0.153785720    
          24  0.145600006    
          25  0.139542863    
          26  0.133485720    
          27  0.126257151    
          28  0.119028576    
          29  0.109557144    
          30  0.100085713    
          31   9.34000015E-02
          32   8.67142826E-02
          33   8.44028592E-02
          34   8.20914283E-02
          35   7.48614296E-02
          36   6.76314309E-02
          37   6.54328614E-02
          38   6.32342845E-02
          39   5.69371432E-02
          40   5.06399982E-02
          41   4.93142828E-02
          42   4.79885712E-02
          43   4.25385721E-02
          44   3.70885730E-02
          45   3.64999995E-02
          46   3.59114297E-02
          47   3.30400020E-02
          48   3.01685706E-02
          49   2.73142867E-02
          50   2.44600009E-02
          51   2.30499990E-02
          52   2.16399990E-02
          53   2.05514282E-02
          54   1.94628574E-02
          55   1.78928562E-02
          56   1.63228568E-02
          57   1.48871429E-02
          58   1.34514291E-02
          59   1.21957147E-02
          60   1.09400004E-02
          61   1.00745717E-02
          62   9.20914300E-03
          63   8.46042857E-03
          64   7.71171460E-03
          65   7.11757131E-03
          66   6.52342848E-03
          67   5.97414281E-03
          68   5.42485714E-03
          69   4.99671418E-03
          70   4.56857169E-03
          71   4.19942848E-03
          72   3.83028574E-03
          73   3.52300005E-03
          74   3.21571436E-03
          75   3.01428558E-03
          76   2.81285704E-03
          77   2.62471428E-03
          78   2.43657129E-03
          79   2.22871406E-03
          80   2.02085706E-03
          81   1.87885715E-03
          82   1.73685711E-03
          83   1.66228577E-03
          84   1.58771430E-03
          85   1.43728568E-03
          86   1.28685718E-03
          87   1.24457141E-03
          88   1.20228564E-03
          89   1.13747141E-03
          90   1.07265718E-03
          91   1.05244294E-03
          92   1.03222858E-03
          93   9.43871448E-04
          94   8.55514256E-04
          95   8.87071423E-04
          96   9.18628590E-04
          97   9.00328567E-04
          98   8.82028544E-04
          99   8.53114296E-04
         100   8.24199989E-04
         101   8.09171412E-04
         102   7.94142834E-04
         103   8.26900010E-04
         104   8.59657128E-04
         105   8.90371390E-04
         106   9.21085710E-04
         107   9.39314312E-04
         108   9.57542914E-04
         109   9.48657165E-04
         110   9.39771417E-04
         111   9.64314269E-04
         112   9.88857122E-04
         113   1.02562853E-03
         114   1.06240006E-03
         115   1.05591421E-03
         116   1.04942848E-03
         117   1.22314272E-03
         118   1.39685709E-03
         119   1.64742861E-03
         120   1.89800002E-03
         121   2.12257146E-03
         122   2.34714290E-03
         123   2.27814284E-03
         124   2.20914278E-03
         125   2.22471426E-03
         126   2.24028574E-03
         127   2.09742854E-03
         128   1.95457134E-03
         129   1.70871429E-03
         130   1.46285712E-03
         131   1.50628574E-03
         132   1.54971424E-03
         133   1.76871428E-03
         134   1.98771432E-03
         135   2.95071444E-03
         136   3.91371455E-03
         137   5.99628594E-03
         138   8.07885733E-03
         139   1.11180004E-02
         140   1.41571425E-02
         141   1.54028572E-02
         142   1.66485719E-02
         143   1.38000008E-02
         144   1.09514287E-02
         145   8.94871447E-03
         146   6.94599980E-03
         147   7.20071420E-03
         148   7.45542860E-03
         149   7.39271427E-03
         150   7.32999993E-03
         151   6.96228538E-03
         152   6.59457128E-03
         153   6.29271427E-03
         154   5.99085726E-03
         155   6.06642850E-03
         156   6.14200020E-03
         157   5.77142835E-03
         158   5.40085696E-03
         159   5.30814286E-03
         160   5.21542877E-03
         161   5.29442867E-03
         162   5.37342858E-03
         163   5.09499991E-03
         164   4.81657125E-03
         165   4.86785732E-03
         166   4.91914293E-03
         167   4.81871422E-03
         168   4.71828552E-03
         169   4.85514291E-03
         170   4.99199983E-03
         171   4.98799980E-03
         172   4.98400023E-03
         173   5.26942872E-03
         174   5.55485720E-03
         175   6.31299987E-03
         176   7.07114302E-03
         177   9.90114361E-03
         178   1.27311433E-02
         179   2.10398566E-02
         180   2.93485709E-02
