# stratus (cont.)     
#
# size distribution: gamma    
# ------------------
#
#   minimum radius, [um]:      2.000E-02
#   maximum radius, [um]:      5.000E+01
#                      A:      9.790E-03
#                  ALPHA:      5.000E+00
#                      B:      9.380E-01
#                  Gamma:      1.050E+00
#
# optical parameters:
# -------------------
#
# wavelength ext.coef  sca.coef  abs.coef  si.sc.alb  asym.par  ext.nor    ref.real  ref.imag
#     [um]     [1/km]    [1/km]    [1/km]
#
#  2.500E-01 2.328E-01 2.328E-01 2.651E-06 1.000E+00 0.860E+00 9.791E-01  1.362E+00 -3.350E-08
#  3.000E-01 2.339E-01 2.339E-01 1.046E-06 1.000E+00 0.862E+00 9.835E-01  1.349E+00 -1.600E-08
#  3.500E-01 2.346E-01 2.346E-01 4.056E-07 1.000E+00 0.866E+00 9.866E-01  1.343E+00 -6.500E-09
#  4.000E-01 2.357E-01 2.357E-01 8.431E-08 1.000E+00 0.864E+00 9.913E-01  1.339E+00 -1.860E-09
#  4.500E-01 2.363E-01 2.363E-01 1.408E-08 1.000E+00 0.865E+00 9.936E-01  1.337E+00 -1.020E-09
#  5.000E-01 2.370E-01 2.370E-01 4.237E-08 1.000E+00 0.865E+00 9.964E-01  1.335E+00 -1.000E-09
#  5.500E-01 2.378E-01 2.378E-01 1.417E-08 1.000E+00 0.865E+00 1.000E+00  1.333E+00 -1.960E-09
#  6.000E-01 2.391E-01 2.391E-01 4.418E-07 1.000E+00 0.865E+00 1.005E+00  1.332E+00 -1.090E-08
#  6.500E-01 2.395E-01 2.395E-01 4.712E-07 1.000E+00 0.865E+00 1.007E+00  1.331E+00 -1.640E-08
#  7.000E-01 2.404E-01 2.404E-01 9.743E-07 1.000E+00 0.863E+00 1.011E+00  1.331E+00 -3.350E-08
#  7.500E-01 2.408E-01 2.407E-01 4.549E-06 1.000E+00 0.862E+00 1.012E+00  1.330E+00 -1.560E-07
#  8.000E-01 2.414E-01 2.414E-01 3.396E-06 1.000E+00 0.862E+00 1.015E+00  1.329E+00 -1.250E-07
#  9.000E-01 2.429E-01 2.429E-01 1.155E-05 1.000E+00 0.854E+00 1.021E+00  1.328E+00 -4.860E-07
#  1.000E+00 2.452E-01 2.451E-01 6.609E-05 9.997E-01 0.850E+00 1.031E+00  1.327E+00 -2.890E-06
#  1.250E+00 2.483E-01 2.482E-01 1.532E-04 9.994E-01 0.841E+00 1.044E+00  1.323E+00 -8.700E-06
#  1.500E+00 2.500E-01 2.471E-01 2.850E-03 9.886E-01 0.835E+00 1.051E+00  1.321E+00 -2.000E-04
#  1.750E+00 2.549E-01 2.536E-01 1.335E-03 9.948E-01 0.826E+00 1.072E+00  1.313E+00 -1.000E-04
#  2.000E+00 2.568E-01 2.453E-01 1.150E-02 9.552E-01 0.829E+00 1.080E+00  1.306E+00 -1.100E-03
#  2.500E+00 2.643E-01 2.504E-01 1.391E-02 9.474E-01 0.833E+00 1.112E+00  1.261E+00 -1.740E-03
#  3.000E+00 2.574E-01 1.282E-01 1.293E-01 4.978E-01 0.940E+00 1.082E+00  1.371E+00 -2.720E-01
#  3.200E+00 2.652E-01 1.344E-01 1.309E-01 5.066E-01 0.925E+00 1.115E+00  1.478E+00 -9.240E-02
#  3.390E+00 2.693E-01 1.791E-01 9.020E-02 6.650E-01 0.841E+00 1.132E+00  1.423E+00 -2.314E-02
#  3.500E+00 2.715E-01 2.213E-01 5.020E-02 8.151E-01 0.790E+00 1.142E+00  1.400E+00 -9.400E-03
#  3.750E+00 2.759E-01 2.553E-01 2.053E-02 9.256E-01 0.765E+00 1.160E+00  1.369E+00 -3.500E-03
#  4.000E+00 2.829E-01 2.585E-01 2.444E-02 9.136E-01 0.775E+00 1.190E+00  1.351E+00 -4.600E-03
#  4.500E+00 2.991E-01 2.465E-01 5.264E-02 8.240E-01 0.818E+00 1.258E+00  1.332E+00 -1.340E-02
#  5.000E+00 3.156E-01 2.701E-01 4.547E-02 8.559E-01 0.825E+00 1.327E+00  1.325E+00 -1.240E-02
#  5.500E+00 3.356E-01 2.969E-01 3.867E-02 8.848E-01 0.852E+00 1.411E+00  1.298E+00 -1.160E-02
#  6.000E+00 2.826E-01 1.579E-01 1.247E-01 5.588E-01 0.922E+00 1.188E+00  1.265E+00 -1.070E-01
#  6.200E+00 3.052E-01 1.803E-01 1.249E-01 5.907E-01 0.885E+00 1.284E+00  1.363E+00 -8.800E-02
#  6.500E+00 3.290E-01 2.439E-01 8.508E-02 7.414E-01 0.861E+00 1.383E+00  1.339E+00 -3.920E-02
#  7.200E+00 3.322E-01 2.637E-01 6.848E-02 7.938E-01 0.870E+00 1.397E+00  1.312E+00 -3.210E-02
#  7.900E+00 3.163E-01 2.511E-01 6.522E-02 7.938E-01 0.878E+00 1.330E+00  1.294E+00 -3.390E-02
#  8.200E+00 3.056E-01 2.412E-01 6.443E-02 7.892E-01 0.880E+00 1.285E+00  1.286E+00 -3.510E-02
#  8.500E+00 2.932E-01 2.290E-01 6.413E-02 7.812E-01 0.882E+00 1.233E+00  1.278E+00 -3.670E-02
#  8.700E+00 2.836E-01 2.196E-01 6.403E-02 7.742E-01 0.883E+00 1.193E+00  1.272E+00 -3.790E-02
#  9.000E+00 2.676E-01 2.036E-01 6.398E-02 7.609E-01 0.885E+00 1.125E+00  1.262E+00 -3.990E-02
#  9.200E+00 2.562E-01 1.920E-01 6.418E-02 7.495E-01 0.886E+00 1.077E+00  1.255E+00 -4.150E-02
#  9.500E+00 2.375E-01 1.727E-01 6.478E-02 7.273E-01 0.887E+00 9.987E-01  1.243E+00 -4.440E-02
#  9.800E+00 2.172E-01 1.515E-01 6.566E-02 6.977E-01 0.889E+00 9.133E-01  1.229E+00 -4.790E-02
#  1.000E+01 2.026E-01 1.361E-01 6.652E-02 6.716E-01 0.889E+00 8.518E-01  1.218E+00 -5.080E-02
#  1.060E+01 1.613E-01 8.772E-02 7.362E-02 5.437E-01 0.891E+00 6.785E-01  1.179E+00 -6.740E-02
#  1.100E+01 1.501E-01 6.337E-02 8.671E-02 4.223E-01 0.888E+00 6.311E-01  1.153E+00 -9.680E-02
#  1.150E+01 1.518E-01 5.146E-02 1.004E-01 3.389E-01 0.880E+00 6.385E-01  1.126E+00 -1.420E-01
#  1.250E+01 1.856E-01 6.240E-02 1.232E-01 3.362E-01 0.853E+00 7.805E-01  1.123E+00 -2.590E-01
#  1.300E+01 2.002E-01 6.992E-02 1.302E-01 3.493E-01 0.840E+00 8.417E-01  1.146E+00 -3.050E-01
#  1.400E+01 2.219E-01 8.190E-02 1.400E-01 3.691E-01 0.817E+00 9.329E-01  1.210E+00 -3.700E-01
#  1.480E+01 2.319E-01 8.762E-02 1.443E-01 3.778E-01 0.802E+00 9.751E-01  1.258E+00 -3.960E-01
#  1.500E+01 2.342E-01 8.897E-02 1.453E-01 3.798E-01 0.798E+00 9.849E-01  1.270E+00 -4.020E-01
#  1.640E+01 2.461E-01 9.609E-02 1.500E-01 3.905E-01 0.772E+00 1.035E+00  1.346E+00 -4.270E-01
#  1.720E+01 2.506E-01 9.924E-02 1.514E-01 3.959E-01 0.759E+00 1.054E+00  1.386E+00 -4.290E-01
#  1.800E+01 2.541E-01 1.020E-01 1.521E-01 4.015E-01 0.746E+00 1.069E+00  1.423E+00 -4.260E-01
#  1.850E+01 2.554E-01 1.034E-01 1.520E-01 4.047E-01 0.738E+00 1.074E+00  1.443E+00 -4.210E-01
#  2.000E+01 2.533E-01 1.043E-01 1.490E-01 4.116E-01 0.717E+00 1.065E+00  1.480E+00 -3.930E-01
#  2.130E+01 2.472E-01 1.014E-01 1.457E-01 4.104E-01 0.699E+00 1.039E+00  1.491E+00 -3.790E-01
#  2.250E+01 2.427E-01 9.968E-02 1.430E-01 4.108E-01 0.682E+00 1.020E+00  1.506E+00 -3.700E-01
#  2.500E+01 2.315E-01 9.471E-02 1.368E-01 4.092E-01 0.646E+00 9.734E-01  1.531E+00 -3.560E-01
#  2.790E+01 2.149E-01 8.696E-02 1.279E-01 4.047E-01 0.606E+00 9.036E-01  1.549E+00 -3.390E-01
#  3.000E+01 2.003E-01 7.943E-02 1.209E-01 3.966E-01 0.578E+00 8.423E-01  1.551E+00 -3.280E-01
#  3.500E+01 1.694E-01 5.947E-02 1.099E-01 3.511E-01 0.508E+00 7.123E-01  1.532E+00 -3.360E-01
#  4.000E+01 1.543E-01 4.609E-02 1.082E-01 2.987E-01 0.436E+00 6.488E-01  1.519E+00 -3.850E-01
#
# volume phase function [1/km]:
# -----------------------------
#
# sca.ang. | wavelengths --->
# ---------|------------------
#          | 2.500E-01 3.000E-01 3.500E-01 4.000E-01 4.500E-01 5.000E-01 5.500E-01 6.000E-01 6.500E-01 7.000E-01 7.500E-01 8.000E-01 9.000E-01 1.000E+00 1.250E+00 1.500E+00 1.750E+00 2.000E+00 2.500E+00 3.000E+00 3.200E+00 3.390E+00 3.500E+00 3.750E+00 4.000E+00 4.500E+00 5.000E+00 5.500E+00 6.000E+00 6.200E+00 6.500E+00 7.200E+00 7.900E+00 8.200E+00 8.500E+00 8.700E+00 9.000E+00 9.200E+00 9.500E+00 9.800E+00 1.000E+01 1.060E+01 1.100E+01 1.150E+01 1.250E+01 1.300E+01 1.400E+01 1.480E+01 1.500E+01 1.640E+01 1.720E+01 1.800E+01 1.850E+01 2.000E+01 2.130E+01 2.250E+01 2.500E+01 2.790E+01 3.000E+01 3.500E+01 4.000E+01
#
  0.000E+00  3.604E+02 2.526E+02 1.866E+02 1.440E+02 1.145E+02 9.306E+01 7.764E+01 6.572E+01 5.615E+01 4.874E+01 4.263E+01 3.772E+01 3.014E+01 2.484E+01 1.631E+01 1.145E+01 8.778E+00 6.816E+00 4.624E+00 3.008E+00 2.770E+00 2.557E+00 2.464E+00 2.209E+00 1.989E+00 1.657E+00 1.476E+00 1.449E+00 9.548E-01 9.392E-01 1.018E+00 9.651E-01 8.391E-01 7.769E-01 7.113E-01 6.660E-01 5.964E-01 5.495E-01 4.777E-01 4.051E-01 3.557E-01 2.138E-01 1.461E-01 1.097E-01 1.134E-01 1.183E-01 1.216E-01 1.182E-01 1.172E-01 1.086E-01 1.035E-01 9.853E-02 9.537E-02 8.483E-02 7.488E-02 6.762E-02 5.488E-02 4.308E-02 3.566E-02 2.182E-02 1.424E-02
  1.000E-01  3.449E+02 2.450E+02 1.824E+02 1.415E+02 1.129E+02 9.203E+01 7.693E+01 6.521E+01 5.578E+01 4.846E+01 4.242E+01 3.755E+01 3.004E+01 2.477E+01 1.628E+01 1.144E+01 8.770E+00 6.811E+00 4.622E+00 3.007E+00 2.770E+00 2.556E+00 2.463E+00 2.209E+00 1.988E+00 1.656E+00 1.476E+00 1.448E+00 9.547E-01 9.392E-01 1.018E+00 9.650E-01 8.391E-01 7.769E-01 7.112E-01 6.660E-01 5.964E-01 5.495E-01 4.776E-01 4.050E-01 3.557E-01 2.138E-01 1.461E-01 1.097E-01 1.134E-01 1.183E-01 1.216E-01 1.182E-01 1.172E-01 1.086E-01 1.035E-01 9.853E-02 9.537E-02 8.483E-02 7.488E-02 6.762E-02 5.488E-02 4.308E-02 3.566E-02 2.182E-02 1.424E-02
  2.000E-01  3.028E+02 2.237E+02 1.706E+02 1.344E+02 1.084E+02 8.903E+01 7.483E+01 6.372E+01 5.469E+01 4.764E+01 4.179E+01 3.706E+01 2.972E+01 2.456E+01 1.619E+01 1.140E+01 8.745E+00 6.796E+00 4.615E+00 3.004E+00 2.767E+00 2.554E+00 2.461E+00 2.207E+00 1.987E+00 1.656E+00 1.476E+00 1.448E+00 9.545E-01 9.389E-01 1.018E+00 9.649E-01 8.390E-01 7.768E-01 7.111E-01 6.659E-01 5.963E-01 5.495E-01 4.776E-01 4.050E-01 3.557E-01 2.138E-01 1.461E-01 1.097E-01 1.134E-01 1.183E-01 1.216E-01 1.182E-01 1.172E-01 1.086E-01 1.035E-01 9.853E-02 9.537E-02 8.483E-02 7.488E-02 6.762E-02 5.488E-02 4.308E-02 3.566E-02 2.182E-02 1.424E-02
  3.000E-01  2.453E+02 1.927E+02 1.527E+02 1.234E+02 1.013E+02 8.426E+01 7.149E+01 6.131E+01 5.292E+01 4.631E+01 4.076E+01 3.626E+01 2.921E+01 2.421E+01 1.605E+01 1.132E+01 8.704E+00 6.772E+00 4.605E+00 2.999E+00 2.763E+00 2.551E+00 2.458E+00 2.205E+00 1.985E+00 1.654E+00 1.475E+00 1.447E+00 9.541E-01 9.386E-01 1.017E+00 9.646E-01 8.388E-01 7.766E-01 7.110E-01 6.657E-01 5.962E-01 5.494E-01 4.775E-01 4.049E-01 3.556E-01 2.138E-01 1.461E-01 1.097E-01 1.134E-01 1.183E-01 1.216E-01 1.182E-01 1.172E-01 1.086E-01 1.035E-01 9.852E-02 9.536E-02 8.483E-02 7.488E-02 6.762E-02 5.487E-02 4.308E-02 3.566E-02 2.182E-02 1.424E-02
  4.000E-01  1.849E+02 1.575E+02 1.313E+02 1.098E+02 9.222E+01 7.808E+01 6.709E+01 5.811E+01 5.056E+01 4.452E+01 3.938E+01 3.517E+01 2.852E+01 2.374E+01 1.584E+01 1.122E+01 8.648E+00 6.738E+00 4.590E+00 2.992E+00 2.757E+00 2.546E+00 2.454E+00 2.202E+00 1.983E+00 1.653E+00 1.474E+00 1.446E+00 9.535E-01 9.381E-01 1.017E+00 9.642E-01 8.385E-01 7.764E-01 7.108E-01 6.656E-01 5.961E-01 5.492E-01 4.774E-01 4.048E-01 3.555E-01 2.137E-01 1.461E-01 1.097E-01 1.133E-01 1.183E-01 1.215E-01 1.181E-01 1.172E-01 1.086E-01 1.035E-01 9.851E-02 9.535E-02 8.482E-02 7.487E-02 6.761E-02 5.487E-02 4.307E-02 3.565E-02 2.182E-02 1.423E-02
  5.000E-01  1.314E+02 1.227E+02 1.087E+02 9.474E+01 8.194E+01 7.090E+01 6.189E+01 5.428E+01 4.770E+01 4.233E+01 3.767E+01 3.382E+01 2.765E+01 2.315E+01 1.559E+01 1.110E+01 8.575E+00 6.695E+00 4.571E+00 2.983E+00 2.750E+00 2.540E+00 2.449E+00 2.198E+00 1.979E+00 1.651E+00 1.472E+00 1.445E+00 9.528E-01 9.374E-01 1.016E+00 9.638E-01 8.381E-01 7.761E-01 7.105E-01 6.653E-01 5.958E-01 5.490E-01 4.772E-01 4.047E-01 3.554E-01 2.137E-01 1.460E-01 1.096E-01 1.133E-01 1.182E-01 1.215E-01 1.181E-01 1.172E-01 1.086E-01 1.034E-01 9.850E-02 9.534E-02 8.481E-02 7.487E-02 6.761E-02 5.487E-02 4.307E-02 3.565E-02 2.182E-02 1.423E-02
  6.000E-01  8.926E+01 9.184E+01 8.701E+01 7.953E+01 7.114E+01 6.314E+01 5.615E+01 4.999E+01 4.446E+01 3.982E+01 3.571E+01 3.226E+01 2.663E+01 2.245E+01 1.528E+01 1.095E+01 8.488E+00 6.643E+00 4.548E+00 2.972E+00 2.741E+00 2.533E+00 2.442E+00 2.193E+00 1.975E+00 1.648E+00 1.470E+00 1.444E+00 9.519E-01 9.366E-01 1.015E+00 9.632E-01 8.377E-01 7.757E-01 7.102E-01 6.650E-01 5.956E-01 5.488E-01 4.771E-01 4.046E-01 3.553E-01 2.136E-01 1.460E-01 1.096E-01 1.133E-01 1.182E-01 1.215E-01 1.181E-01 1.172E-01 1.086E-01 1.034E-01 9.849E-02 9.533E-02 8.480E-02 7.486E-02 6.760E-02 5.486E-02 4.307E-02 3.565E-02 2.182E-02 1.423E-02
  7.000E-01  5.899E+01 6.663E+01 6.771E+01 6.513E+01 6.048E+01 5.522E+01 5.017E+01 4.543E+01 4.096E+01 3.708E+01 3.354E+01 3.052E+01 2.548E+01 2.165E+01 1.493E+01 1.077E+01 8.386E+00 6.582E+00 4.521E+00 2.959E+00 2.731E+00 2.524E+00 2.435E+00 2.187E+00 1.971E+00 1.645E+00 1.468E+00 1.442E+00 9.509E-01 9.356E-01 1.014E+00 9.625E-01 8.372E-01 7.752E-01 7.098E-01 6.647E-01 5.953E-01 5.486E-01 4.768E-01 4.044E-01 3.551E-01 2.135E-01 1.459E-01 1.096E-01 1.133E-01 1.182E-01 1.215E-01 1.181E-01 1.172E-01 1.086E-01 1.034E-01 9.847E-02 9.532E-02 8.479E-02 7.485E-02 6.760E-02 5.486E-02 4.307E-02 3.565E-02 2.181E-02 1.423E-02
  8.000E-01  3.863E+01 4.731E+01 5.149E+01 5.221E+01 5.044E+01 4.750E+01 4.417E+01 4.075E+01 3.731E+01 3.419E+01 3.122E+01 2.865E+01 2.422E+01 2.078E+01 1.453E+01 1.057E+01 8.270E+00 6.512E+00 4.490E+00 2.945E+00 2.719E+00 2.515E+00 2.426E+00 2.180E+00 1.965E+00 1.641E+00 1.465E+00 1.440E+00 9.497E-01 9.345E-01 1.013E+00 9.617E-01 8.366E-01 7.747E-01 7.094E-01 6.643E-01 5.950E-01 5.483E-01 4.766E-01 4.042E-01 3.550E-01 2.134E-01 1.459E-01 1.095E-01 1.132E-01 1.182E-01 1.214E-01 1.181E-01 1.171E-01 1.085E-01 1.034E-01 9.846E-02 9.530E-02 8.478E-02 7.484E-02 6.759E-02 5.485E-02 4.306E-02 3.565E-02 2.181E-02 1.423E-02
  9.000E-01  2.552E+01 3.322E+01 3.851E+01 4.112E+01 4.137E+01 4.025E+01 3.836E+01 3.613E+01 3.363E+01 3.122E+01 2.882E+01 2.668E+01 2.288E+01 1.983E+01 1.410E+01 1.035E+01 8.141E+00 6.435E+00 4.455E+00 2.928E+00 2.705E+00 2.503E+00 2.416E+00 2.172E+00 1.959E+00 1.637E+00 1.463E+00 1.438E+00 9.484E-01 9.333E-01 1.012E+00 9.608E-01 8.359E-01 7.741E-01 7.089E-01 6.638E-01 5.946E-01 5.479E-01 4.763E-01 4.040E-01 3.548E-01 2.133E-01 1.458E-01 1.095E-01 1.132E-01 1.181E-01 1.214E-01 1.180E-01 1.171E-01 1.085E-01 1.034E-01 9.844E-02 9.528E-02 8.477E-02 7.483E-02 6.758E-02 5.485E-02 4.306E-02 3.564E-02 2.181E-02 1.423E-02
  1.000E+00  1.726E+01 2.333E+01 2.852E+01 3.195E+01 3.346E+01 3.366E+01 3.292E+01 3.167E+01 3.001E+01 2.826E+01 2.639E+01 2.468E+01 2.149E+01 1.883E+01 1.363E+01 1.011E+01 8.000E+00 6.349E+00 4.416E+00 2.910E+00 2.690E+00 2.491E+00 2.405E+00 2.163E+00 1.952E+00 1.633E+00 1.459E+00 1.435E+00 9.469E-01 9.319E-01 1.011E+00 9.598E-01 8.352E-01 7.735E-01 7.083E-01 6.633E-01 5.941E-01 5.475E-01 4.760E-01 4.037E-01 3.546E-01 2.132E-01 1.457E-01 1.094E-01 1.131E-01 1.181E-01 1.214E-01 1.180E-01 1.171E-01 1.085E-01 1.034E-01 9.842E-02 9.526E-02 8.475E-02 7.482E-02 6.757E-02 5.484E-02 4.305E-02 3.564E-02 2.181E-02 1.423E-02
  1.100E+00  1.208E+01 1.656E+01 2.106E+01 2.461E+01 2.677E+01 2.784E+01 2.795E+01 2.749E+01 2.653E+01 2.536E+01 2.398E+01 2.266E+01 2.007E+01 1.780E+01 1.314E+01 9.850E+00 7.847E+00 6.256E+00 4.374E+00 2.890E+00 2.674E+00 2.478E+00 2.392E+00 2.154E+00 1.945E+00 1.628E+00 1.456E+00 1.433E+00 9.452E-01 9.303E-01 1.009E+00 9.587E-01 8.344E-01 7.728E-01 7.077E-01 6.628E-01 5.937E-01 5.471E-01 4.756E-01 4.034E-01 3.543E-01 2.131E-01 1.457E-01 1.094E-01 1.131E-01 1.180E-01 1.213E-01 1.179E-01 1.170E-01 1.085E-01 1.033E-01 9.839E-02 9.524E-02 8.473E-02 7.480E-02 6.756E-02 5.483E-02 4.305E-02 3.564E-02 2.181E-02 1.423E-02
  1.200E+00  8.788E+00 1.198E+01 1.561E+01 1.887E+01 2.126E+01 2.281E+01 2.351E+01 2.365E+01 2.326E+01 2.259E+01 2.164E+01 2.067E+01 1.863E+01 1.674E+01 1.262E+01 9.576E+00 7.683E+00 6.156E+00 4.328E+00 2.869E+00 2.656E+00 2.463E+00 2.379E+00 2.144E+00 1.936E+00 1.622E+00 1.452E+00 1.430E+00 9.434E-01 9.286E-01 1.008E+00 9.574E-01 8.335E-01 7.720E-01 7.070E-01 6.621E-01 5.932E-01 5.466E-01 4.753E-01 4.031E-01 3.541E-01 2.129E-01 1.456E-01 1.093E-01 1.130E-01 1.180E-01 1.213E-01 1.179E-01 1.170E-01 1.084E-01 1.033E-01 9.836E-02 9.522E-02 8.472E-02 7.479E-02 6.754E-02 5.483E-02 4.304E-02 3.563E-02 2.181E-02 1.423E-02
  1.300E+00  6.642E+00 8.900E+00 1.169E+01 1.447E+01 1.680E+01 1.856E+01 1.962E+01 2.019E+01 2.025E+01 1.997E+01 1.939E+01 1.874E+01 1.721E+01 1.567E+01 1.209E+01 9.288E+00 7.510E+00 6.049E+00 4.279E+00 2.845E+00 2.637E+00 2.447E+00 2.365E+00 2.132E+00 1.927E+00 1.616E+00 1.448E+00 1.427E+00 9.415E-01 9.268E-01 1.006E+00 9.561E-01 8.325E-01 7.711E-01 7.063E-01 6.615E-01 5.926E-01 5.461E-01 4.749E-01 4.028E-01 3.538E-01 2.128E-01 1.455E-01 1.092E-01 1.130E-01 1.179E-01 1.212E-01 1.179E-01 1.169E-01 1.084E-01 1.033E-01 9.834E-02 9.519E-02 8.469E-02 7.477E-02 6.753E-02 5.482E-02 4.304E-02 3.563E-02 2.180E-02 1.423E-02
  1.400E+00  5.200E+00 6.801E+00 8.891E+00 1.115E+01 1.327E+01 1.504E+01 1.628E+01 1.712E+01 1.750E+01 1.755E+01 1.728E+01 1.689E+01 1.581E+01 1.461E+01 1.154E+01 8.989E+00 7.328E+00 5.936E+00 4.227E+00 2.820E+00 2.616E+00 2.430E+00 2.349E+00 2.120E+00 1.918E+00 1.610E+00 1.444E+00 1.423E+00 9.393E-01 9.249E-01 1.004E+00 9.547E-01 8.314E-01 7.702E-01 7.055E-01 6.608E-01 5.920E-01 5.456E-01 4.744E-01 4.024E-01 3.535E-01 2.126E-01 1.454E-01 1.092E-01 1.129E-01 1.178E-01 1.212E-01 1.178E-01 1.169E-01 1.084E-01 1.032E-01 9.830E-02 9.516E-02 8.467E-02 7.475E-02 6.752E-02 5.481E-02 4.303E-02 3.562E-02 2.180E-02 1.423E-02
  1.500E+00  4.197E+00 5.348E+00 6.892E+00 8.678E+00 1.050E+01 1.216E+01 1.346E+01 1.445E+01 1.505E+01 1.533E+01 1.530E+01 1.515E+01 1.446E+01 1.356E+01 1.098E+01 8.680E+00 7.138E+00 5.818E+00 4.171E+00 2.794E+00 2.594E+00 2.412E+00 2.333E+00 2.108E+00 1.908E+00 1.603E+00 1.439E+00 1.419E+00 9.371E-01 9.227E-01 1.002E+00 9.532E-01 8.303E-01 7.692E-01 7.046E-01 6.600E-01 5.913E-01 5.450E-01 4.739E-01 4.020E-01 3.531E-01 2.124E-01 1.452E-01 1.091E-01 1.128E-01 1.178E-01 1.211E-01 1.177E-01 1.168E-01 1.083E-01 1.032E-01 9.827E-02 9.513E-02 8.465E-02 7.474E-02 6.750E-02 5.480E-02 4.302E-02 3.562E-02 2.180E-02 1.422E-02
  1.600E+00  3.471E+00 4.315E+00 5.453E+00 6.836E+00 8.359E+00 9.839E+00 1.110E+01 1.214E+01 1.288E+01 1.333E+01 1.349E+01 1.352E+01 1.316E+01 1.254E+01 1.042E+01 8.363E+00 6.941E+00 5.694E+00 4.113E+00 2.766E+00 2.571E+00 2.392E+00 2.316E+00 2.094E+00 1.897E+00 1.596E+00 1.434E+00 1.415E+00 9.347E-01 9.205E-01 1.000E+00 9.515E-01 8.291E-01 7.682E-01 7.037E-01 6.592E-01 5.906E-01 5.444E-01 4.734E-01 4.016E-01 3.528E-01 2.122E-01 1.451E-01 1.090E-01 1.127E-01 1.177E-01 1.210E-01 1.177E-01 1.168E-01 1.083E-01 1.031E-01 9.824E-02 9.510E-02 8.462E-02 7.472E-02 6.748E-02 5.478E-02 4.302E-02 3.561E-02 2.180E-02 1.422E-02
  1.700E+00  2.924E+00 3.559E+00 4.405E+00 5.467E+00 6.709E+00 7.983E+00 9.151E+00 1.018E+01 1.098E+01 1.154E+01 1.185E+01 1.201E+01 1.194E+01 1.155E+01 9.862E+00 8.042E+00 6.739E+00 5.566E+00 4.052E+00 2.736E+00 2.547E+00 2.372E+00 2.297E+00 2.080E+00 1.885E+00 1.589E+00 1.428E+00 1.411E+00 9.321E-01 9.181E-01 9.979E-01 9.498E-01 8.278E-01 7.670E-01 7.027E-01 6.583E-01 5.899E-01 5.437E-01 4.729E-01 4.012E-01 3.524E-01 2.120E-01 1.450E-01 1.089E-01 1.127E-01 1.176E-01 1.210E-01 1.176E-01 1.167E-01 1.082E-01 1.031E-01 9.820E-02 9.506E-02 8.460E-02 7.469E-02 6.747E-02 5.477E-02 4.301E-02 3.561E-02 2.179E-02 1.422E-02
  1.800E+00  2.495E+00 2.987E+00 3.628E+00 4.444E+00 5.441E+00 6.509E+00 7.558E+00 8.531E+00 9.340E+00 9.957E+00 1.036E+01 1.063E+01 1.078E+01 1.060E+01 9.308E+00 7.716E+00 6.532E+00 5.434E+00 3.989E+00 2.705E+00 2.521E+00 2.351E+00 2.278E+00 2.065E+00 1.873E+00 1.581E+00 1.423E+00 1.407E+00 9.294E-01 9.156E-01 9.955E-01 9.480E-01 8.264E-01 7.659E-01 7.017E-01 6.574E-01 5.891E-01 5.430E-01 4.723E-01 4.007E-01 3.520E-01 2.118E-01 1.448E-01 1.088E-01 1.126E-01 1.175E-01 1.209E-01 1.176E-01 1.166E-01 1.082E-01 1.031E-01 9.816E-02 9.503E-02 8.457E-02 7.467E-02 6.745E-02 5.476E-02 4.300E-02 3.560E-02 2.179E-02 1.422E-02
  1.900E+00  2.147E+00 2.544E+00 3.040E+00 3.673E+00 4.467E+00 5.346E+00 6.263E+00 7.151E+00 7.936E+00 8.574E+00 9.042E+00 9.384E+00 9.706E+00 9.702E+00 8.761E+00 7.390E+00 6.322E+00 5.298E+00 3.923E+00 2.673E+00 2.494E+00 2.329E+00 2.258E+00 2.049E+00 1.861E+00 1.572E+00 1.417E+00 1.402E+00 9.266E-01 9.129E-01 9.930E-01 9.460E-01 8.250E-01 7.646E-01 7.006E-01 6.564E-01 5.883E-01 5.423E-01 4.717E-01 4.002E-01 3.516E-01 2.116E-01 1.447E-01 1.087E-01 1.125E-01 1.174E-01 1.208E-01 1.175E-01 1.166E-01 1.081E-01 1.030E-01 9.812E-02 9.499E-02 8.454E-02 7.465E-02 6.743E-02 5.475E-02 4.299E-02 3.559E-02 2.179E-02 1.422E-02
  2.000E+00  1.859E+00 2.194E+00 2.587E+00 3.084E+00 3.715E+00 4.429E+00 5.216E+00 6.007E+00 6.743E+00 7.374E+00 7.872E+00 8.259E+00 8.712E+00 8.851E+00 8.226E+00 7.063E+00 6.109E+00 5.160E+00 3.855E+00 2.639E+00 2.466E+00 2.305E+00 2.237E+00 2.032E+00 1.847E+00 1.563E+00 1.410E+00 1.397E+00 9.236E-01 9.102E-01 9.904E-01 9.440E-01 8.235E-01 7.633E-01 6.995E-01 6.554E-01 5.874E-01 5.415E-01 4.710E-01 3.997E-01 3.512E-01 2.113E-01 1.445E-01 1.086E-01 1.124E-01 1.174E-01 1.207E-01 1.174E-01 1.165E-01 1.080E-01 1.030E-01 9.807E-02 9.495E-02 8.450E-02 7.462E-02 6.741E-02 5.473E-02 4.298E-02 3.559E-02 2.178E-02 1.422E-02
  3.000E+00  6.492E-01 7.496E-01 8.519E-01 9.599E-01 1.063E+00 1.175E+00 1.300E+00 1.454E+00 1.637E+00 1.839E+00 2.068E+00 2.297E+00 2.757E+00 3.209E+00 3.933E+00 4.099E+00 4.014E+00 3.717E+00 3.099E+00 2.250E+00 2.138E+00 2.030E+00 1.987E+00 1.834E+00 1.687E+00 1.456E+00 1.333E+00 1.336E+00 8.862E-01 8.753E-01 9.574E-01 9.184E-01 8.044E-01 7.467E-01 6.851E-01 6.424E-01 5.764E-01 5.317E-01 4.629E-01 3.932E-01 3.456E-01 2.083E-01 1.426E-01 1.073E-01 1.112E-01 1.162E-01 1.196E-01 1.165E-01 1.156E-01 1.073E-01 1.023E-01 9.750E-02 9.442E-02 8.409E-02 7.430E-02 6.714E-02 5.455E-02 4.286E-02 3.550E-02 2.174E-02 1.419E-02
  4.000E+00  3.444E-01 3.935E-01 4.400E-01 4.865E-01 5.329E-01 5.732E-01 6.185E-01 6.596E-01 7.089E-01 7.586E-01 8.149E-01 8.849E-01 1.037E+00 1.227E+00 1.727E+00 2.134E+00 2.372E+00 2.436E+00 2.320E+00 1.812E+00 1.761E+00 1.707E+00 1.691E+00 1.595E+00 1.490E+00 1.319E+00 1.234E+00 1.256E+00 8.369E-01 8.291E-01 9.135E-01 8.840E-01 7.786E-01 7.241E-01 6.656E-01 6.247E-01 5.613E-01 5.183E-01 4.518E-01 3.842E-01 3.379E-01 2.041E-01 1.399E-01 1.054E-01 1.095E-01 1.145E-01 1.181E-01 1.151E-01 1.143E-01 1.063E-01 1.014E-01 9.671E-02 9.369E-02 8.352E-02 7.384E-02 6.676E-02 5.429E-02 4.269E-02 3.537E-02 2.168E-02 1.416E-02
  5.000E+00  2.383E-01 2.619E-01 2.916E-01 3.158E-01 3.382E-01 3.636E-01 3.887E-01 4.034E-01 4.288E-01 4.502E-01 4.736E-01 4.993E-01 5.596E-01 6.132E-01 8.285E-01 1.102E+00 1.341E+00 1.506E+00 1.645E+00 1.387E+00 1.384E+00 1.376E+00 1.384E+00 1.340E+00 1.276E+00 1.167E+00 1.119E+00 1.162E+00 7.782E-01 7.739E-01 8.606E-01 8.421E-01 7.469E-01 6.963E-01 6.414E-01 6.028E-01 5.427E-01 5.016E-01 4.380E-01 3.730E-01 3.284E-01 1.989E-01 1.366E-01 1.031E-01 1.074E-01 1.125E-01 1.163E-01 1.135E-01 1.127E-01 1.050E-01 1.003E-01 9.570E-02 9.275E-02 8.280E-02 7.326E-02 6.629E-02 5.396E-02 4.247E-02 3.521E-02 2.160E-02 1.411E-02
  6.000E+00  1.885E-01 2.069E-01 2.258E-01 2.389E-01 2.504E-01 2.620E-01 2.803E-01 2.924E-01 3.076E-01 3.203E-01 3.289E-01 3.455E-01 3.724E-01 3.965E-01 4.869E-01 6.220E-01 7.800E-01 9.196E-01 1.128E+00 1.018E+00 1.044E+00 1.070E+00 1.095E+00 1.093E+00 1.064E+00 1.008E+00 9.973E-01 1.060E+00 7.129E-01 7.123E-01 8.010E-01 7.941E-01 7.103E-01 6.640E-01 6.132E-01 5.773E-01 5.208E-01 4.821E-01 4.218E-01 3.598E-01 3.172E-01 1.927E-01 1.326E-01 1.003E-01 1.049E-01 1.100E-01 1.140E-01 1.114E-01 1.107E-01 1.034E-01 9.889E-02 9.448E-02 9.163E-02 8.192E-02 7.257E-02 6.571E-02 5.357E-02 4.221E-02 3.501E-02 2.150E-02 1.406E-02
  8.000E+00  1.434E-01 1.551E-01 1.632E-01 1.687E-01 1.766E-01 1.832E-01 1.867E-01 1.962E-01 2.022E-01 2.075E-01 2.129E-01 2.199E-01 2.279E-01 2.413E-01 2.721E-01 2.994E-01 3.523E-01 3.984E-01 5.316E-01 5.033E-01 5.447E-01 5.965E-01 6.373E-01 6.803E-01 6.942E-01 7.129E-01 7.556E-01 8.465E-01 5.741E-01 5.802E-01 6.710E-01 6.864E-01 6.263E-01 5.897E-01 5.481E-01 5.179E-01 4.698E-01 4.364E-01 3.836E-01 3.287E-01 2.905E-01 1.779E-01 1.230E-01 9.360E-02 9.882E-02 1.040E-01 1.085E-01 1.065E-01 1.059E-01 9.957E-02 9.549E-02 9.147E-02 8.884E-02 7.973E-02 7.082E-02 6.427E-02 5.257E-02 4.155E-02 3.452E-02 2.126E-02 1.393E-02
  1.000E+01  1.219E-01 1.303E-01 1.377E-01 1.415E-01 1.447E-01 1.455E-01 1.516E-01 1.530E-01 1.577E-01 1.601E-01 1.650E-01 1.686E-01 1.713E-01 1.824E-01 1.957E-01 2.055E-01 2.288E-01 2.375E-01 2.920E-01 2.401E-01 2.694E-01 3.170E-01 3.574E-01 4.069E-01 4.336E-01 4.805E-01 5.479E-01 6.492E-01 4.404E-01 4.515E-01 5.406E-01 5.734E-01 5.355E-01 5.084E-01 4.761E-01 4.520E-01 4.127E-01 3.849E-01 3.403E-01 2.932E-01 2.600E-01 1.608E-01 1.119E-01 8.575E-02 9.159E-02 9.686E-02 1.018E-01 1.006E-01 1.001E-01 9.485E-02 9.131E-02 8.776E-02 8.540E-02 7.702E-02 6.865E-02 6.246E-02 5.133E-02 4.072E-02 3.390E-02 2.095E-02 1.375E-02
  1.200E+01  1.100E-01 1.171E-01 1.202E-01 1.244E-01 1.239E-01 1.278E-01 1.307E-01 1.333E-01 1.323E-01 1.339E-01 1.373E-01 1.392E-01 1.424E-01 1.479E-01 1.568E-01 1.598E-01 1.755E-01 1.731E-01 1.982E-01 1.214E-01 1.372E-01 1.739E-01 2.087E-01 2.498E-01 2.743E-01 3.206E-01 3.898E-01 4.856E-01 3.250E-01 3.388E-01 4.224E-01 4.654E-01 4.456E-01 4.268E-01 4.030E-01 3.846E-01 3.538E-01 3.315E-01 2.950E-01 2.557E-01 2.277E-01 1.424E-01 9.981E-02 7.717E-02 8.357E-02 8.887E-02 9.435E-02 9.378E-02 9.352E-02 8.943E-02 8.648E-02 8.346E-02 8.140E-02 7.386E-02 6.610E-02 6.034E-02 4.985E-02 3.973E-02 3.316E-02 2.058E-02 1.355E-02
  1.400E+01  9.773E-02 1.058E-01 1.066E-01 1.093E-01 1.110E-01 1.120E-01 1.138E-01 1.126E-01 1.171E-01 1.180E-01 1.185E-01 1.197E-01 1.225E-01 1.228E-01 1.306E-01 1.358E-01 1.416E-01 1.400E-01 1.544E-01 6.889E-02 7.674E-02 1.051E-01 1.346E-01 1.667E-01 1.851E-01 2.199E-01 2.793E-01 3.601E-01 2.333E-01 2.479E-01 3.233E-01 3.693E-01 3.623E-01 3.502E-01 3.336E-01 3.201E-01 2.967E-01 2.794E-01 2.504E-01 2.185E-01 1.954E-01 1.237E-01 8.746E-02 6.828E-02 7.513E-02 8.040E-02 8.631E-02 8.645E-02 8.636E-02 8.349E-02 8.116E-02 7.869E-02 7.695E-02 7.031E-02 6.323E-02 5.794E-02 4.817E-02 3.860E-02 3.232E-02 2.015E-02 1.331E-02
  1.600E+01  9.006E-02 9.691E-02 9.523E-02 9.747E-02 9.863E-02 9.894E-02 1.017E-01 1.019E-01 1.034E-01 1.041E-01 1.050E-01 1.049E-01 1.050E-01 1.077E-01 1.142E-01 1.152E-01 1.202E-01 1.170E-01 1.280E-01 4.385E-02 4.801E-02 7.157E-02 9.695E-02 1.235E-01 1.367E-01 1.595E-01 2.058E-01 2.688E-01 1.649E-01 1.791E-01 2.448E-01 2.884E-01 2.892E-01 2.820E-01 2.709E-01 2.613E-01 2.441E-01 2.310E-01 2.086E-01 1.833E-01 1.647E-01 1.057E-01 7.535E-02 5.946E-02 6.659E-02 7.177E-02 7.801E-02 7.881E-02 7.889E-02 7.720E-02 7.550E-02 7.358E-02 7.217E-02 6.646E-02 6.010E-02 5.531E-02 4.631E-02 3.734E-02 3.137E-02 1.968E-02 1.304E-02
  1.800E+01  8.492E-02 8.620E-02 8.604E-02 8.787E-02 8.703E-02 9.024E-02 8.980E-02 9.107E-02 9.030E-02 9.083E-02 9.195E-02 9.350E-02 9.555E-02 9.540E-02 9.782E-02 9.911E-02 1.041E-01 9.868E-02 1.090E-01 3.035E-02 3.292E-02 5.375E-02 7.623E-02 9.961E-02 1.094E-01 1.231E-01 1.577E-01 2.042E-01 1.163E-01 1.294E-01 1.853E-01 2.233E-01 2.279E-01 2.239E-01 2.167E-01 2.101E-01 1.977E-01 1.880E-01 1.710E-01 1.513E-01 1.365E-01 8.881E-02 6.393E-02 5.103E-02 5.825E-02 6.327E-02 6.971E-02 7.109E-02 7.131E-02 7.074E-02 6.963E-02 6.826E-02 6.717E-02 6.240E-02 5.677E-02 5.250E-02 4.431E-02 3.597E-02 3.033E-02 1.915E-02 1.275E-02
  2.000E+01  7.913E-02 7.716E-02 7.640E-02 7.798E-02 7.874E-02 7.849E-02 7.928E-02 7.931E-02 8.167E-02 8.219E-02 8.204E-02 8.244E-02 8.268E-02 8.077E-02 8.485E-02 8.771E-02 8.789E-02 8.469E-02 9.393E-02 2.218E-02 2.404E-02 4.309E-02 6.352E-02 8.466E-02 9.254E-02 1.001E-01 1.257E-01 1.587E-01 8.265E-02 9.458E-02 1.415E-01 1.725E-01 1.781E-01 1.760E-01 1.715E-01 1.669E-01 1.581E-01 1.510E-01 1.383E-01 1.232E-01 1.117E-01 7.361E-02 5.350E-02 4.322E-02 5.035E-02 5.514E-02 6.163E-02 6.349E-02 6.384E-02 6.425E-02 6.369E-02 6.284E-02 6.206E-02 5.820E-02 5.331E-02 4.955E-02 4.220E-02 3.451E-02 2.923E-02 1.858E-02 1.242E-02
  2.200E+01  6.986E-02 6.672E-02 6.965E-02 6.968E-02 7.023E-02 6.894E-02 7.117E-02 7.056E-02 7.176E-02 7.198E-02 7.181E-02 7.311E-02 7.233E-02 7.567E-02 7.602E-02 7.412E-02 7.729E-02 7.273E-02 8.138E-02 1.680E-02 1.830E-02 3.598E-02 5.483E-02 7.394E-02 8.065E-02 8.439E-02 1.034E-01 1.261E-01 5.980E-02 7.061E-02 1.096E-01 1.338E-01 1.388E-01 1.377E-01 1.347E-01 1.316E-01 1.253E-01 1.202E-01 1.107E-01 9.918E-02 9.026E-02 6.027E-02 4.423E-02 3.617E-02 4.304E-02 4.755E-02 5.396E-02 5.619E-02 5.663E-02 5.789E-02 5.782E-02 5.743E-02 5.694E-02 5.394E-02 4.977E-02 4.653E-02 4.000E-02 3.298E-02 2.806E-02 1.798E-02 1.208E-02
  2.400E+01  5.812E-02 5.752E-02 6.379E-02 6.199E-02 6.114E-02 6.277E-02 6.374E-02 6.354E-02 6.254E-02 6.270E-02 6.277E-02 6.485E-02 6.598E-02 6.484E-02 6.538E-02 6.593E-02 6.784E-02 6.324E-02 7.076E-02 1.306E-02 1.435E-02 3.083E-02 4.823E-02 6.559E-02 7.138E-02 7.264E-02 8.690E-02 1.023E-01 4.429E-02 5.411E-02 8.649E-02 1.047E-01 1.084E-01 1.077E-01 1.056E-01 1.034E-01 9.883E-02 9.504E-02 8.791E-02 7.919E-02 7.232E-02 4.886E-02 3.619E-02 2.997E-02 3.643E-02 4.061E-02 4.682E-02 4.930E-02 4.982E-02 5.176E-02 5.211E-02 5.213E-02 5.190E-02 4.970E-02 4.621E-02 4.346E-02 3.774E-02 3.140E-02 2.684E-02 1.734E-02 1.171E-02
  2.600E+01  4.788E-02 5.161E-02 5.666E-02 5.424E-02 5.489E-02 5.626E-02 5.500E-02 5.599E-02 5.570E-02 5.587E-02 5.731E-02 5.564E-02 5.672E-02 5.725E-02 5.788E-02 5.797E-02 5.874E-02 5.513E-02 6.146E-02 1.037E-02 1.151E-02 2.692E-02 4.284E-02 5.877E-02 6.366E-02 6.320E-02 7.408E-02 8.420E-02 3.363E-02 4.259E-02 6.955E-02 8.282E-02 8.504E-02 8.442E-02 8.285E-02 8.119E-02 7.777E-02 7.492E-02 6.953E-02 6.288E-02 5.759E-02 3.930E-02 2.936E-02 2.461E-02 3.059E-02 3.441E-02 4.031E-02 4.293E-02 4.350E-02 4.595E-02 4.665E-02 4.702E-02 4.702E-02 4.554E-02 4.268E-02 4.040E-02 3.546E-02 2.978E-02 2.559E-02 1.668E-02 1.133E-02
  2.800E+01  4.930E-02 5.037E-02 4.736E-02 4.804E-02 4.928E-02 4.890E-02 4.740E-02 4.900E-02 4.958E-02 4.943E-02 4.910E-02 5.092E-02 4.955E-02 5.129E-02 5.136E-02 4.941E-02 5.186E-02 4.778E-02 5.344E-02 8.374E-03 9.416E-03 2.382E-02 3.830E-02 5.295E-02 5.694E-02 5.528E-02 6.367E-02 7.014E-02 2.616E-02 3.436E-02 5.691E-02 6.638E-02 6.730E-02 6.661E-02 6.528E-02 6.395E-02 6.127E-02 5.907E-02 5.492E-02 4.979E-02 4.569E-02 3.143E-02 2.366E-02 2.006E-02 2.549E-02 2.894E-02 3.446E-02 3.713E-02 3.773E-02 4.054E-02 4.151E-02 4.217E-02 4.235E-02 4.150E-02 3.922E-02 3.738E-02 3.318E-02 2.814E-02 2.432E-02 1.600E-02 1.094E-02
  3.000E+01  4.380E-02 4.478E-02 4.268E-02 4.255E-02 4.413E-02 4.224E-02 4.210E-02 4.225E-02 4.409E-02 4.409E-02 4.365E-02 4.355E-02 4.406E-02 4.400E-02 4.389E-02 4.423E-02 4.458E-02 4.210E-02 4.645E-02 6.869E-03 7.836E-03 2.129E-02 3.445E-02 4.774E-02 5.093E-02 4.845E-02 5.500E-02 5.893E-02 2.079E-02 2.831E-02 4.726E-02 5.391E-02 5.381E-02 5.302E-02 5.180E-02 5.066E-02 4.846E-02 4.671E-02 4.343E-02 3.941E-02 3.621E-02 2.505E-02 1.899E-02 1.627E-02 2.113E-02 2.421E-02 2.930E-02 3.193E-02 3.253E-02 3.557E-02 3.674E-02 3.761E-02 3.795E-02 3.764E-02 3.588E-02 3.443E-02 3.093E-02 2.650E-02 2.304E-02 1.531E-02 1.053E-02
  3.200E+01  3.529E-02 3.615E-02 3.933E-02 3.718E-02 3.663E-02 3.730E-02 3.763E-02 3.759E-02 3.804E-02 3.809E-02 3.801E-02 3.855E-02 3.752E-02 3.938E-02 4.034E-02 3.843E-02 3.930E-02 3.692E-02 4.022E-02 5.710E-03 6.621E-03 1.915E-02 3.118E-02 4.294E-02 4.550E-02 4.252E-02 4.765E-02 4.983E-02 1.682E-02 2.370E-02 3.973E-02 4.432E-02 4.350E-02 4.262E-02 4.145E-02 4.044E-02 3.857E-02 3.713E-02 3.448E-02 3.127E-02 2.873E-02 1.994E-02 1.519E-02 1.315E-02 1.744E-02 2.016E-02 2.479E-02 2.733E-02 2.791E-02 3.106E-02 3.236E-02 3.339E-02 3.385E-02 3.399E-02 3.269E-02 3.159E-02 2.873E-02 2.488E-02 2.175E-02 1.461E-02 1.012E-02
  3.400E+01  3.564E-02 3.383E-02 3.238E-02 3.465E-02 3.242E-02 3.405E-02 3.379E-02 3.309E-02 3.306E-02 3.318E-02 3.348E-02 3.361E-02 3.388E-02 3.380E-02 3.352E-02 3.386E-02 3.440E-02 3.227E-02 3.491E-02 4.804E-03 5.670E-03 1.731E-02 2.830E-02 3.853E-02 4.059E-02 3.735E-02 4.137E-02 4.235E-02 1.380E-02 2.010E-02 3.372E-02 3.685E-02 3.556E-02 3.463E-02 3.350E-02 3.258E-02 3.095E-02 2.972E-02 2.753E-02 2.492E-02 2.287E-02 1.588E-02 1.215E-02 1.061E-02 1.435E-02 1.673E-02 2.089E-02 2.329E-02 2.386E-02 2.700E-02 2.838E-02 2.952E-02 3.006E-02 3.056E-02 2.966E-02 2.887E-02 2.658E-02 2.328E-02 2.049E-02 1.390E-02 9.704E-03
  3.600E+01  2.787E-02 2.890E-02 3.006E-02 2.798E-02 2.992E-02 2.953E-02 2.875E-02 2.961E-02 2.890E-02 2.901E-02 2.991E-02 2.883E-02 2.883E-02 2.939E-02 3.083E-02 2.919E-02 3.037E-02 2.822E-02 3.034E-02 4.085E-03 4.915E-03 1.571E-02 2.569E-02 3.462E-02 3.621E-02 3.283E-02 3.599E-02 3.615E-02 1.145E-02 1.721E-02 2.884E-02 3.093E-02 2.938E-02 2.843E-02 2.736E-02 2.651E-02 2.505E-02 2.400E-02 2.214E-02 1.998E-02 1.831E-02 1.268E-02 9.723E-03 8.552E-03 1.180E-02 1.387E-02 1.757E-02 1.980E-02 2.033E-02 2.340E-02 2.480E-02 2.601E-02 2.661E-02 2.739E-02 2.682E-02 2.630E-02 2.453E-02 2.172E-02 1.924E-02 1.320E-02 9.284E-03
  3.800E+01  2.750E-02 2.600E-02 2.578E-02 2.517E-02 2.473E-02 2.683E-02 2.549E-02 2.550E-02 2.512E-02 2.521E-02 2.556E-02 2.619E-02 2.590E-02 2.647E-02 2.613E-02 2.592E-02 2.636E-02 2.499E-02 2.638E-02 3.508E-03 4.305E-03 1.430E-02 2.330E-02 3.120E-02 3.233E-02 2.888E-02 3.136E-02 3.097E-02 9.593E-03 1.484E-02 2.481E-02 2.617E-02 2.452E-02 2.359E-02 2.256E-02 2.178E-02 2.048E-02 1.955E-02 1.795E-02 1.614E-02 1.475E-02 1.016E-02 7.803E-03 6.904E-03 9.694E-03 1.149E-02 1.476E-02 1.680E-02 1.729E-02 2.022E-02 2.162E-02 2.284E-02 2.348E-02 2.447E-02 2.417E-02 2.388E-02 2.256E-02 2.021E-02 1.802E-02 1.251E-02 8.865E-03
  4.000E+01  2.205E-02 2.189E-02 2.146E-02 2.159E-02 2.286E-02 2.200E-02 2.137E-02 2.245E-02 2.264E-02 2.272E-02 2.277E-02 2.237E-02 2.235E-02 2.210E-02 2.305E-02 2.287E-02 2.283E-02 2.218E-02 2.290E-02 3.038E-03 3.805E-03 1.305E-02 2.115E-02 2.812E-02 2.886E-02 2.542E-02 2.738E-02 2.663E-02 8.099E-03 1.287E-02 2.146E-02 2.231E-02 2.064E-02 1.975E-02 1.879E-02 1.808E-02 1.690E-02 1.608E-02 1.469E-02 1.314E-02 1.197E-02 8.195E-03 6.287E-03 5.588E-03 7.977E-03 9.521E-03 1.239E-02 1.424E-02 1.469E-02 1.745E-02 1.880E-02 2.002E-02 2.067E-02 2.180E-02 2.173E-02 2.163E-02 2.069E-02 1.876E-02 1.684E-02 1.183E-02 8.448E-03
  4.200E+01  2.100E-02 2.026E-02 1.947E-02 1.929E-02 1.905E-02 2.004E-02 1.895E-02 1.919E-02 1.963E-02 1.963E-02 1.956E-02 2.010E-02 1.958E-02 2.039E-02 2.042E-02 1.981E-02 2.075E-02 1.941E-02 1.984E-02 2.653E-03 3.391E-03 1.193E-02 1.923E-02 2.527E-02 2.573E-02 2.239E-02 2.395E-02 2.298E-02 6.883E-03 1.122E-02 1.864E-02 1.913E-02 1.751E-02 1.667E-02 1.579E-02 1.514E-02 1.408E-02 1.335E-02 1.213E-02 1.080E-02 9.803E-03 6.652E-03 5.093E-03 4.541E-03 6.581E-03 7.908E-03 1.042E-02 1.208E-02 1.249E-02 1.504E-02 1.633E-02 1.752E-02 1.816E-02 1.938E-02 1.949E-02 1.954E-02 1.894E-02 1.737E-02 1.569E-02 1.116E-02 8.036E-03
  4.400E+01  1.631E-02 1.583E-02 1.772E-02 1.596E-02 1.667E-02 1.585E-02 1.621E-02 1.717E-02 1.730E-02 1.740E-02 1.715E-02 1.733E-02 1.674E-02 1.734E-02 1.770E-02 1.738E-02 1.777E-02 1.697E-02 1.731E-02 2.333E-03 3.044E-03 1.090E-02 1.749E-02 2.267E-02 2.294E-02 1.976E-02 2.099E-02 1.990E-02 5.883E-03 9.821E-03 1.625E-02 1.650E-02 1.496E-02 1.419E-02 1.338E-02 1.279E-02 1.183E-02 1.118E-02 1.011E-02 8.948E-03 8.096E-03 5.439E-03 4.152E-03 3.709E-03 5.448E-03 6.588E-03 8.774E-03 1.025E-02 1.062E-02 1.296E-02 1.418E-02 1.531E-02 1.594E-02 1.720E-02 1.744E-02 1.761E-02 1.729E-02 1.605E-02 1.460E-02 1.051E-02 7.632E-03
  4.600E+01  1.517E-02 1.510E-02 1.364E-02 1.562E-02 1.530E-02 1.472E-02 1.464E-02 1.455E-02 1.501E-02 1.498E-02 1.471E-02 1.513E-02 1.535E-02 1.531E-02 1.549E-02 1.523E-02 1.578E-02 1.512E-02 1.514E-02 2.066E-03 2.749E-03 9.976E-03 1.590E-02 2.038E-02 2.049E-02 1.746E-02 1.844E-02 1.729E-02 5.055E-03 8.626E-03 1.422E-02 1.429E-02 1.287E-02 1.215E-02 1.142E-02 1.088E-02 1.003E-02 9.445E-03 8.498E-03 7.482E-03 6.744E-03 4.483E-03 3.408E-03 3.046E-03 4.531E-03 5.509E-03 7.410E-03 8.718E-03 9.049E-03 1.118E-02 1.231E-02 1.338E-02 1.399E-02 1.525E-02 1.559E-02 1.585E-02 1.576E-02 1.480E-02 1.356E-02 9.878E-03 7.236E-03
  4.800E+01  1.377E-02 1.289E-02 1.319E-02 1.264E-02 1.224E-02 1.284E-02 1.279E-02 1.278E-02 1.290E-02 1.307E-02 1.292E-02 1.303E-02 1.291E-02 1.332E-02 1.361E-02 1.356E-02 1.400E-02 1.348E-02 1.320E-02 1.841E-03 2.496E-03 9.137E-03 1.445E-02 1.835E-02 1.831E-02 1.546E-02 1.623E-02 1.507E-02 4.365E-03 7.603E-03 1.248E-02 1.244E-02 1.112E-02 1.048E-02 9.810E-03 9.327E-03 8.560E-03 8.041E-03 7.201E-03 6.308E-03 5.665E-03 3.725E-03 2.819E-03 2.519E-03 3.787E-03 4.630E-03 6.282E-03 7.436E-03 7.730E-03 9.657E-03 1.070E-02 1.170E-02 1.227E-02 1.351E-02 1.392E-02 1.425E-02 1.435E-02 1.363E-02 1.257E-02 9.271E-03 6.851E-03
  5.000E+01  1.153E-02 1.026E-02 1.170E-02 1.045E-02 1.125E-02 1.032E-02 1.062E-02 1.140E-02 1.100E-02 1.109E-02 1.139E-02 1.155E-02 1.179E-02 1.177E-02 1.185E-02 1.187E-02 1.222E-02 1.184E-02 1.151E-02 1.650E-03 2.277E-03 8.376E-03 1.317E-02 1.649E-02 1.635E-02 1.370E-02 1.433E-02 1.319E-02 3.785E-03 6.721E-03 1.099E-02 1.087E-02 9.668E-03 9.082E-03 8.479E-03 8.045E-03 7.358E-03 6.895E-03 6.148E-03 5.361E-03 4.798E-03 3.120E-03 2.349E-03 2.097E-03 3.185E-03 3.912E-03 5.349E-03 6.365E-03 6.626E-03 8.358E-03 9.310E-03 1.024E-02 1.077E-02 1.197E-02 1.243E-02 1.280E-02 1.304E-02 1.253E-02 1.163E-02 8.688E-03 6.478E-03
  5.200E+01  9.514E-03 9.817E-03 8.827E-03 9.992E-03 1.018E-02 8.958E-03 9.951E-03 9.671E-03 9.969E-03 1.002E-02 9.995E-03 9.573E-03 9.875E-03 9.989E-03 1.028E-02 1.042E-02 1.074E-02 1.041E-02 1.010E-02 1.487E-03 2.086E-03 7.678E-03 1.201E-02 1.478E-02 1.459E-02 1.217E-02 1.267E-02 1.157E-02 3.297E-03 5.960E-03 9.707E-03 9.540E-03 8.442E-03 7.913E-03 7.370E-03 6.980E-03 6.364E-03 5.950E-03 5.286E-03 4.589E-03 4.094E-03 2.634E-03 1.973E-03 1.758E-03 2.695E-03 3.324E-03 4.577E-03 5.471E-03 5.702E-03 7.253E-03 8.119E-03 8.970E-03 9.469E-03 1.061E-02 1.109E-02 1.149E-02 1.184E-02 1.151E-02 1.076E-02 8.131E-03 6.117E-03
  5.400E+01  8.864E-03 8.876E-03 7.402E-03 8.805E-03 8.144E-03 8.429E-03 8.792E-03 8.127E-03 8.347E-03 8.408E-03 8.462E-03 8.761E-03 8.900E-03 9.003E-03 9.197E-03 9.084E-03 9.674E-03 9.318E-03 8.891E-03 1.347E-03 1.918E-03 7.037E-03 1.093E-02 1.330E-02 1.307E-02 1.083E-02 1.124E-02 1.020E-02 2.883E-03 5.301E-03 8.600E-03 8.402E-03 7.404E-03 6.926E-03 6.438E-03 6.088E-03 5.536E-03 5.166E-03 4.574E-03 3.956E-03 3.518E-03 2.241E-03 1.669E-03 1.485E-03 2.295E-03 2.843E-03 3.938E-03 4.725E-03 4.929E-03 6.315E-03 7.098E-03 7.877E-03 8.337E-03 9.414E-03 9.897E-03 1.032E-02 1.075E-02 1.056E-02 9.933E-03 7.602E-03 5.771E-03
  5.600E+01  7.336E-03 7.844E-03 6.662E-03 7.130E-03 6.514E-03 7.403E-03 7.541E-03 7.195E-03 7.066E-03 7.239E-03 7.363E-03 7.124E-03 7.610E-03 7.650E-03 7.991E-03 8.154E-03 8.570E-03 8.238E-03 7.807E-03 1.226E-03 1.770E-03 6.450E-03 9.911E-03 1.205E-02 1.176E-02 9.664E-03 9.994E-03 9.012E-03 2.531E-03 4.727E-03 7.643E-03 7.427E-03 6.521E-03 6.090E-03 5.651E-03 5.336E-03 4.841E-03 4.510E-03 3.981E-03 3.431E-03 3.043E-03 1.920E-03 1.423E-03 1.263E-03 1.968E-03 2.446E-03 3.408E-03 4.101E-03 4.282E-03 5.518E-03 6.225E-03 6.935E-03 7.357E-03 8.362E-03 8.840E-03 9.266E-03 9.754E-03 9.679E-03 9.165E-03 7.100E-03 5.439E-03
  5.800E+01  6.631E-03 6.388E-03 6.190E-03 5.590E-03 5.588E-03 6.094E-03 6.177E-03 6.346E-03 5.854E-03 6.032E-03 6.250E-03 6.399E-03 6.697E-03 6.805E-03 6.762E-03 7.115E-03 7.376E-03 7.332E-03 6.869E-03 1.122E-03 1.638E-03 5.916E-03 8.999E-03 1.092E-02 1.059E-02 8.639E-03 8.910E-03 7.994E-03 2.230E-03 4.228E-03 6.813E-03 6.589E-03 5.767E-03 5.378E-03 4.982E-03 4.699E-03 4.254E-03 3.957E-03 3.484E-03 2.992E-03 2.648E-03 1.656E-03 1.221E-03 1.081E-03 1.698E-03 2.119E-03 2.966E-03 3.578E-03 3.739E-03 4.842E-03 5.479E-03 6.123E-03 6.509E-03 7.441E-03 7.905E-03 8.327E-03 8.851E-03 8.871E-03 8.452E-03 6.625E-03 5.122E-03
  6.000E+01  5.744E-03 5.144E-03 5.328E-03 4.715E-03 4.834E-03 5.011E-03 5.119E-03 5.573E-03 5.136E-03 5.302E-03 5.634E-03 5.307E-03 5.798E-03 5.753E-03 6.239E-03 6.353E-03 6.606E-03 6.588E-03 6.080E-03 1.031E-03 1.520E-03 5.432E-03 8.223E-03 9.832E-03 9.506E-03 7.740E-03 7.966E-03 7.115E-03 1.973E-03 3.792E-03 6.091E-03 5.866E-03 5.119E-03 4.768E-03 4.410E-03 4.155E-03 3.756E-03 3.488E-03 3.064E-03 2.624E-03 2.317E-03 1.437E-03 1.055E-03 9.323E-04 1.475E-03 1.847E-03 2.597E-03 3.139E-03 3.282E-03 4.268E-03 4.841E-03 5.424E-03 5.776E-03 6.635E-03 7.079E-03 7.490E-03 8.035E-03 8.130E-03 7.791E-03 6.179E-03 4.821E-03
  6.200E+01  4.986E-03 4.247E-03 4.551E-03 4.132E-03 4.338E-03 4.117E-03 4.318E-03 4.783E-03 4.431E-03 4.565E-03 4.772E-03 4.707E-03 4.994E-03 5.082E-03 5.329E-03 5.548E-03 6.008E-03 5.752E-03 5.393E-03 9.515E-04 1.415E-03 4.991E-03 7.541E-03 8.827E-03 8.534E-03 6.951E-03 7.143E-03 6.355E-03 1.752E-03 3.410E-03 5.461E-03 5.240E-03 4.561E-03 4.243E-03 3.920E-03 3.690E-03 3.330E-03 3.089E-03 2.707E-03 2.313E-03 2.037E-03 1.254E-03 9.166E-04 8.090E-04 1.290E-03 1.620E-03 2.288E-03 2.770E-03 2.897E-03 3.779E-03 4.295E-03 4.823E-03 5.142E-03 5.930E-03 6.351E-03 6.747E-03 7.298E-03 7.451E-03 7.181E-03 5.760E-03 4.536E-03
  6.400E+01  4.212E-03 3.635E-03 3.953E-03 3.524E-03 3.727E-03 3.458E-03 3.641E-03 4.208E-03 3.874E-03 3.977E-03 4.171E-03 4.062E-03 4.342E-03 4.474E-03 4.621E-03 4.827E-03 5.341E-03 5.095E-03 4.774E-03 8.820E-04 1.320E-03 4.587E-03 6.895E-03 7.985E-03 7.702E-03 6.258E-03 6.423E-03 5.695E-03 1.561E-03 3.075E-03 4.912E-03 4.698E-03 4.080E-03 3.791E-03 3.499E-03 3.290E-03 2.964E-03 2.747E-03 2.403E-03 2.048E-03 1.801E-03 1.101E-03 8.013E-04 7.062E-04 1.135E-03 1.430E-03 2.027E-03 2.458E-03 2.572E-03 3.362E-03 3.827E-03 4.305E-03 4.595E-03 5.315E-03 5.710E-03 6.088E-03 6.636E-03 6.831E-03 6.619E-03 5.369E-03 4.267E-03
  6.600E+01  3.579E-03 3.141E-03 3.285E-03 3.025E-03 3.196E-03 2.961E-03 3.143E-03 3.441E-03 3.516E-03 3.627E-03 3.619E-03 3.367E-03 3.710E-03 3.703E-03 4.066E-03 4.466E-03 4.463E-03 4.690E-03 4.257E-03 8.208E-04 1.234E-03 4.218E-03 6.284E-03 7.283E-03 6.987E-03 5.647E-03 5.792E-03 5.123E-03 1.396E-03 2.780E-03 4.431E-03 4.225E-03 3.662E-03 3.399E-03 3.134E-03 2.945E-03 2.649E-03 2.452E-03 2.141E-03 1.821E-03 1.598E-03 9.711E-04 7.043E-04 6.201E-04 1.005E-03 1.270E-03 1.807E-03 2.193E-03 2.295E-03 3.006E-03 3.425E-03 3.858E-03 4.121E-03 4.778E-03 5.146E-03 5.503E-03 6.040E-03 6.266E-03 6.103E-03 5.004E-03 4.013E-03
  6.800E+01  2.970E-03 2.567E-03 2.820E-03 2.528E-03 2.660E-03 2.556E-03 2.639E-03 3.013E-03 2.869E-03 2.957E-03 2.987E-03 3.013E-03 3.357E-03 3.292E-03 3.635E-03 3.922E-03 4.148E-03 4.167E-03 3.807E-03 7.670E-04 1.156E-03 3.881E-03 5.736E-03 6.641E-03 6.344E-03 5.111E-03 5.238E-03 4.625E-03 1.252E-03 2.521E-03 4.009E-03 3.814E-03 3.299E-03 3.059E-03 2.818E-03 2.646E-03 2.377E-03 2.198E-03 1.916E-03 1.626E-03 1.425E-03 8.608E-04 6.222E-04 5.475E-04 8.942E-04 1.134E-03 1.620E-03 1.967E-03 2.060E-03 2.701E-03 3.079E-03 3.472E-03 3.711E-03 4.309E-03 4.650E-03 4.986E-03 5.507E-03 5.753E-03 5.630E-03 4.664E-03 3.775E-03
  7.000E+01  2.459E-03 2.094E-03 2.303E-03 2.141E-03 2.329E-03 2.111E-03 2.270E-03 2.704E-03 2.582E-03 2.678E-03 2.778E-03 2.487E-03 2.716E-03 2.993E-03 3.064E-03 3.364E-03 3.815E-03 3.598E-03 3.393E-03 7.194E-04 1.086E-03 3.573E-03 5.253E-03 6.043E-03 5.765E-03 4.638E-03 4.751E-03 4.190E-03 1.128E-03 2.292E-03 3.638E-03 3.454E-03 2.982E-03 2.763E-03 2.542E-03 2.386E-03 2.141E-03 1.978E-03 1.721E-03 1.458E-03 1.276E-03 7.664E-04 5.524E-04 4.860E-04 8.005E-04 1.019E-03 1.460E-03 1.774E-03 1.858E-03 2.439E-03 2.781E-03 3.137E-03 3.355E-03 3.899E-03 4.214E-03 4.528E-03 5.029E-03 5.288E-03 5.198E-03 4.349E-03 3.552E-03
  7.200E+01  1.922E-03 1.716E-03 1.960E-03 1.739E-03 1.934E-03 1.869E-03 1.969E-03 2.268E-03 2.143E-03 2.233E-03 2.221E-03 2.186E-03 2.531E-03 2.428E-03 2.814E-03 3.029E-03 3.233E-03 3.293E-03 3.052E-03 6.772E-04 1.022E-03 3.293E-03 4.816E-03 5.524E-03 5.258E-03 4.222E-03 4.324E-03 3.810E-03 1.019E-03 2.090E-03 3.312E-03 3.138E-03 2.705E-03 2.505E-03 2.302E-03 2.159E-03 1.935E-03 1.786E-03 1.552E-03 1.312E-03 1.147E-03 6.854E-04 4.928E-04 4.336E-04 7.204E-04 9.198E-04 1.323E-03 1.609E-03 1.685E-03 2.213E-03 2.524E-03 2.847E-03 3.046E-03 3.541E-03 3.831E-03 4.124E-03 4.601E-03 4.867E-03 4.803E-03 4.058E-03 3.344E-03
  7.400E+01  1.606E-03 1.540E-03 1.608E-03 1.436E-03 1.531E-03 1.616E-03 1.541E-03 1.998E-03 1.772E-03 1.857E-03 2.026E-03 1.980E-03 2.105E-03 2.260E-03 2.438E-03 2.803E-03 2.880E-03 3.037E-03 2.769E-03 6.399E-04 9.643E-04 3.040E-03 4.426E-03 5.066E-03 4.807E-03 3.854E-03 3.948E-03 3.477E-03 9.238E-04 1.911E-03 3.024E-03 2.862E-03 2.463E-03 2.278E-03 2.093E-03 1.961E-03 1.755E-03 1.619E-03 1.405E-03 1.186E-03 1.035E-03 6.155E-04 4.415E-04 3.888E-04 6.517E-04 8.348E-04 1.205E-03 1.466E-03 1.535E-03 2.017E-03 2.300E-03 2.595E-03 2.776E-03 3.226E-03 3.493E-03 3.765E-03 4.218E-03 4.486E-03 4.444E-03 3.789E-03 3.151E-03
  7.600E+01  1.311E-03 1.332E-03 1.336E-03 1.299E-03 1.335E-03 1.432E-03 1.387E-03 1.661E-03 1.530E-03 1.618E-03 1.737E-03 1.656E-03 1.809E-03 1.954E-03 2.092E-03 2.388E-03 2.686E-03 2.640E-03 2.496E-03 6.067E-04 9.116E-04 2.811E-03 4.088E-03 4.627E-03 4.392E-03 3.528E-03 3.618E-03 3.186E-03 8.405E-04 1.752E-03 2.770E-03 2.618E-03 2.250E-03 2.080E-03 1.908E-03 1.787E-03 1.598E-03 1.473E-03 1.276E-03 1.075E-03 9.372E-04 5.550E-04 3.974E-04 3.502E-04 5.925E-04 7.614E-04 1.103E-03 1.342E-03 1.406E-03 1.847E-03 2.106E-03 2.375E-03 2.540E-03 2.951E-03 3.195E-03 3.448E-03 3.876E-03 4.141E-03 4.117E-03 3.541E-03 2.971E-03
  7.800E+01  1.131E-03 1.162E-03 1.132E-03 1.185E-03 1.187E-03 1.299E-03 1.320E-03 1.365E-03 1.288E-03 1.371E-03 1.381E-03 1.505E-03 1.635E-03 1.695E-03 1.981E-03 2.090E-03 2.395E-03 2.321E-03 2.251E-03 5.771E-04 8.636E-04 2.602E-03 3.783E-03 4.231E-03 4.026E-03 3.240E-03 3.326E-03 2.930E-03 7.673E-04 1.611E-03 2.545E-03 2.403E-03 2.062E-03 1.905E-03 1.747E-03 1.634E-03 1.460E-03 1.344E-03 1.163E-03 9.787E-04 8.519E-04 5.024E-04 3.591E-04 3.170E-04 5.413E-04 6.979E-04 1.014E-03 1.235E-03 1.294E-03 1.699E-03 1.936E-03 2.183E-03 2.334E-03 2.709E-03 2.932E-03 3.167E-03 3.571E-03 3.830E-03 3.819E-03 3.314E-03 2.805E-03
  8.000E+01  8.947E-04 9.259E-04 9.694E-04 1.015E-03 9.797E-04 1.157E-03 1.169E-03 1.158E-03 1.086E-03 1.150E-03 1.193E-03 1.363E-03 1.458E-03 1.597E-03 1.742E-03 1.927E-03 2.183E-03 2.176E-03 2.062E-03 5.508E-04 8.198E-04 2.410E-03 3.484E-03 3.923E-03 3.723E-03 2.986E-03 3.069E-03 2.706E-03 7.030E-04 1.485E-03 2.345E-03 2.214E-03 1.897E-03 1.751E-03 1.604E-03 1.500E-03 1.339E-03 1.232E-03 1.064E-03 8.939E-04 7.772E-04 4.566E-04 3.259E-04 2.882E-04 4.969E-04 6.427E-04 9.368E-04 1.141E-03 1.195E-03 1.569E-03 1.787E-03 2.015E-03 2.153E-03 2.495E-03 2.700E-03 2.918E-03 3.297E-03 3.550E-03 3.550E-03 3.105E-03 2.652E-03
  8.200E+01  8.184E-04 7.811E-04 8.102E-04 8.442E-04 9.330E-04 8.973E-04 9.875E-04 1.038E-03 1.038E-03 1.095E-03 1.133E-03 1.146E-03 1.192E-03 1.342E-03 1.510E-03 1.758E-03 1.881E-03 2.006E-03 1.911E-03 5.273E-04 7.800E-04 2.234E-03 3.202E-03 3.675E-03 3.464E-03 2.761E-03 2.841E-03 2.509E-03 6.462E-04 1.373E-03 2.168E-03 2.046E-03 1.751E-03 1.615E-03 1.478E-03 1.382E-03 1.231E-03 1.132E-03 9.768E-04 8.193E-04 7.116E-04 4.165E-04 2.970E-04 2.632E-04 4.583E-04 5.946E-04 8.693E-04 1.059E-03 1.110E-03 1.456E-03 1.657E-03 1.866E-03 1.994E-03 2.307E-03 2.495E-03 2.697E-03 3.053E-03 3.297E-03 3.305E-03 2.913E-03 2.510E-03
  8.400E+01  6.775E-04 6.707E-04 7.452E-04 7.419E-04 7.887E-04 8.553E-04 8.770E-04 9.150E-04 9.809E-04 1.032E-03 1.050E-03 9.535E-04 1.126E-03 1.167E-03 1.390E-03 1.522E-03 1.741E-03 1.733E-03 1.749E-03 5.063E-04 7.436E-04 2.076E-03 2.961E-03 3.424E-03 3.220E-03 2.563E-03 2.640E-03 2.335E-03 5.961E-04 1.273E-03 2.011E-03 1.898E-03 1.622E-03 1.495E-03 1.367E-03 1.277E-03 1.137E-03 1.044E-03 8.998E-04 7.536E-04 6.538E-04 3.813E-04 2.718E-04 2.414E-04 4.245E-04 5.525E-04 8.101E-04 9.871E-04 1.034E-03 1.356E-03 1.542E-03 1.736E-03 1.853E-03 2.140E-03 2.313E-03 2.500E-03 2.834E-03 3.068E-03 3.083E-03 2.738E-03 2.380E-03
  8.600E+01  6.094E-04 5.857E-04 6.578E-04 6.552E-04 6.459E-04 7.572E-04 7.480E-04 7.995E-04 7.726E-04 8.158E-04 8.456E-04 9.314E-04 1.087E-03 1.111E-03 1.310E-03 1.343E-03 1.707E-03 1.574E-03 1.594E-03 4.876E-04 7.105E-04 1.933E-03 2.761E-03 3.171E-03 2.993E-03 2.387E-03 2.464E-03 2.183E-03 5.517E-04 1.184E-03 1.872E-03 1.767E-03 1.508E-03 1.389E-03 1.269E-03 1.184E-03 1.053E-03 9.665E-04 8.317E-04 6.956E-04 6.028E-04 3.505E-04 2.497E-04 2.224E-04 3.950E-04 5.155E-04 7.581E-04 9.238E-04 9.679E-04 1.268E-03 1.441E-03 1.620E-03 1.729E-03 1.992E-03 2.151E-03 2.325E-03 2.638E-03 2.862E-03 2.882E-03 2.578E-03 2.261E-03
  8.800E+01  5.639E-04 5.599E-04 5.799E-04 5.729E-04 5.952E-04 6.567E-04 6.243E-04 7.664E-04 6.627E-04 7.064E-04 8.362E-04 8.628E-04 8.811E-04 9.779E-04 1.164E-03 1.294E-03 1.461E-03 1.506E-03 1.498E-03 4.708E-04 6.803E-04 1.804E-03 2.581E-03 2.955E-03 2.796E-03 2.232E-03 2.309E-03 2.050E-03 5.123E-04 1.104E-03 1.748E-03 1.650E-03 1.407E-03 1.294E-03 1.181E-03 1.102E-03 9.786E-04 8.976E-04 7.714E-04 6.442E-04 5.577E-04 3.233E-04 2.303E-04 2.058E-04 3.691E-04 4.831E-04 7.123E-04 8.680E-04 9.094E-04 1.190E-03 1.351E-03 1.518E-03 1.619E-03 1.861E-03 2.007E-03 2.169E-03 2.462E-03 2.676E-03 2.699E-03 2.432E-03 2.152E-03
  9.000E+01  4.780E-04 4.689E-04 4.880E-04 5.065E-04 5.854E-04 5.755E-04 6.034E-04 7.253E-04 6.797E-04 7.163E-04 7.186E-04 6.937E-04 8.435E-04 9.068E-04 1.042E-03 1.183E-03 1.265E-03 1.388E-03 1.426E-03 4.558E-04 6.527E-04 1.686E-03 2.412E-03 2.773E-03 2.624E-03 2.095E-03 2.172E-03 1.933E-03 4.774E-04 1.033E-03 1.637E-03 1.547E-03 1.317E-03 1.210E-03 1.104E-03 1.029E-03 9.127E-04 8.364E-04 7.178E-04 5.986E-04 5.177E-04 2.993E-04 2.133E-04 1.912E-04 3.463E-04 4.546E-04 6.718E-04 8.186E-04 8.577E-04 1.121E-03 1.271E-03 1.427E-03 1.521E-03 1.744E-03 1.878E-03 2.029E-03 2.304E-03 2.508E-03 2.534E-03 2.300E-03 2.053E-03
  9.200E+01  4.276E-04 4.522E-04 4.353E-04 4.720E-04 5.177E-04 5.320E-04 5.602E-04 6.118E-04 6.234E-04 6.594E-04 6.355E-04 6.311E-04 7.658E-04 7.413E-04 9.714E-04 1.053E-03 1.272E-03 1.247E-03 1.322E-03 4.424E-04 6.276E-04 1.578E-03 2.259E-03 2.604E-03 2.470E-03 1.974E-03 2.053E-03 1.831E-03 4.463E-04 9.692E-04 1.539E-03 1.455E-03 1.237E-03 1.136E-03 1.035E-03 9.636E-04 8.540E-04 7.820E-04 6.702E-04 5.582E-04 4.823E-04 2.782E-04 1.982E-04 1.784E-04 3.262E-04 4.294E-04 6.361E-04 7.749E-04 8.119E-04 1.060E-03 1.200E-03 1.346E-03 1.433E-03 1.640E-03 1.764E-03 1.904E-03 2.162E-03 2.357E-03 2.385E-03 2.179E-03 1.963E-03
  9.400E+01  4.330E-04 4.362E-04 4.245E-04 4.494E-04 4.472E-04 4.887E-04 5.495E-04 5.258E-04 5.621E-04 5.972E-04 5.399E-04 6.261E-04 7.373E-04 7.961E-04 9.068E-04 9.780E-04 1.222E-03 1.148E-03 1.230E-03 4.304E-04 6.047E-04 1.480E-03 2.117E-03 2.460E-03 2.339E-03 1.868E-03 1.948E-03 1.742E-03 4.187E-04 9.119E-04 1.452E-03 1.373E-03 1.165E-03 1.070E-03 9.733E-04 9.057E-04 8.018E-04 7.335E-04 6.279E-04 5.222E-04 4.508E-04 2.594E-04 1.850E-04 1.672E-04 3.086E-04 4.071E-04 6.044E-04 7.362E-04 7.712E-04 1.005E-03 1.137E-03 1.274E-03 1.355E-03 1.546E-03 1.661E-03 1.792E-03 2.034E-03 2.219E-03 2.249E-03 2.069E-03 1.881E-03
  9.600E+01  3.876E-04 4.175E-04 4.139E-04 4.260E-04 4.115E-04 5.242E-04 5.261E-04 4.951E-04 4.818E-04 5.159E-04 5.411E-04 6.002E-04 6.833E-04 6.954E-04 7.830E-04 9.280E-04 1.025E-03 1.099E-03 1.190E-03 4.196E-04 5.838E-04 1.392E-03 1.981E-03 2.354E-03 2.233E-03 1.776E-03 1.857E-03 1.666E-03 3.940E-04 8.605E-04 1.374E-03 1.301E-03 1.102E-03 1.011E-03 9.186E-04 8.542E-04 7.552E-04 6.904E-04 5.902E-04 4.902E-04 4.228E-04 2.428E-04 1.733E-04 1.573E-04 2.929E-04 3.874E-04 5.763E-04 7.017E-04 7.350E-04 9.569E-04 1.081E-03 1.209E-03 1.285E-03 1.463E-03 1.569E-03 1.691E-03 1.919E-03 2.095E-03 2.126E-03 1.969E-03 1.806E-03
  9.800E+01  4.276E-04 3.527E-04 4.183E-04 3.676E-04 4.167E-04 4.678E-04 4.381E-04 5.022E-04 4.914E-04 5.299E-04 5.272E-04 5.625E-04 6.040E-04 6.905E-04 7.316E-04 9.212E-04 9.378E-04 1.091E-03 1.163E-03 4.100E-04 5.648E-04 1.311E-03 1.859E-03 2.254E-03 2.138E-03 1.696E-03 1.778E-03 1.600E-03 3.719E-04 8.144E-04 1.305E-03 1.237E-03 1.046E-03 9.580E-04 8.699E-04 8.082E-04 7.137E-04 6.519E-04 5.565E-04 4.616E-04 3.978E-04 2.281E-04 1.630E-04 1.485E-04 2.791E-04 3.700E-04 5.513E-04 6.710E-04 7.028E-04 9.135E-04 1.031E-03 1.151E-03 1.223E-03 1.387E-03 1.486E-03 1.600E-03 1.815E-03 1.983E-03 2.015E-03 1.879E-03 1.739E-03
  1.000E+02  3.788E-04 3.916E-04 4.389E-04 3.605E-04 4.061E-04 4.129E-04 4.364E-04 5.638E-04 4.527E-04 4.737E-04 5.638E-04 4.946E-04 6.070E-04 6.523E-04 7.002E-04 8.686E-04 9.695E-04 1.017E-03 1.127E-03 4.014E-04 5.474E-04 1.238E-03 1.764E-03 2.133E-03 2.042E-03 1.629E-03 1.711E-03 1.544E-03 3.522E-04 7.729E-04 1.243E-03 1.180E-03 9.959E-04 9.112E-04 8.265E-04 7.673E-04 6.767E-04 6.175E-04 5.265E-04 4.362E-04 3.756E-04 2.150E-04 1.539E-04 1.408E-04 2.669E-04 3.546E-04 5.291E-04 6.437E-04 6.741E-04 8.747E-04 9.856E-04 1.099E-03 1.166E-03 1.320E-03 1.411E-03 1.518E-03 1.721E-03 1.881E-03 1.913E-03 1.797E-03 1.678E-03
  1.020E+02  3.944E-04 4.004E-04 3.789E-04 4.122E-04 4.335E-04 3.943E-04 4.579E-04 5.466E-04 5.071E-04 5.327E-04 5.277E-04 4.811E-04 5.434E-04 6.420E-04 6.675E-04 7.776E-04 9.558E-04 9.184E-04 1.098E-03 3.936E-04 5.317E-04 1.172E-03 1.687E-03 2.017E-03 1.955E-03 1.571E-03 1.654E-03 1.497E-03 3.346E-04 7.357E-04 1.189E-03 1.130E-03 9.515E-04 8.696E-04 7.878E-04 7.308E-04 6.436E-04 5.868E-04 4.997E-04 4.134E-04 3.557E-04 2.034E-04 1.458E-04 1.340E-04 2.561E-04 3.408E-04 5.093E-04 6.193E-04 6.484E-04 8.400E-04 9.451E-04 1.052E-03 1.116E-03 1.259E-03 1.343E-03 1.444E-03 1.635E-03 1.788E-03 1.821E-03 1.723E-03 1.624E-03
  1.040E+02  4.589E-04 3.932E-04 3.915E-04 4.330E-04 4.425E-04 4.256E-04 4.466E-04 4.867E-04 4.631E-04 4.777E-04 5.148E-04 4.536E-04 5.631E-04 5.240E-04 7.080E-04 7.663E-04 9.105E-04 9.137E-04 1.091E-03 3.867E-04 5.174E-04 1.113E-03 1.612E-03 1.937E-03 1.890E-03 1.522E-03 1.608E-03 1.458E-03 3.188E-04 7.023E-04 1.141E-03 1.086E-03 9.122E-04 8.327E-04 7.534E-04 6.982E-04 6.141E-04 5.595E-04 4.757E-04 3.932E-04 3.380E-04 1.931E-04 1.386E-04 1.279E-04 2.465E-04 3.287E-04 4.917E-04 5.976E-04 6.255E-04 8.088E-04 9.087E-04 1.010E-03 1.070E-03 1.203E-03 1.282E-03 1.377E-03 1.558E-03 1.704E-03 1.738E-03 1.656E-03 1.575E-03
  1.060E+02  4.727E-04 4.330E-04 4.492E-04 4.089E-04 4.659E-04 4.442E-04 4.420E-04 4.543E-04 4.752E-04 4.983E-04 4.999E-04 5.001E-04 5.238E-04 6.072E-04 6.722E-04 7.934E-04 8.596E-04 9.383E-04 1.114E-03 3.806E-04 5.043E-04 1.061E-03 1.536E-03 1.882E-03 1.843E-03 1.483E-03 1.571E-03 1.427E-03 3.046E-04 6.723E-04 1.099E-03 1.047E-03 8.773E-04 7.999E-04 7.227E-04 6.692E-04 5.878E-04 5.350E-04 4.544E-04 3.750E-04 3.222E-04 1.839E-04 1.322E-04 1.226E-04 2.380E-04 3.178E-04 4.760E-04 5.781E-04 6.051E-04 7.809E-04 8.760E-04 9.725E-04 1.029E-03 1.153E-03 1.227E-03 1.316E-03 1.487E-03 1.628E-03 1.662E-03 1.595E-03 1.532E-03
  1.080E+02  4.837E-04 4.634E-04 4.629E-04 4.334E-04 4.632E-04 4.513E-04 4.539E-04 4.613E-04 4.815E-04 4.998E-04 4.814E-04 4.613E-04 5.386E-04 5.554E-04 7.597E-04 7.836E-04 8.585E-04 9.377E-04 1.162E-03 3.750E-04 4.926E-04 1.013E-03 1.467E-03 1.829E-03 1.803E-03 1.452E-03 1.542E-03 1.404E-03 2.919E-04 6.454E-04 1.062E-03 1.013E-03 8.466E-04 7.708E-04 6.955E-04 6.434E-04 5.644E-04 5.132E-04 4.353E-04 3.589E-04 3.082E-04 1.757E-04 1.266E-04 1.178E-04 2.304E-04 3.082E-04 4.619E-04 5.607E-04 5.867E-04 7.558E-04 8.465E-04 9.383E-04 9.918E-04 1.108E-03 1.176E-03 1.260E-03 1.423E-03 1.558E-03 1.593E-03 1.541E-03 1.493E-03
  1.100E+02  4.528E-04 4.663E-04 4.366E-04 4.624E-04 4.172E-04 4.523E-04 4.957E-04 4.532E-04 5.094E-04 5.265E-04 5.320E-04 5.334E-04 5.869E-04 6.516E-04 7.000E-04 7.698E-04 1.011E-03 9.170E-04 1.206E-03 3.701E-04 4.819E-04 9.707E-04 1.408E-03 1.779E-03 1.772E-03 1.431E-03 1.522E-03 1.387E-03 2.804E-04 6.213E-04 1.030E-03 9.834E-04 8.196E-04 7.452E-04 6.714E-04 6.205E-04 5.436E-04 4.938E-04 4.183E-04 3.445E-04 2.956E-04 1.684E-04 1.216E-04 1.136E-04 2.237E-04 2.996E-04 4.494E-04 5.451E-04 5.703E-04 7.332E-04 8.200E-04 9.074E-04 9.581E-04 1.067E-03 1.131E-03 1.210E-03 1.364E-03 1.494E-03 1.531E-03 1.492E-03 1.459E-03
  1.120E+02  5.267E-04 4.864E-04 4.557E-04 4.609E-04 4.303E-04 4.737E-04 4.948E-04 5.312E-04 4.938E-04 5.200E-04 5.216E-04 5.739E-04 6.161E-04 7.338E-04 8.146E-04 7.777E-04 1.064E-03 8.968E-04 1.245E-03 3.657E-04 4.722E-04 9.336E-04 1.361E-03 1.744E-03 1.755E-03 1.418E-03 1.509E-03 1.377E-03 2.701E-04 5.996E-04 1.003E-03 9.580E-04 7.959E-04 7.226E-04 6.502E-04 6.003E-04 5.251E-04 4.766E-04 4.032E-04 3.316E-04 2.844E-04 1.620E-04 1.171E-04 1.099E-04 2.178E-04 2.920E-04 4.382E-04 5.312E-04 5.556E-04 7.128E-04 7.960E-04 8.794E-04 9.276E-04 1.030E-03 1.089E-03 1.164E-03 1.311E-03 1.437E-03 1.474E-03 1.448E-03 1.429E-03
  1.140E+02  7.507E-04 5.477E-04 4.955E-04 4.849E-04 5.264E-04 5.415E-04 5.259E-04 5.072E-04 5.653E-04 5.973E-04 5.612E-04 6.370E-04 7.177E-04 6.905E-04 8.684E-04 8.026E-04 9.710E-04 9.352E-04 1.331E-03 3.618E-04 4.635E-04 9.017E-04 1.323E-03 1.726E-03 1.754E-03 1.414E-03 1.504E-03 1.373E-03 2.609E-04 5.803E-04 9.797E-04 9.364E-04 7.754E-04 7.029E-04 6.314E-04 5.824E-04 5.087E-04 4.613E-04 3.897E-04 3.202E-04 2.745E-04 1.562E-04 1.132E-04 1.066E-04 2.125E-04 2.852E-04 4.282E-04 5.187E-04 5.425E-04 6.945E-04 7.744E-04 8.540E-04 8.999E-04 9.956E-04 1.051E-03 1.122E-03 1.262E-03 1.384E-03 1.423E-03 1.408E-03 1.403E-03
  1.160E+02  9.868E-04 7.022E-04 5.606E-04 6.034E-04 6.099E-04 5.778E-04 6.186E-04 6.127E-04 6.668E-04 6.953E-04 6.729E-04 7.528E-04 7.355E-04 8.482E-04 7.698E-04 9.242E-04 1.066E-03 1.066E-03 1.479E-03 3.583E-04 4.557E-04 8.744E-04 1.290E-03 1.727E-03 1.770E-03 1.418E-03 1.508E-03 1.375E-03 2.526E-04 5.631E-04 9.604E-04 9.183E-04 7.577E-04 6.858E-04 6.151E-04 5.667E-04 4.943E-04 4.478E-04 3.778E-04 3.101E-04 2.656E-04 1.511E-04 1.096E-04 1.037E-04 2.078E-04 2.792E-04 4.193E-04 5.075E-04 5.306E-04 6.780E-04 7.548E-04 8.310E-04 8.747E-04 9.646E-04 1.017E-03 1.084E-03 1.218E-03 1.336E-03 1.376E-03 1.373E-03 1.380E-03
  1.180E+02  1.039E-03 8.859E-04 7.652E-04 6.870E-04 7.725E-04 7.873E-04 7.259E-04 7.042E-04 7.521E-04 7.745E-04 7.276E-04 7.749E-04 9.196E-04 8.376E-04 8.532E-04 1.029E-03 1.167E-03 1.161E-03 1.617E-03 3.553E-04 4.486E-04 8.517E-04 1.263E-03 1.743E-03 1.796E-03 1.431E-03 1.519E-03 1.382E-03 2.450E-04 5.478E-04 9.446E-04 9.035E-04 7.426E-04 6.710E-04 6.008E-04 5.530E-04 4.816E-04 4.360E-04 3.673E-04 3.012E-04 2.578E-04 1.466E-04 1.065E-04 1.011E-04 2.036E-04 2.738E-04 4.114E-04 4.975E-04 5.200E-04 6.631E-04 7.370E-04 8.101E-04 8.518E-04 9.362E-04 9.851E-04 1.049E-03 1.177E-03 1.293E-03 1.333E-03 1.342E-03 1.360E-03
  1.200E+02  9.171E-04 9.881E-04 9.343E-04 8.360E-04 8.806E-04 9.385E-04 8.698E-04 8.759E-04 7.604E-04 7.813E-04 9.001E-04 8.031E-04 9.257E-04 8.601E-04 9.187E-04 9.921E-04 1.233E-03 1.176E-03 1.745E-03 3.525E-04 4.424E-04 8.343E-04 1.248E-03 1.766E-03 1.833E-03 1.452E-03 1.539E-03 1.395E-03 2.383E-04 5.342E-04 9.323E-04 8.917E-04 7.299E-04 6.584E-04 5.886E-04 5.412E-04 4.706E-04 4.256E-04 3.581E-04 2.933E-04 2.510E-04 1.426E-04 1.038E-04 9.880E-05 1.999E-04 2.691E-04 4.042E-04 4.885E-04 5.105E-04 6.497E-04 7.210E-04 7.912E-04 8.309E-04 9.103E-04 9.562E-04 1.017E-03 1.140E-03 1.253E-03 1.295E-03 1.314E-03 1.343E-03
  1.220E+02  8.226E-04 1.123E-03 9.270E-04 9.303E-04 8.927E-04 9.799E-04 9.485E-04 9.608E-04 8.105E-04 8.343E-04 8.681E-04 8.380E-04 9.747E-04 9.121E-04 9.707E-04 1.092E-03 1.308E-03 1.292E-03 1.922E-03 3.501E-04 4.368E-04 8.233E-04 1.251E-03 1.798E-03 1.884E-03 1.480E-03 1.567E-03 1.413E-03 2.322E-04 5.223E-04 9.231E-04 8.827E-04 7.195E-04 6.479E-04 5.783E-04 5.311E-04 4.611E-04 4.166E-04 3.501E-04 2.864E-04 2.449E-04 1.390E-04 1.013E-04 9.676E-05 1.966E-04 2.648E-04 3.979E-04 4.805E-04 5.020E-04 6.375E-04 7.064E-04 7.739E-04 8.119E-04 8.866E-04 9.298E-04 9.876E-04 1.106E-03 1.217E-03 1.261E-03 1.290E-03 1.328E-03
  1.240E+02  5.960E-04 8.421E-04 8.868E-04 1.038E-03 8.899E-04 8.293E-04 9.602E-04 9.413E-04 9.116E-04 9.317E-04 9.408E-04 8.164E-04 9.503E-04 1.026E-03 1.184E-03 1.269E-03 1.484E-03 1.529E-03 2.115E-03 3.480E-04 4.320E-04 8.187E-04 1.267E-03 1.854E-03 1.956E-03 1.518E-03 1.602E-03 1.436E-03 2.267E-04 5.119E-04 9.171E-04 8.764E-04 7.112E-04 6.393E-04 5.697E-04 5.226E-04 4.531E-04 4.090E-04 3.433E-04 2.805E-04 2.397E-04 1.359E-04 9.913E-05 9.494E-05 1.937E-04 2.611E-04 3.922E-04 4.733E-04 4.944E-04 6.266E-04 6.933E-04 7.582E-04 7.945E-04 8.650E-04 9.056E-04 9.609E-04 1.075E-03 1.184E-03 1.230E-03 1.268E-03 1.316E-03
  1.260E+02  4.579E-04 6.752E-04 8.398E-04 7.939E-04 9.264E-04 8.701E-04 7.853E-04 9.552E-04 1.002E-03 1.013E-03 1.022E-03 1.027E-03 9.618E-04 1.089E-03 1.300E-03 1.297E-03 1.640E-03 1.708E-03 2.322E-03 3.461E-04 4.277E-04 8.199E-04 1.291E-03 1.947E-03 2.055E-03 1.565E-03 1.645E-03 1.463E-03 2.218E-04 5.029E-04 9.139E-04 8.726E-04 7.050E-04 6.326E-04 5.627E-04 5.157E-04 4.464E-04 4.026E-04 3.374E-04 2.753E-04 2.351E-04 1.331E-04 9.720E-05 9.333E-05 1.911E-04 2.577E-04 3.872E-04 4.668E-04 4.875E-04 6.167E-04 6.813E-04 7.439E-04 7.787E-04 8.452E-04 8.836E-04 9.365E-04 1.047E-03 1.155E-03 1.202E-03 1.249E-03 1.306E-03
  1.280E+02  4.056E-04 6.413E-04 6.385E-04 7.272E-04 8.716E-04 8.797E-04 8.685E-04 8.161E-04 1.030E-03 1.067E-03 1.100E-03 1.068E-03 1.116E-03 1.187E-03 1.502E-03 1.516E-03 1.839E-03 1.921E-03 2.555E-03 3.444E-04 4.241E-04 8.269E-04 1.329E-03 2.072E-03 2.177E-03 1.621E-03 1.695E-03 1.494E-03 2.174E-04 4.952E-04 9.136E-04 8.712E-04 7.007E-04 6.276E-04 5.574E-04 5.103E-04 4.410E-04 3.973E-04 3.325E-04 2.710E-04 2.312E-04 1.307E-04 9.549E-05 9.191E-05 1.888E-04 2.547E-04 3.827E-04 4.610E-04 4.814E-04 6.078E-04 6.705E-04 7.309E-04 7.643E-04 8.271E-04 8.636E-04 9.144E-04 1.022E-03 1.129E-03 1.177E-03 1.233E-03 1.298E-03
  1.300E+02  3.011E-04 4.774E-04 5.762E-04 6.891E-04 6.931E-04 7.766E-04 8.801E-04 1.049E-03 1.011E-03 1.036E-03 1.265E-03 1.297E-03 1.258E-03 1.680E-03 1.939E-03 1.793E-03 2.243E-03 2.229E-03 2.740E-03 3.430E-04 4.210E-04 8.404E-04 1.390E-03 2.213E-03 2.316E-03 1.685E-03 1.753E-03 1.527E-03 2.135E-04 4.888E-04 9.160E-04 8.721E-04 6.983E-04 6.244E-04 5.536E-04 5.063E-04 4.369E-04 3.932E-04 3.285E-04 2.674E-04 2.279E-04 1.286E-04 9.398E-05 9.064E-05 1.868E-04 2.521E-04 3.786E-04 4.559E-04 4.759E-04 5.998E-04 6.607E-04 7.192E-04 7.513E-04 8.106E-04 8.453E-04 8.943E-04 9.991E-04 1.105E-03 1.155E-03 1.219E-03 1.292E-03
  1.320E+02  3.236E-04 4.309E-04 5.489E-04 6.919E-04 9.729E-04 9.035E-04 1.082E-03 1.196E-03 1.458E-03 1.508E-03 1.460E-03 1.471E-03 1.736E-03 1.685E-03 2.095E-03 2.127E-03 2.635E-03 2.507E-03 2.872E-03 3.417E-04 4.185E-04 8.620E-04 1.478E-03 2.365E-03 2.467E-03 1.758E-03 1.817E-03 1.564E-03 2.100E-04 4.838E-04 9.211E-04 8.754E-04 6.978E-04 6.229E-04 5.514E-04 5.037E-04 4.339E-04 3.901E-04 3.254E-04 2.644E-04 2.251E-04 1.268E-04 9.264E-05 8.953E-05 1.850E-04 2.498E-04 3.751E-04 4.513E-04 4.711E-04 5.926E-04 6.519E-04 7.085E-04 7.394E-04 7.957E-04 8.289E-04 8.762E-04 9.786E-04 1.084E-03 1.136E-03 1.208E-03 1.287E-03
  1.340E+02  3.364E-04 4.794E-04 6.789E-04 9.676E-04 1.099E-03 1.159E-03 1.486E-03 1.592E-03 1.715E-03 1.771E-03 1.761E-03 2.300E-03 2.001E-03 2.557E-03 2.651E-03 2.527E-03 3.023E-03 2.799E-03 3.006E-03 3.406E-04 4.165E-04 8.931E-04 1.593E-03 2.547E-03 2.641E-03 1.838E-03 1.887E-03 1.602E-03 2.069E-04 4.800E-04 9.289E-04 8.811E-04 6.992E-04 6.231E-04 5.507E-04 5.025E-04 4.321E-04 3.880E-04 3.231E-04 2.620E-04 2.229E-04 1.251E-04 9.146E-05 8.854E-05 1.834E-04 2.477E-04 3.720E-04 4.472E-04 4.667E-04 5.861E-04 6.440E-04 6.989E-04 7.287E-04 7.822E-04 8.140E-04 8.600E-04 9.604E-04 1.066E-03 1.119E-03 1.198E-03 1.284E-03
  1.360E+02  3.507E-04 7.353E-04 1.184E-03 1.846E-03 1.865E-03 1.958E-03 2.373E-03 2.497E-03 2.611E-03 2.664E-03 2.756E-03 2.609E-03 2.835E-03 2.861E-03 3.278E-03 3.087E-03 3.473E-03 3.190E-03 3.104E-03 3.396E-04 4.151E-04 9.347E-04 1.728E-03 2.786E-03 2.850E-03 1.925E-03 1.962E-03 1.641E-03 2.042E-04 4.776E-04 9.395E-04 8.892E-04 7.027E-04 6.252E-04 5.515E-04 5.027E-04 4.314E-04 3.869E-04 3.215E-04 2.602E-04 2.210E-04 1.237E-04 9.042E-05 8.767E-05 1.821E-04 2.460E-04 3.692E-04 4.436E-04 4.629E-04 5.804E-04 6.369E-04 6.903E-04 7.190E-04 7.700E-04 8.008E-04 8.455E-04 9.443E-04 1.050E-03 1.105E-03 1.190E-03 1.282E-03
  1.380E+02  6.945E-04 1.630E-03 2.658E-03 3.091E-03 3.214E-03 3.202E-03 3.720E-03 3.539E-03 3.800E-03 3.789E-03 3.615E-03 3.769E-03 3.726E-03 3.570E-03 3.631E-03 3.617E-03 3.770E-03 3.557E-03 3.137E-03 3.388E-04 4.143E-04 9.878E-04 1.888E-03 3.076E-03 3.091E-03 2.018E-03 2.039E-03 1.680E-03 2.019E-04 4.766E-04 9.531E-04 9.001E-04 7.084E-04 6.291E-04 5.540E-04 5.042E-04 4.319E-04 3.867E-04 3.206E-04 2.589E-04 2.196E-04 1.225E-04 8.951E-05 8.691E-05 1.809E-04 2.444E-04 3.668E-04 4.405E-04 4.595E-04 5.753E-04 6.306E-04 6.826E-04 7.105E-04 7.592E-04 7.891E-04 8.328E-04 9.302E-04 1.036E-03 1.092E-03 1.183E-03 1.282E-03
  1.400E+02  1.622E-03 3.714E-03 4.638E-03 5.133E-03 5.155E-03 4.863E-03 5.183E-03 4.847E-03 4.780E-03 4.664E-03 4.630E-03 4.665E-03 4.551E-03 4.692E-03 4.394E-03 4.093E-03 4.197E-03 3.844E-03 3.075E-03 3.381E-04 4.140E-04 1.054E-03 2.083E-03 3.388E-03 3.342E-03 2.113E-03 2.118E-03 1.718E-03 2.000E-04 4.773E-04 9.702E-04 9.139E-04 7.163E-04 6.350E-04 5.581E-04 5.072E-04 4.334E-04 3.874E-04 3.203E-04 2.580E-04 2.185E-04 1.215E-04 8.872E-05 8.624E-05 1.798E-04 2.430E-04 3.647E-04 4.378E-04 4.566E-04 5.709E-04 6.251E-04 6.759E-04 7.029E-04 7.497E-04 7.789E-04 8.217E-04 9.181E-04 1.024E-03 1.082E-03 1.179E-03 1.282E-03
  1.420E+02  4.352E-03 7.163E-03 6.931E-03 6.420E-03 6.024E-03 6.209E-03 5.996E-03 5.951E-03 5.512E-03 5.421E-03 5.659E-03 4.907E-03 4.879E-03 4.935E-03 4.938E-03 4.392E-03 4.717E-03 3.936E-03 2.954E-03 3.375E-04 4.144E-04 1.134E-03 2.318E-03 3.710E-03 3.590E-03 2.208E-03 2.198E-03 1.755E-03 1.984E-04 4.800E-04 9.914E-04 9.312E-04 7.268E-04 6.429E-04 5.637E-04 5.114E-04 4.358E-04 3.888E-04 3.205E-04 2.575E-04 2.176E-04 1.206E-04 8.803E-05 8.567E-05 1.789E-04 2.419E-04 3.629E-04 4.354E-04 4.541E-04 5.671E-04 6.204E-04 6.700E-04 6.964E-04 7.415E-04 7.701E-04 8.122E-04 9.078E-04 1.014E-03 1.074E-03 1.175E-03 1.283E-03
  1.440E+02  8.635E-03 7.473E-03 6.149E-03 5.481E-03 5.532E-03 5.504E-03 5.306E-03 5.114E-03 5.537E-03 5.574E-03 5.234E-03 4.910E-03 5.348E-03 4.986E-03 4.555E-03 4.442E-03 4.598E-03 3.923E-03 2.827E-03 3.370E-04 4.155E-04 1.229E-03 2.589E-03 4.052E-03 3.842E-03 2.300E-03 2.276E-03 1.789E-03 1.973E-04 4.848E-04 1.018E-03 9.526E-04 7.399E-04 6.528E-04 5.708E-04 5.168E-04 4.389E-04 3.908E-04 3.211E-04 2.572E-04 2.170E-04 1.198E-04 8.744E-05 8.518E-05 1.782E-04 2.409E-04 3.614E-04 4.335E-04 4.520E-04 5.639E-04 6.164E-04 6.651E-04 6.908E-04 7.345E-04 7.626E-04 8.042E-04 8.992E-04 1.006E-03 1.067E-03 1.173E-03 1.285E-03
  1.460E+02  6.862E-03 4.490E-03 3.635E-03 3.596E-03 3.624E-03 4.098E-03 3.931E-03 4.214E-03 3.866E-03 4.023E-03 4.257E-03 4.367E-03 4.515E-03 4.570E-03 4.648E-03 4.323E-03 4.533E-03 3.847E-03 2.668E-03 3.366E-04 4.177E-04 1.340E-03 2.887E-03 4.428E-03 4.106E-03 2.388E-03 2.350E-03 1.824E-03 1.966E-04 4.921E-04 1.050E-03 9.786E-04 7.555E-04 6.645E-04 5.791E-04 5.230E-04 4.426E-04 3.931E-04 3.219E-04 2.570E-04 2.165E-04 1.192E-04 8.695E-05 8.477E-05 1.775E-04 2.401E-04 3.602E-04 4.319E-04 4.503E-04 5.613E-04 6.131E-04 6.610E-04 6.862E-04 7.287E-04 7.566E-04 7.978E-04 8.923E-04 9.995E-04 1.062E-03 1.171E-03 1.287E-03
  1.480E+02  4.049E-03 3.514E-03 3.202E-03 3.120E-03 3.068E-03 2.985E-03 2.922E-03 3.089E-03 3.234E-03 3.380E-03 3.451E-03 3.499E-03 3.778E-03 4.117E-03 4.118E-03 4.105E-03 4.435E-03 3.691E-03 2.546E-03 3.363E-04 4.214E-04 1.467E-03 3.200E-03 4.829E-03 4.370E-03 2.469E-03 2.423E-03 1.859E-03 1.963E-04 5.020E-04 1.089E-03 1.010E-03 7.734E-04 6.776E-04 5.881E-04 5.296E-04 4.463E-04 3.954E-04 3.227E-04 2.569E-04 2.161E-04 1.186E-04 8.655E-05 8.443E-05 1.770E-04 2.395E-04 3.592E-04 4.306E-04 4.490E-04 5.592E-04 6.105E-04 6.578E-04 6.826E-04 7.240E-04 7.518E-04 7.927E-04 8.870E-04 9.946E-04 1.058E-03 1.171E-03 1.290E-03
  1.500E+02  3.910E-03 3.634E-03 3.232E-03 3.037E-03 2.847E-03 3.181E-03 2.977E-03 2.950E-03 2.894E-03 2.975E-03 3.009E-03 2.902E-03 3.167E-03 3.227E-03 3.379E-03 3.819E-03 3.782E-03 3.548E-03 2.509E-03 3.360E-04 4.270E-04 1.610E-03 3.523E-03 5.219E-03 4.604E-03 2.546E-03 2.497E-03 1.899E-03 1.963E-04 5.144E-04 1.137E-03 1.045E-03 7.926E-04 6.911E-04 5.970E-04 5.360E-04 4.497E-04 3.974E-04 3.232E-04 2.567E-04 2.156E-04 1.182E-04 8.625E-05 8.417E-05 1.766E-04 2.390E-04 3.585E-04 4.297E-04 4.480E-04 5.577E-04 6.086E-04 6.554E-04 6.798E-04 7.205E-04 7.482E-04 7.889E-04 8.831E-04 9.912E-04 1.055E-03 1.171E-03 1.293E-03
  1.520E+02  3.937E-03 3.405E-03 3.162E-03 2.997E-03 2.988E-03 2.933E-03 2.919E-03 2.799E-03 3.050E-03 3.089E-03 2.761E-03 2.627E-03 3.040E-03 2.810E-03 3.066E-03 3.491E-03 3.453E-03 3.368E-03 2.508E-03 3.358E-04 4.351E-04 1.772E-03 3.861E-03 5.545E-03 4.786E-03 2.622E-03 2.581E-03 1.949E-03 1.967E-04 5.284E-04 1.193E-03 1.084E-03 8.115E-04 7.036E-04 6.046E-04 5.411E-04 4.520E-04 3.985E-04 3.233E-04 2.563E-04 2.152E-04 1.180E-04 8.605E-05 8.398E-05 1.763E-04 2.386E-04 3.580E-04 4.291E-04 4.473E-04 5.568E-04 6.074E-04 6.538E-04 6.780E-04 7.181E-04 7.458E-04 7.863E-04 8.804E-04 9.890E-04 1.054E-03 1.173E-03 1.297E-03
  1.540E+02  3.417E-03 3.170E-03 2.956E-03 2.929E-03 2.713E-03 2.822E-03 2.958E-03 2.985E-03 2.691E-03 2.736E-03 2.858E-03 2.826E-03 3.004E-03 2.915E-03 3.105E-03 3.036E-03 3.500E-03 3.054E-03 2.522E-03 3.357E-04 4.461E-04 1.958E-03 4.228E-03 5.787E-03 4.927E-03 2.711E-03 2.687E-03 2.019E-03 1.972E-04 5.423E-04 1.254E-03 1.124E-03 8.276E-04 7.132E-04 6.096E-04 5.439E-04 4.527E-04 3.985E-04 3.227E-04 2.558E-04 2.148E-04 1.179E-04 8.595E-05 8.386E-05 1.761E-04 2.384E-04 3.577E-04 4.288E-04 4.470E-04 5.563E-04 6.068E-04 6.529E-04 6.770E-04 7.167E-04 7.444E-04 7.848E-04 8.789E-04 9.879E-04 1.054E-03 1.174E-03 1.300E-03
  1.560E+02  3.307E-03 2.919E-03 2.689E-03 2.685E-03 2.716E-03 2.952E-03 2.619E-03 2.850E-03 2.515E-03 2.594E-03 2.769E-03 2.944E-03 3.180E-03 3.198E-03 3.035E-03 3.060E-03 3.402E-03 3.026E-03 2.571E-03 3.356E-04 4.593E-04 2.184E-03 4.633E-03 5.986E-03 5.071E-03 2.836E-03 2.835E-03 2.118E-03 1.976E-04 5.534E-04 1.313E-03 1.157E-03 8.375E-04 7.174E-04 6.103E-04 5.433E-04 4.512E-04 3.969E-04 3.214E-04 2.551E-04 2.144E-04 1.180E-04 8.596E-05 8.380E-05 1.760E-04 2.383E-04 3.577E-04 4.288E-04 4.471E-04 5.564E-04 6.068E-04 6.528E-04 6.767E-04 7.162E-04 7.440E-04 7.844E-04 8.785E-04 9.878E-04 1.054E-03 1.176E-03 1.304E-03
  1.580E+02  3.236E-03 2.708E-03 2.632E-03 2.602E-03 2.602E-03 2.549E-03 2.520E-03 2.581E-03 2.657E-03 2.721E-03 2.824E-03 2.749E-03 2.911E-03 3.170E-03 3.202E-03 3.128E-03 3.458E-03 3.152E-03 2.684E-03 3.355E-04 4.727E-04 2.470E-03 5.091E-03 6.248E-03 5.292E-03 3.025E-03 3.039E-03 2.249E-03 1.974E-04 5.580E-04 1.360E-03 1.177E-03 8.371E-04 7.137E-04 6.054E-04 5.383E-04 4.471E-04 3.936E-04 3.195E-04 2.543E-04 2.143E-04 1.183E-04 8.608E-05 8.381E-05 1.760E-04 2.383E-04 3.578E-04 4.291E-04 4.473E-04 5.568E-04 6.073E-04 6.533E-04 6.772E-04 7.165E-04 7.444E-04 7.848E-04 8.789E-04 9.885E-04 1.055E-03 1.179E-03 1.308E-03
  1.600E+02  2.717E-03 2.711E-03 2.674E-03 2.569E-03 2.312E-03 2.435E-03 2.532E-03 2.675E-03 2.636E-03 2.761E-03 2.748E-03 2.560E-03 2.795E-03 3.058E-03 3.263E-03 3.155E-03 3.602E-03 3.219E-03 2.844E-03 3.354E-04 4.827E-04 2.825E-03 5.633E-03 6.714E-03 5.693E-03 3.302E-03 3.301E-03 2.403E-03 1.964E-04 5.520E-04 1.378E-03 1.173E-03 8.233E-04 7.004E-04 5.941E-04 5.288E-04 4.406E-04 3.889E-04 3.173E-04 2.538E-04 2.144E-04 1.188E-04 8.631E-05 8.387E-05 1.760E-04 2.384E-04 3.581E-04 4.296E-04 4.479E-04 5.577E-04 6.083E-04 6.543E-04 6.782E-04 7.176E-04 7.455E-04 7.859E-04 8.800E-04 9.898E-04 1.057E-03 1.181E-03 1.312E-03
  1.620E+02  2.931E-03 2.405E-03 2.383E-03 2.391E-03 2.346E-03 2.699E-03 2.572E-03 2.772E-03 2.521E-03 2.659E-03 2.731E-03 2.593E-03 2.906E-03 2.872E-03 3.374E-03 3.431E-03 3.785E-03 3.511E-03 3.021E-03 3.353E-04 4.849E-04 3.216E-03 6.292E-03 7.487E-03 6.347E-03 3.653E-03 3.580E-03 2.546E-03 1.940E-04 5.323E-04 1.351E-03 1.137E-03 7.942E-04 6.771E-04 5.768E-04 5.154E-04 4.324E-04 3.836E-04 3.152E-04 2.538E-04 2.151E-04 1.196E-04 8.664E-05 8.398E-05 1.762E-04 2.386E-04 3.585E-04 4.302E-04 4.486E-04 5.588E-04 6.096E-04 6.558E-04 6.797E-04 7.192E-04 7.471E-04 7.876E-04 8.817E-04 9.915E-04 1.059E-03 1.184E-03 1.316E-03
  1.640E+02  2.731E-03 2.390E-03 2.326E-03 2.463E-03 2.488E-03 2.481E-03 2.437E-03 2.705E-03 2.668E-03 2.781E-03 2.805E-03 2.500E-03 2.926E-03 3.019E-03 3.463E-03 3.684E-03 4.236E-03 3.867E-03 3.252E-03 3.351E-04 4.761E-04 3.541E-03 7.011E-03 8.478E-03 7.179E-03 3.990E-03 3.776E-03 2.613E-03 1.901E-04 4.985E-04 1.268E-03 1.066E-03 7.518E-04 6.460E-04 5.555E-04 4.999E-04 4.239E-04 3.786E-04 3.140E-04 2.546E-04 2.166E-04 1.206E-04 8.706E-05 8.414E-05 1.763E-04 2.388E-04 3.591E-04 4.310E-04 4.495E-04 5.602E-04 6.112E-04 6.576E-04 6.816E-04 7.212E-04 7.492E-04 7.896E-04 8.837E-04 9.936E-04 1.061E-03 1.186E-03 1.319E-03
  1.660E+02  2.596E-03 2.432E-03 2.460E-03 2.243E-03 2.459E-03 2.404E-03 2.420E-03 2.339E-03 2.799E-03 2.940E-03 2.634E-03 2.790E-03 3.148E-03 3.112E-03 3.361E-03 3.906E-03 4.568E-03 4.374E-03 3.765E-03 3.349E-04 4.573E-04 3.636E-03 7.528E-03 9.302E-03 7.859E-03 4.133E-03 3.744E-03 2.529E-03 1.850E-04 4.538E-04 1.133E-03 9.684E-04 7.017E-04 6.118E-04 5.339E-04 4.851E-04 4.169E-04 3.753E-04 3.144E-04 2.567E-04 2.190E-04 1.219E-04 8.756E-05 8.433E-05 1.765E-04 2.391E-04 3.597E-04 4.320E-04 4.505E-04 5.617E-04 6.130E-04 6.596E-04 6.838E-04 7.234E-04 7.515E-04 7.920E-04 8.860E-04 9.958E-04 1.063E-03 1.189E-03 1.322E-03
  1.680E+02  2.483E-03 2.311E-03 2.395E-03 2.388E-03 2.230E-03 2.440E-03 2.761E-03 2.745E-03 2.656E-03 2.799E-03 2.821E-03 2.946E-03 3.564E-03 3.305E-03 3.711E-03 4.549E-03 5.265E-03 5.419E-03 4.794E-03 3.347E-04 4.346E-04 3.362E-03 7.416E-03 9.360E-03 7.866E-03 3.890E-03 3.381E-03 2.256E-03 1.793E-04 4.056E-04 9.687E-04 8.597E-04 6.532E-04 5.810E-04 5.162E-04 4.742E-04 4.133E-04 3.749E-04 3.169E-04 2.602E-04 2.224E-04 1.234E-04 8.811E-05 8.453E-05 1.767E-04 2.394E-04 3.603E-04 4.329E-04 4.515E-04 5.633E-04 6.149E-04 6.617E-04 6.860E-04 7.258E-04 7.539E-04 7.944E-04 8.883E-04 9.981E-04 1.066E-03 1.191E-03 1.325E-03
  1.700E+02  2.560E-03 2.391E-03 2.340E-03 2.336E-03 2.466E-03 2.900E-03 2.689E-03 2.821E-03 2.935E-03 3.117E-03 2.889E-03 3.061E-03 3.723E-03 3.815E-03 4.548E-03 5.638E-03 6.570E-03 6.842E-03 6.151E-03 3.345E-04 4.186E-04 2.740E-03 6.411E-03 8.251E-03 6.869E-03 3.232E-03 2.738E-03 1.845E-03 1.741E-04 3.633E-04 8.131E-04 7.643E-04 6.163E-04 5.599E-04 5.063E-04 4.698E-04 4.144E-04 3.781E-04 3.216E-04 2.649E-04 2.266E-04 1.250E-04 8.867E-05 8.474E-05 1.769E-04 2.397E-04 3.610E-04 4.338E-04 4.525E-04 5.648E-04 6.167E-04 6.638E-04 6.882E-04 7.282E-04 7.562E-04 7.967E-04 8.905E-04 1.000E-03 1.068E-03 1.193E-03 1.328E-03
  1.720E+02  2.695E-03 2.491E-03 2.415E-03 2.655E-03 2.369E-03 3.049E-03 2.918E-03 3.300E-03 2.993E-03 3.239E-03 3.574E-03 3.498E-03 4.254E-03 4.511E-03 5.605E-03 6.479E-03 8.295E-03 7.676E-03 6.629E-03 3.344E-04 4.191E-04 2.028E-03 4.850E-03 6.406E-03 5.290E-03 2.437E-03 2.080E-03 1.452E-03 1.703E-04 3.347E-04 7.049E-04 7.036E-04 5.983E-04 5.526E-04 5.061E-04 4.727E-04 4.202E-04 3.847E-04 3.282E-04 2.705E-04 2.312E-04 1.266E-04 8.921E-05 8.494E-05 1.771E-04 2.400E-04 3.616E-04 4.347E-04 4.534E-04 5.662E-04 6.183E-04 6.657E-04 6.901E-04 7.303E-04 7.584E-04 7.988E-04 8.926E-04 1.002E-03 1.070E-03 1.195E-03 1.330E-03
  1.740E+02  2.921E-03 2.708E-03 2.875E-03 3.048E-03 2.940E-03 3.407E-03 3.634E-03 3.875E-03 3.594E-03 3.943E-03 4.029E-03 4.411E-03 5.422E-03 5.930E-03 7.291E-03 8.177E-03 8.660E-03 7.083E-03 5.145E-03 3.345E-04 4.394E-04 1.641E-03 3.762E-03 5.275E-03 4.357E-03 1.988E-03 1.752E-03 1.255E-03 1.684E-04 3.228E-04 6.649E-04 6.864E-04 5.998E-04 5.584E-04 5.143E-04 4.817E-04 4.293E-04 3.934E-04 3.356E-04 2.763E-04 2.357E-04 1.280E-04 8.968E-05 8.511E-05 1.773E-04 2.403E-04 3.621E-04 4.354E-04 4.542E-04 5.674E-04 6.197E-04 6.672E-04 6.918E-04 7.321E-04 7.602E-04 8.006E-04 8.943E-04 1.004E-03 1.071E-03 1.197E-03 1.332E-03
  1.760E+02  3.506E-03 3.324E-03 3.569E-03 3.475E-03 4.151E-03 4.781E-03 4.793E-03 5.802E-03 5.915E-03 6.640E-03 6.875E-03 7.023E-03 8.657E-03 8.630E-03 8.879E-03 8.417E-03 7.398E-03 6.159E-03 4.108E-03 3.346E-04 4.723E-04 1.847E-03 4.114E-03 6.192E-03 5.073E-03 2.165E-03 1.899E-03 1.314E-03 1.680E-04 3.241E-04 6.825E-04 7.029E-04 6.142E-04 5.718E-04 5.266E-04 4.931E-04 4.391E-04 4.021E-04 3.425E-04 2.814E-04 2.396E-04 1.291E-04 9.005E-05 8.525E-05 1.774E-04 2.405E-04 3.625E-04 4.359E-04 4.548E-04 5.682E-04 6.208E-04 6.685E-04 6.931E-04 7.335E-04 7.615E-04 8.019E-04 8.956E-04 1.005E-03 1.072E-03 1.198E-03 1.333E-03
  1.780E+02  6.143E-03 6.321E-03 7.416E-03 7.674E-03 7.950E-03 9.244E-03 8.448E-03 8.760E-03 8.245E-03 8.232E-03 8.083E-03 7.520E-03 7.516E-03 7.704E-03 7.333E-03 7.519E-03 9.429E-03 8.516E-03 6.720E-03 3.347E-04 5.027E-04 2.414E-03 5.560E-03 8.544E-03 6.862E-03 2.704E-03 2.289E-03 1.503E-03 1.685E-04 3.305E-04 7.207E-04 7.294E-04 6.300E-04 5.848E-04 5.374E-04 5.025E-04 4.467E-04 4.086E-04 3.474E-04 2.848E-04 2.422E-04 1.299E-04 9.028E-05 8.533E-05 1.775E-04 2.406E-04 3.627E-04 4.363E-04 4.552E-04 5.688E-04 6.214E-04 6.692E-04 6.939E-04 7.343E-04 7.624E-04 8.028E-04 8.963E-04 1.006E-03 1.073E-03 1.198E-03 1.334E-03
  1.800E+02  1.090E-02 1.237E-02 1.276E-02 1.159E-02 1.039E-02 1.223E-02 1.406E-02 1.605E-02 1.098E-02 1.121E-02 1.204E-02 9.564E-03 1.270E-02 1.368E-02 1.319E-02 1.128E-02 1.417E-02 1.156E-02 9.126E-03 3.348E-04 5.150E-04 2.720E-03 6.392E-03 9.827E-03 7.821E-03 2.991E-03 2.492E-03 1.601E-03 1.688E-04 3.338E-04 7.392E-04 7.416E-04 6.367E-04 5.901E-04 5.416E-04 5.061E-04 4.496E-04 4.110E-04 3.492E-04 2.861E-04 2.431E-04 1.301E-04 9.036E-05 8.536E-05 1.775E-04 2.406E-04 3.628E-04 4.364E-04 4.553E-04 5.690E-04 6.217E-04 6.695E-04 6.942E-04 7.346E-04 7.627E-04 8.031E-04 8.966E-04 1.006E-03 1.073E-03 1.199E-03 1.334E-03
