wavelength	relativeIntensity
2.000000000000000000e+02 0.000000000000000000e+00
2.005000000000000000e+02 0.000000000000000000e+00
2.010000000000000000e+02 0.000000000000000000e+00
2.015000000000000000e+02 0.000000000000000000e+00
2.020000000000000000e+02 0.000000000000000000e+00
2.025000000000000000e+02 4.185880000000000113e-04
2.030000000000000000e+02 0.000000000000000000e+00
2.035000000000000000e+02 0.000000000000000000e+00
2.040000000000000000e+02 0.000000000000000000e+00
2.045000000000000000e+02 7.125540000000000086e-04
2.050000000000000000e+02 0.000000000000000000e+00
2.055000000000000000e+02 0.000000000000000000e+00
2.060000000000000000e+02 0.000000000000000000e+00
2.065000000000000000e+02 0.000000000000000000e+00
2.070000000000000000e+02 6.479999999999999791e-06
2.075000000000000000e+02 7.830000000000000588e-05
2.080000000000000000e+02 0.000000000000000000e+00
2.085000000000000000e+02 0.000000000000000000e+00
2.090000000000000000e+02 0.000000000000000000e+00
2.095000000000000000e+02 0.000000000000000000e+00
2.100000000000000000e+02 1.913859999999999867e-04
2.105000000000000000e+02 0.000000000000000000e+00
2.110000000000000000e+02 0.000000000000000000e+00
2.115000000000000000e+02 2.381430000000000135e-04
2.120000000000000000e+02 0.000000000000000000e+00
2.125000000000000000e+02 3.470890000000000238e-04
2.130000000000000000e+02 0.000000000000000000e+00
2.135000000000000000e+02 0.000000000000000000e+00
2.140000000000000000e+02 0.000000000000000000e+00
2.145000000000000000e+02 4.579030000000000101e-04
2.150000000000000000e+02 0.000000000000000000e+00
2.155000000000000000e+02 0.000000000000000000e+00
2.160000000000000000e+02 0.000000000000000000e+00
2.165000000000000000e+02 2.834819999999999940e-04
2.170000000000000000e+02 0.000000000000000000e+00
2.175000000000000000e+02 0.000000000000000000e+00
2.180000000000000000e+02 6.142749999999999556e-04
2.185000000000000000e+02 9.078699999999999661e-04
2.190000000000000000e+02 0.000000000000000000e+00
2.195000000000000000e+02 0.000000000000000000e+00
2.200000000000000000e+02 0.000000000000000000e+00
2.205000000000000000e+02 6.165260000000000531e-04
2.210000000000000000e+02 0.000000000000000000e+00
2.215000000000000000e+02 0.000000000000000000e+00
2.220000000000000000e+02 0.000000000000000000e+00
2.225000000000000000e+02 0.000000000000000000e+00
2.230000000000000000e+02 0.000000000000000000e+00
2.235000000000000000e+02 0.000000000000000000e+00
2.240000000000000000e+02 0.000000000000000000e+00
2.245000000000000000e+02 7.289999999999999660e-05
2.250000000000000000e+02 9.147270000000000531e-04
2.255000000000000000e+02 0.000000000000000000e+00
2.260000000000000000e+02 0.000000000000000000e+00
2.265000000000000000e+02 0.000000000000000000e+00
2.270000000000000000e+02 6.019999999999999961e-05
2.275000000000000000e+02 0.000000000000000000e+00
2.280000000000000000e+02 0.000000000000000000e+00
2.285000000000000000e+02 0.000000000000000000e+00
2.290000000000000000e+02 0.000000000000000000e+00
2.295000000000000000e+02 0.000000000000000000e+00
2.300000000000000000e+02 6.879520000000000296e-04
2.305000000000000000e+02 0.000000000000000000e+00
2.310000000000000000e+02 2.924509999999999957e-04
2.315000000000000000e+02 0.000000000000000000e+00
2.320000000000000000e+02 0.000000000000000000e+00
2.325000000000000000e+02 4.681330000000000257e-04
2.330000000000000000e+02 6.935949999999999754e-04
2.335000000000000000e+02 2.672540000000000267e-04
2.340000000000000000e+02 0.000000000000000000e+00
2.345000000000000000e+02 0.000000000000000000e+00
2.350000000000000000e+02 0.000000000000000000e+00
2.355000000000000000e+02 0.000000000000000000e+00
2.360000000000000000e+02 0.000000000000000000e+00
2.365000000000000000e+02 0.000000000000000000e+00
2.370000000000000000e+02 0.000000000000000000e+00
2.375000000000000000e+02 0.000000000000000000e+00
2.380000000000000000e+02 0.000000000000000000e+00
2.385000000000000000e+02 0.000000000000000000e+00
2.390000000000000000e+02 0.000000000000000000e+00
2.395000000000000000e+02 0.000000000000000000e+00
2.400000000000000000e+02 3.215989999999999951e-04
2.405000000000000000e+02 1.345122000000000028e-03
2.410000000000000000e+02 0.000000000000000000e+00
2.415000000000000000e+02 0.000000000000000000e+00
2.420000000000000000e+02 0.000000000000000000e+00
2.425000000000000000e+02 0.000000000000000000e+00
2.430000000000000000e+02 0.000000000000000000e+00
2.435000000000000000e+02 0.000000000000000000e+00
2.440000000000000000e+02 0.000000000000000000e+00
2.445000000000000000e+02 9.255370000000000394e-04
2.450000000000000000e+02 6.496009999999999762e-04
2.455000000000000000e+02 2.188830000000000116e-04
2.460000000000000000e+02 2.000039999999999913e-04
2.465000000000000000e+02 0.000000000000000000e+00
2.470000000000000000e+02 0.000000000000000000e+00
2.475000000000000000e+02 6.395829999999999918e-04
2.480000000000000000e+02 7.660180000000000374e-04
2.485000000000000000e+02 0.000000000000000000e+00
2.490000000000000000e+02 0.000000000000000000e+00
2.495000000000000000e+02 0.000000000000000000e+00
2.500000000000000000e+02 3.112769999999999947e-04
2.505000000000000000e+02 6.315039999999999629e-04
2.510000000000000000e+02 0.000000000000000000e+00
2.515000000000000000e+02 0.000000000000000000e+00
2.520000000000000000e+02 0.000000000000000000e+00
2.525000000000000000e+02 4.500000000000000283e-05
2.530000000000000000e+02 0.000000000000000000e+00
2.535000000000000000e+02 0.000000000000000000e+00
2.540000000000000000e+02 0.000000000000000000e+00
2.545000000000000000e+02 0.000000000000000000e+00
2.550000000000000000e+02 0.000000000000000000e+00
2.555000000000000000e+02 2.114709999999999951e-04
2.560000000000000000e+02 0.000000000000000000e+00
2.565000000000000000e+02 0.000000000000000000e+00
2.570000000000000000e+02 0.000000000000000000e+00
2.575000000000000000e+02 0.000000000000000000e+00
2.580000000000000000e+02 0.000000000000000000e+00
2.585000000000000000e+02 4.138999999999999776e-04
2.590000000000000000e+02 0.000000000000000000e+00
2.595000000000000000e+02 0.000000000000000000e+00
2.600000000000000000e+02 3.075679999999999799e-04
2.605000000000000000e+02 0.000000000000000000e+00
2.610000000000000000e+02 0.000000000000000000e+00
2.615000000000000000e+02 3.461720000000000053e-04
2.620000000000000000e+02 0.000000000000000000e+00
2.625000000000000000e+02 1.971719999999999885e-04
2.630000000000000000e+02 7.795140000000000315e-04
2.635000000000000000e+02 1.304360999999999975e-03
2.640000000000000000e+02 0.000000000000000000e+00
2.645000000000000000e+02 7.577490000000000527e-04
2.650000000000000000e+02 6.250179999999999712e-04
2.655000000000000000e+02 3.628980000000000075e-04
2.660000000000000000e+02 0.000000000000000000e+00
2.665000000000000000e+02 2.766749999999999895e-04
2.670000000000000000e+02 3.294729999999999946e-04
2.675000000000000000e+02 1.038590000000000043e-03
2.680000000000000000e+02 0.000000000000000000e+00
2.685000000000000000e+02 0.000000000000000000e+00
2.690000000000000000e+02 0.000000000000000000e+00
2.695000000000000000e+02 0.000000000000000000e+00
2.700000000000000000e+02 5.457230000000000197e-04
2.705000000000000000e+02 2.171409999999999866e-04
2.710000000000000000e+02 4.618910000000000268e-04
2.715000000000000000e+02 6.179999999999999784e-05
2.720000000000000000e+02 4.770000000000000070e-05
2.725000000000000000e+02 8.548409999999999559e-04
2.730000000000000000e+02 2.567229999999999881e-04
2.735000000000000000e+02 3.691410000000000221e-04
2.740000000000000000e+02 4.834339999999999796e-04
2.745000000000000000e+02 0.000000000000000000e+00
2.750000000000000000e+02 2.063789999999999971e-04
2.755000000000000000e+02 5.808809999999999972e-04
2.760000000000000000e+02 1.147739999999999958e-04
2.765000000000000000e+02 1.000000000000000048e-04
2.770000000000000000e+02 5.264090000000000349e-04
2.775000000000000000e+02 0.000000000000000000e+00
2.780000000000000000e+02 0.000000000000000000e+00
2.785000000000000000e+02 1.165531999999999940e-03
2.790000000000000000e+02 1.799713000000000094e-03
2.795000000000000000e+02 0.000000000000000000e+00
2.800000000000000000e+02 1.085337000000000020e-03
2.805000000000000000e+02 4.005890000000000232e-04
2.810000000000000000e+02 0.000000000000000000e+00
2.815000000000000000e+02 0.000000000000000000e+00
2.820000000000000000e+02 1.097836000000000038e-03
2.825000000000000000e+02 7.080689999999999727e-04
2.830000000000000000e+02 1.473754000000000080e-03
2.835000000000000000e+02 4.684789999999999983e-04
2.840000000000000000e+02 0.000000000000000000e+00
2.845000000000000000e+02 6.057169999999999742e-04
2.850000000000000000e+02 2.640000000000000135e-05
2.855000000000000000e+02 0.000000000000000000e+00
2.860000000000000000e+02 0.000000000000000000e+00
2.865000000000000000e+02 4.017289999999999750e-04
2.870000000000000000e+02 3.675759999999999922e-04
2.875000000000000000e+02 0.000000000000000000e+00
2.880000000000000000e+02 2.696560000000000081e-04
2.885000000000000000e+02 5.060760000000000518e-04
2.890000000000000000e+02 1.010075999999999943e-03
2.895000000000000000e+02 1.149971999999999973e-03
2.900000000000000000e+02 4.191339999999999888e-04
2.905000000000000000e+02 2.027218999999999809e-03
2.910000000000000000e+02 8.276670000000000294e-04
2.915000000000000000e+02 0.000000000000000000e+00
2.920000000000000000e+02 1.524247000000000058e-03
2.925000000000000000e+02 6.109999999999999438e-05
2.930000000000000000e+02 1.213218999999999973e-03
2.935000000000000000e+02 0.000000000000000000e+00
2.940000000000000000e+02 8.831600000000000214e-04
2.945000000000000000e+02 1.209559999999999932e-03
2.950000000000000000e+02 0.000000000000000000e+00
2.955000000000000000e+02 9.047859999999999800e-04
2.960000000000000000e+02 1.579544000000000000e-03
2.965000000000000000e+02 3.803689999999999762e-04
2.970000000000000000e+02 1.195953999999999941e-03
2.975000000000000000e+02 6.435670000000000539e-04
2.980000000000000000e+02 1.799539999999999918e-04
2.985000000000000000e+02 3.459809999999999795e-04
2.990000000000000000e+02 3.923730000000000056e-04
2.995000000000000000e+02 3.144140000000000021e-04
3.000000000000000000e+02 4.909940000000000224e-04
3.005000000000000000e+02 1.326731999999999955e-03
3.010000000000000000e+02 0.000000000000000000e+00
3.015000000000000000e+02 7.816529999999999919e-04
3.020000000000000000e+02 1.142318000000000023e-03
3.025000000000000000e+02 2.676870000000000139e-04
3.030000000000000000e+02 1.196959000000000044e-03
3.035000000000000000e+02 8.765959999999999941e-04
3.040000000000000000e+02 5.499520000000000363e-04
3.045000000000000000e+02 0.000000000000000000e+00
3.050000000000000000e+02 1.697523999999999951e-03
3.055000000000000000e+02 6.037660000000000466e-04
3.060000000000000000e+02 1.690530000000000093e-04
3.065000000000000000e+02 0.000000000000000000e+00
3.070000000000000000e+02 1.633977999999999906e-03
3.075000000000000000e+02 2.589550000000000033e-04
3.080000000000000000e+02 5.879999999999999946e-05
3.085000000000000000e+02 1.510159000000000067e-03
3.090000000000000000e+02 2.903529999999999761e-04
3.095000000000000000e+02 8.272159999999999756e-04
3.100000000000000000e+02 1.029140999999999910e-03
3.105000000000000000e+02 1.328235000000000093e-03
3.110000000000000000e+02 4.082169999999999983e-04
3.115000000000000000e+02 2.746019999999999841e-04
3.120000000000000000e+02 1.011542999999999947e-03
3.125000000000000000e+02 1.132816000000000031e-03
3.130000000000000000e+02 0.000000000000000000e+00
3.135000000000000000e+02 1.767895000000000013e-03
3.140000000000000000e+02 6.390179999999999862e-04
3.145000000000000000e+02 7.854239999999999529e-04
3.150000000000000000e+02 1.022212999999999898e-03
3.155000000000000000e+02 1.264086999999999893e-03
3.160000000000000000e+02 1.381870000000000103e-04
3.165000000000000000e+02 1.637879000000000071e-03
3.170000000000000000e+02 8.734990000000000202e-04
3.175000000000000000e+02 3.504970000000000156e-04
3.180000000000000000e+02 1.636817999999999954e-03
3.185000000000000000e+02 1.754775000000000085e-03
3.190000000000000000e+02 1.450406999999999912e-03
3.195000000000000000e+02 1.462050000000000003e-04
3.200000000000000000e+02 1.260885999999999908e-03
3.205000000000000000e+02 1.448871999999999920e-03
3.210000000000000000e+02 0.000000000000000000e+00
3.215000000000000000e+02 0.000000000000000000e+00
3.220000000000000000e+02 1.832989999999999945e-04
3.225000000000000000e+02 1.268203000000000082e-03
3.230000000000000000e+02 1.327536000000000037e-03
3.235000000000000000e+02 5.740899999999999736e-04
3.240000000000000000e+02 6.266050000000000222e-04
3.245000000000000000e+02 5.522479999999999750e-04
3.250000000000000000e+02 7.061940000000000491e-04
3.255000000000000000e+02 1.875783000000000008e-03
3.260000000000000000e+02 7.813460000000000370e-04
3.265000000000000000e+02 2.256100000000000032e-03
3.270000000000000000e+02 2.015784999999999973e-03
3.275000000000000000e+02 1.641398000000000076e-03
3.280000000000000000e+02 1.257887999999999975e-03
3.285000000000000000e+02 1.390334999999999922e-03
3.290000000000000000e+02 1.272286999999999984e-03
3.295000000000000000e+02 6.539609999999999954e-04
3.300000000000000000e+02 1.266788999999999936e-03
3.305000000000000000e+02 3.806500000000000096e-04
3.310000000000000000e+02 1.261224999999999933e-03
3.315000000000000000e+02 6.116869999999999729e-04
3.320000000000000000e+02 1.454654000000000103e-03
3.325000000000000000e+02 6.020179999999999542e-04
3.330000000000000000e+02 5.295010000000000385e-04
3.335000000000000000e+02 1.893404000000000007e-03
3.340000000000000000e+02 2.276751999999999942e-03
3.345000000000000000e+02 1.838702999999999909e-03
3.350000000000000000e+02 0.000000000000000000e+00
3.355000000000000000e+02 1.644941999999999932e-03
3.360000000000000000e+02 1.094350999999999918e-03
3.365000000000000000e+02 4.135650000000000155e-04
3.370000000000000000e+02 1.644730999999999971e-03
3.375000000000000000e+02 8.924350000000000165e-04
3.380000000000000000e+02 6.952370000000000251e-04
3.385000000000000000e+02 8.794210000000000221e-04
3.390000000000000000e+02 1.197523999999999941e-03
3.395000000000000000e+02 1.520833000000000081e-03
3.400000000000000000e+02 7.294050000000000273e-04
3.405000000000000000e+02 1.338273999999999974e-03
3.410000000000000000e+02 3.582319999999999949e-04
3.415000000000000000e+02 1.276847999999999915e-03
3.420000000000000000e+02 2.016140999999999940e-03
3.425000000000000000e+02 1.215397000000000005e-03
3.430000000000000000e+02 1.958851000000000168e-03
3.435000000000000000e+02 4.059259999999999756e-04
3.440000000000000000e+02 1.027003999999999981e-03
3.445000000000000000e+02 1.339237000000000066e-03
3.450000000000000000e+02 1.589153999999999957e-03
3.455000000000000000e+02 1.339483000000000036e-03
3.460000000000000000e+02 1.528667999999999954e-03
3.465000000000000000e+02 1.402840999999999940e-03
3.470000000000000000e+02 0.000000000000000000e+00
3.475000000000000000e+02 2.695749999999999796e-04
3.480000000000000000e+02 2.288657999999999838e-03
3.485000000000000000e+02 3.937540000000000115e-04
3.490000000000000000e+02 1.659529999999999990e-03
3.495000000000000000e+02 1.601402999999999941e-03
3.500000000000000000e+02 1.190931000000000108e-03
3.505000000000000000e+02 6.896299999999999956e-04
3.510000000000000000e+02 1.189998000000000054e-03
3.515000000000000000e+02 1.877156000000000050e-03
3.520000000000000000e+02 1.136442000000000094e-03
3.525000000000000000e+02 1.401667000000000104e-03
3.530000000000000000e+02 1.959545999999999944e-03
3.535000000000000000e+02 1.746310000000000050e-03
3.540000000000000000e+02 1.811136000000000083e-03
3.545000000000000000e+02 8.728209999999999701e-04
3.550000000000000000e+02 1.335922000000000021e-03
3.555000000000000000e+02 1.119289999999999998e-03
3.560000000000000000e+02 1.334296999999999914e-03
3.565000000000000000e+02 1.132039000000000049e-03
3.570000000000000000e+02 1.544407000000000028e-03
3.575000000000000000e+02 1.344775000000000094e-03
3.580000000000000000e+02 2.439076999999999999e-03
3.585000000000000000e+02 1.546199000000000054e-03
3.590000000000000000e+02 2.317364000000000143e-03
3.595000000000000000e+02 9.925920000000000402e-04
3.600000000000000000e+02 1.548148999999999966e-03
3.605000000000000000e+02 1.548441999999999917e-03
3.610000000000000000e+02 9.440310000000000151e-04
3.615000000000000000e+02 1.283349000000000035e-03
3.620000000000000000e+02 2.236900999999999907e-03
3.625000000000000000e+02 2.047850999999999838e-03
3.630000000000000000e+02 2.325910999999999951e-03
3.635000000000000000e+02 8.541220000000000192e-04
3.640000000000000000e+02 1.552573000000000017e-03
3.645000000000000000e+02 9.355340000000000183e-04
3.650000000000000000e+02 1.689855000000000090e-03
3.655000000000000000e+02 2.297014999999999908e-03
3.660000000000000000e+02 6.834480000000000199e-04
3.665000000000000000e+02 2.524433999999999879e-03
3.670000000000000000e+02 3.395720000000000075e-04
3.675000000000000000e+02 1.840450999999999893e-03
3.680000000000000000e+02 6.404720000000000031e-04
3.685000000000000000e+02 2.280720000000000078e-04
3.690000000000000000e+02 1.767186999999999925e-03
3.695000000000000000e+02 1.098690000000000013e-04
3.700000000000000000e+02 3.949269999999999951e-04
3.705000000000000000e+02 2.239826999999999790e-03
3.710000000000000000e+02 2.168936000000000214e-03
3.715000000000000000e+02 2.232267000000000019e-03
3.720000000000000000e+02 2.671853000000000075e-03
3.725000000000000000e+02 4.077136999999999775e-03
3.730000000000000000e+02 4.561497999999999768e-03
3.735000000000000000e+02 8.228854000000000724e-03
3.740000000000000000e+02 1.311292300000000029e-02
3.745000000000000000e+02 2.423360199999999992e-02
3.750000000000000000e+02 4.499944300000000008e-02
3.755000000000000000e+02 8.207217599999999669e-02
3.760000000000000000e+02 1.459272359999999880e-01
3.765000000000000000e+02 2.609868349999999726e-01
3.770000000000000000e+02 4.528591929999999932e-01
3.775000000000000000e+02 7.596187589999999767e-01
3.780000000000000000e+02 1.248730302000000014e+00
3.785000000000000000e+02 1.956487416999999951e+00
3.790000000000000000e+02 2.973155975000000062e+00
3.795000000000000000e+02 4.390960693000000248e+00
3.800000000000000000e+02 6.235129355999999845e+00
3.805000000000000000e+02 8.599109650000000826e+00
3.810000000000000000e+02 1.144234085000000078e+01
3.815000000000000000e+02 1.471326542000000082e+01
3.820000000000000000e+02 1.834326744000000176e+01
3.825000000000000000e+02 2.224278449999999907e+01
3.830000000000000000e+02 2.631748961999999992e+01
3.835000000000000000e+02 3.056590270999999959e+01
3.840000000000000000e+02 3.463758087000000074e+01
3.845000000000000000e+02 3.868283463000000211e+01
3.850000000000000000e+02 4.245031738000000132e+01
3.855000000000000000e+02 4.593249130000000235e+01
3.860000000000000000e+02 4.920298386000000335e+01
3.865000000000000000e+02 5.211088181000000219e+01
3.870000000000000000e+02 5.471771240000000347e+01
3.875000000000000000e+02 5.710490799000000095e+01
3.880000000000000000e+02 5.917395401000000277e+01
3.885000000000000000e+02 6.097492980999999901e+01
3.890000000000000000e+02 6.259383010999999897e+01
3.895000000000000000e+02 6.403244780999999364e+01
3.900000000000000000e+02 6.532846831999999893e+01
3.905000000000000000e+02 6.643394469999999785e+01
3.910000000000000000e+02 6.744042969000000198e+01
3.915000000000000000e+02 6.834574890000000380e+01
3.920000000000000000e+02 6.912932587000000240e+01
3.925000000000000000e+02 6.982952118000000041e+01
3.930000000000000000e+02 7.046337891000000297e+01
3.935000000000000000e+02 7.107082366999999579e+01
3.940000000000000000e+02 7.162751769999999851e+01
3.945000000000000000e+02 7.209889221000000248e+01
3.950000000000000000e+02 7.250675200999999959e+01
3.955000000000000000e+02 7.292838286999999298e+01
3.960000000000000000e+02 7.332547759999999926e+01
3.965000000000000000e+02 7.366383362000000545e+01
3.970000000000000000e+02 7.402620697000000405e+01
3.975000000000000000e+02 7.434194945999999504e+01
3.980000000000000000e+02 7.464527130000000454e+01
3.985000000000000000e+02 7.493598174999999628e+01
3.990000000000000000e+02 7.521887970000000223e+01
3.995000000000000000e+02 7.546469116000000099e+01
4.000000000000000000e+02 7.571470641999999884e+01
4.005000000000000000e+02 7.591510773000000256e+01
4.010000000000000000e+02 7.617018889999999942e+01
4.015000000000000000e+02 7.635875701999999876e+01
4.020000000000000000e+02 7.654750823999999909e+01
4.025000000000000000e+02 7.673233795000000157e+01
4.030000000000000000e+02 7.692060089000000289e+01
4.035000000000000000e+02 7.709149933000000487e+01
4.040000000000000000e+02 7.726510620000000529e+01
4.045000000000000000e+02 7.742188262999999893e+01
4.050000000000000000e+02 7.759502410999999711e+01
4.055000000000000000e+02 7.771947479000000669e+01
4.060000000000000000e+02 7.786886597000000165e+01
4.065000000000000000e+02 7.798709868999999628e+01
4.070000000000000000e+02 7.811906433000000050e+01
4.075000000000000000e+02 7.824817656999999826e+01
4.080000000000000000e+02 7.834107971000000248e+01
4.085000000000000000e+02 7.842727661000000694e+01
4.090000000000000000e+02 7.853395080999999323e+01
4.095000000000000000e+02 7.863160705999999323e+01
4.100000000000000000e+02 7.872149657999999306e+01
4.105000000000000000e+02 7.879842376999999942e+01
4.110000000000000000e+02 7.887051391999999339e+01
4.115000000000000000e+02 7.893934631000000479e+01
4.120000000000000000e+02 7.900022887999999455e+01
4.125000000000000000e+02 7.905416870000000529e+01
4.130000000000000000e+02 7.910342407000000264e+01
4.135000000000000000e+02 7.915441131999999413e+01
4.140000000000000000e+02 7.920077514999999835e+01
4.145000000000000000e+02 7.922770690999999488e+01
4.150000000000000000e+02 7.928269195999999397e+01
4.155000000000000000e+02 7.930732727000000182e+01
4.160000000000000000e+02 7.935735320999999942e+01
4.165000000000000000e+02 7.940419769000000372e+01
4.170000000000000000e+02 7.945341492000000017e+01
4.175000000000000000e+02 7.951370239000000595e+01
4.180000000000000000e+02 7.954438018999999827e+01
4.185000000000000000e+02 7.958847808999999529e+01
4.190000000000000000e+02 7.964757538000000636e+01
4.195000000000000000e+02 7.966107940999999926e+01
4.200000000000000000e+02 7.966840363000000025e+01
4.205000000000000000e+02 7.968971252000000050e+01
4.210000000000000000e+02 7.969796752999999967e+01
4.215000000000000000e+02 7.969011688000000504e+01
4.220000000000000000e+02 7.968493651999999372e+01
4.225000000000000000e+02 7.964360809000000074e+01
4.230000000000000000e+02 7.967707061999999496e+01
4.235000000000000000e+02 7.964723969000000636e+01
4.240000000000000000e+02 7.957125091999999711e+01
4.245000000000000000e+02 7.955817412999999760e+01
4.250000000000000000e+02 7.950920105000000149e+01
4.255000000000000000e+02 7.946077728000000207e+01
4.260000000000000000e+02 7.943753051999999570e+01
4.265000000000000000e+02 7.937820435000000430e+01
4.270000000000000000e+02 7.933563232000000198e+01
4.275000000000000000e+02 7.929136658000000182e+01
4.280000000000000000e+02 7.924263763000000438e+01
4.285000000000000000e+02 7.920100402999999289e+01
4.290000000000000000e+02 7.913903808999999967e+01
4.295000000000000000e+02 7.907926177999999595e+01
4.300000000000000000e+02 7.903989409999999793e+01
4.305000000000000000e+02 7.897385405999999364e+01
4.310000000000000000e+02 7.891230011000000388e+01
4.315000000000000000e+02 7.885530853000000207e+01
4.320000000000000000e+02 7.877523041000000603e+01
4.325000000000000000e+02 7.869898987000000545e+01
4.330000000000000000e+02 7.861769103999999686e+01
4.335000000000000000e+02 7.852441405999999802e+01
4.340000000000000000e+02 7.846363830999999323e+01
4.345000000000000000e+02 7.834304047000000537e+01
4.350000000000000000e+02 7.826279449000000454e+01
4.355000000000000000e+02 7.815898894999999413e+01
4.360000000000000000e+02 7.805911254999999471e+01
4.365000000000000000e+02 7.798509215999999356e+01
4.370000000000000000e+02 7.787546539000000223e+01
4.375000000000000000e+02 7.779565429999999537e+01
4.380000000000000000e+02 7.770388794000000132e+01
4.385000000000000000e+02 7.762458037999999760e+01
4.390000000000000000e+02 7.753175353999999686e+01
4.395000000000000000e+02 7.742274475000000677e+01
4.400000000000000000e+02 7.735636139000000355e+01
4.405000000000000000e+02 7.726490784000000644e+01
4.410000000000000000e+02 7.714750671000000182e+01
4.415000000000000000e+02 7.702807617000000562e+01
4.420000000000000000e+02 7.692568970000000661e+01
4.425000000000000000e+02 7.679341888000000438e+01
4.430000000000000000e+02 7.665423583999999835e+01
4.435000000000000000e+02 7.651240540000000578e+01
4.440000000000000000e+02 7.637512970000000223e+01
4.445000000000000000e+02 7.622207641999999339e+01
4.450000000000000000e+02 7.605338286999999298e+01
4.455000000000000000e+02 7.588272858000000554e+01
4.460000000000000000e+02 7.573027039000000116e+01
4.465000000000000000e+02 7.553770446999999422e+01
4.470000000000000000e+02 7.535453796000000182e+01
4.475000000000000000e+02 7.515914917000000628e+01
4.480000000000000000e+02 7.496017455999999868e+01
4.485000000000000000e+02 7.475418091000000231e+01
4.490000000000000000e+02 7.452497864000000050e+01
4.495000000000000000e+02 7.430843353000000207e+01
4.500000000000000000e+02 7.407641601999999637e+01
4.505000000000000000e+02 7.386028290000000140e+01
4.510000000000000000e+02 7.365264129999999909e+01
4.515000000000000000e+02 7.342330169999999612e+01
4.520000000000000000e+02 7.321029663000000198e+01
4.525000000000000000e+02 7.301509857000000636e+01
4.530000000000000000e+02 7.278461455999999430e+01
4.535000000000000000e+02 7.258290100000000677e+01
4.540000000000000000e+02 7.235832213999999851e+01
4.545000000000000000e+02 7.215752410999999711e+01
4.550000000000000000e+02 7.191506957999999372e+01
4.555000000000000000e+02 7.170049285999999711e+01
4.560000000000000000e+02 7.144125366000000099e+01
4.565000000000000000e+02 7.119281768999999827e+01
4.570000000000000000e+02 7.091161345999999810e+01
4.575000000000000000e+02 7.064391326999999876e+01
4.580000000000000000e+02 7.033210753999999554e+01
4.585000000000000000e+02 7.002504729999999711e+01
4.590000000000000000e+02 6.969960785000000669e+01
4.595000000000000000e+02 6.939262390000000380e+01
4.600000000000000000e+02 6.903887939000000529e+01
4.605000000000000000e+02 6.869231415000000140e+01
4.610000000000000000e+02 6.832331084999999860e+01
4.615000000000000000e+02 6.794929503999999554e+01
4.620000000000000000e+02 6.755648804000000496e+01
4.625000000000000000e+02 6.714293671000000074e+01
4.630000000000000000e+02 6.674669647000000339e+01
4.635000000000000000e+02 6.631185913000000198e+01
4.640000000000000000e+02 6.585409545999999636e+01
4.645000000000000000e+02 6.538604736000000628e+01
4.650000000000000000e+02 6.488441466999999818e+01
4.655000000000000000e+02 6.437474822999999446e+01
4.660000000000000000e+02 6.381478881999999686e+01
4.665000000000000000e+02 6.325811767999999802e+01
4.670000000000000000e+02 6.266930770999999822e+01
4.675000000000000000e+02 6.206320953000000173e+01
4.680000000000000000e+02 6.144313812000000041e+01
4.685000000000000000e+02 6.080535506999999740e+01
4.690000000000000000e+02 6.014781188999999983e+01
4.695000000000000000e+02 5.947816466999999818e+01
4.700000000000000000e+02 5.878376389000000302e+01
4.705000000000000000e+02 5.809729003999999719e+01
4.710000000000000000e+02 5.741687011999999868e+01
4.715000000000000000e+02 5.672178267999999690e+01
4.720000000000000000e+02 5.599865341000000285e+01
4.725000000000000000e+02 5.530836105000000202e+01
4.730000000000000000e+02 5.457733154000000297e+01
4.735000000000000000e+02 5.385218429999999756e+01
4.740000000000000000e+02 5.313516235000000165e+01
4.745000000000000000e+02 5.237601470999999975e+01
4.750000000000000000e+02 5.164573287999999707e+01
4.755000000000000000e+02 5.091909789999999703e+01
4.760000000000000000e+02 5.016150664999999975e+01
4.765000000000000000e+02 4.939008331000000140e+01
4.770000000000000000e+02 4.863081740999999880e+01
4.775000000000000000e+02 4.786668015000000054e+01
4.780000000000000000e+02 4.710332108000000062e+01
4.785000000000000000e+02 4.631966781999999938e+01
4.790000000000000000e+02 4.556961440999999979e+01
4.795000000000000000e+02 4.476101684999999719e+01
4.800000000000000000e+02 4.397419739000000050e+01
4.805000000000000000e+02 4.318734359999999839e+01
4.810000000000000000e+02 4.238645554000000004e+01
4.815000000000000000e+02 4.158885956000000306e+01
4.820000000000000000e+02 4.080279921999999715e+01
4.825000000000000000e+02 3.998477935999999744e+01
4.830000000000000000e+02 3.920676041000000112e+01
4.835000000000000000e+02 3.841182709000000273e+01
4.840000000000000000e+02 3.761472701999999657e+01
4.845000000000000000e+02 3.684725570999999888e+01
4.850000000000000000e+02 3.605720519999999851e+01
4.855000000000000000e+02 3.528695678999999785e+01
4.860000000000000000e+02 3.451999282999999963e+01
4.865000000000000000e+02 3.376067351999999744e+01
4.870000000000000000e+02 3.301993560999999744e+01
4.875000000000000000e+02 3.229627608999999921e+01
4.880000000000000000e+02 3.156943893000000045e+01
4.885000000000000000e+02 3.086584472999999917e+01
4.890000000000000000e+02 3.017393875000000136e+01
4.895000000000000000e+02 2.950319861999999915e+01
4.900000000000000000e+02 2.883062744000000066e+01
4.905000000000000000e+02 2.817329215999999903e+01
4.910000000000000000e+02 2.754945374000000058e+01
4.915000000000000000e+02 2.693482017999999911e+01
4.920000000000000000e+02 2.632121086000000076e+01
4.925000000000000000e+02 2.574675750999999835e+01
4.930000000000000000e+02 2.516630363000000159e+01
4.935000000000000000e+02 2.461133385000000118e+01
4.940000000000000000e+02 2.408431434999999965e+01
4.945000000000000000e+02 2.354051971000000165e+01
4.950000000000000000e+02 2.304780960000000078e+01
4.955000000000000000e+02 2.255972480999999874e+01
4.960000000000000000e+02 2.208304405000000159e+01
4.965000000000000000e+02 2.162613677999999950e+01
4.970000000000000000e+02 2.118423080000000169e+01
4.975000000000000000e+02 2.075571822999999938e+01
4.980000000000000000e+02 2.032149506000000017e+01
4.985000000000000000e+02 1.989101790999999864e+01
4.990000000000000000e+02 1.946877479999999849e+01
4.995000000000000000e+02 1.904973220999999839e+01
5.000000000000000000e+02 1.861493301000000145e+01
5.005000000000000000e+02 1.819305229000000068e+01
5.010000000000000000e+02 1.774962615999999826e+01
5.015000000000000000e+02 1.730697250000000054e+01
5.020000000000000000e+02 1.685318755999999851e+01
5.025000000000000000e+02 1.637598801000000037e+01
5.030000000000000000e+02 1.590761374999999944e+01
5.035000000000000000e+02 1.543394278999999969e+01
5.040000000000000000e+02 1.494701099000000077e+01
5.045000000000000000e+02 1.447405243000000041e+01
5.050000000000000000e+02 1.398432541000000029e+01
5.055000000000000000e+02 1.351279163000000061e+01
5.060000000000000000e+02 1.305313300999999981e+01
5.065000000000000000e+02 1.259315585999999954e+01
5.070000000000000000e+02 1.215857983000000075e+01
5.075000000000000000e+02 1.172822189000000037e+01
5.080000000000000000e+02 1.130656815000000037e+01
5.085000000000000000e+02 1.091028500000000001e+01
5.090000000000000000e+02 1.052681637000000059e+01
5.095000000000000000e+02 1.015825747999999962e+01
5.100000000000000000e+02 9.814853667999999587e+00
5.105000000000000000e+02 9.480935096999999701e+00
5.110000000000000000e+02 9.150234221999999917e+00
5.115000000000000000e+02 8.840752602000000238e+00
5.120000000000000000e+02 8.529755592000000775e+00
5.125000000000000000e+02 8.234342574999999442e+00
5.130000000000000000e+02 7.952643871000000253e+00
5.135000000000000000e+02 7.669174671000000387e+00
5.140000000000000000e+02 7.398883820000000000e+00
5.145000000000000000e+02 7.128241539000000238e+00
5.150000000000000000e+02 6.864009857000000103e+00
5.155000000000000000e+02 6.604869843000000351e+00
5.160000000000000000e+02 6.347425461000000269e+00
5.165000000000000000e+02 6.102743149000000145e+00
5.170000000000000000e+02 5.857594490000000320e+00
5.175000000000000000e+02 5.615401268000000279e+00
5.180000000000000000e+02 5.388919829999999855e+00
5.185000000000000000e+02 5.156366347999999711e+00
5.190000000000000000e+02 4.932483195999999737e+00
5.195000000000000000e+02 4.720544337999999840e+00
5.200000000000000000e+02 4.507156849000000243e+00
5.205000000000000000e+02 4.308933257999999711e+00
5.210000000000000000e+02 4.107953071999999928e+00
5.215000000000000000e+02 3.914051055999999917e+00
5.220000000000000000e+02 3.730541468000000194e+00
5.225000000000000000e+02 3.557628869999999832e+00
5.230000000000000000e+02 3.388067007000000075e+00
5.235000000000000000e+02 3.223989248000000085e+00
5.240000000000000000e+02 3.067620754000000005e+00
5.245000000000000000e+02 2.917911053000000088e+00
5.250000000000000000e+02 2.776194095999999778e+00
5.255000000000000000e+02 2.640544890999999783e+00
5.260000000000000000e+02 2.512291907999999907e+00
5.265000000000000000e+02 2.391056776000000106e+00
5.270000000000000000e+02 2.277125835000000098e+00
5.275000000000000000e+02 2.170695305000000186e+00
5.280000000000000000e+02 2.068593502000000139e+00
5.285000000000000000e+02 1.976393580000000094e+00
5.290000000000000000e+02 1.888394713000000058e+00
5.295000000000000000e+02 1.805805445000000065e+00
5.300000000000000000e+02 1.731033443999999921e+00
5.305000000000000000e+02 1.658714414000000081e+00
5.310000000000000000e+02 1.592131138000000057e+00
5.315000000000000000e+02 1.531370043999999986e+00
5.320000000000000000e+02 1.475508808999999921e+00
5.325000000000000000e+02 1.425877212999999921e+00
5.330000000000000000e+02 1.377410768999999924e+00
5.335000000000000000e+02 1.333615540999999904e+00
5.340000000000000000e+02 1.293794512999999924e+00
5.345000000000000000e+02 1.256781101000000067e+00
5.350000000000000000e+02 1.225167155000000063e+00
5.355000000000000000e+02 1.194953442000000088e+00
5.360000000000000000e+02 1.167917848000000092e+00
5.365000000000000000e+02 1.143485069000000021e+00
5.370000000000000000e+02 1.121748567000000030e+00
5.375000000000000000e+02 1.101833582000000034e+00
5.380000000000000000e+02 1.084969400999999944e+00
5.385000000000000000e+02 1.068955421000000072e+00
5.390000000000000000e+02 1.056008934999999926e+00
5.395000000000000000e+02 1.047977327999999986e+00
5.400000000000000000e+02 1.036952496000000057e+00
5.405000000000000000e+02 1.030732632000000093e+00
5.410000000000000000e+02 1.027190685000000103e+00
5.415000000000000000e+02 1.023627877000000019e+00
5.420000000000000000e+02 1.023851990999999906e+00
5.425000000000000000e+02 1.025954127000000105e+00
5.430000000000000000e+02 1.031114459000000094e+00
5.435000000000000000e+02 1.036427736000000044e+00
5.440000000000000000e+02 1.044174194000000000e+00
5.445000000000000000e+02 1.055858492999999898e+00
5.450000000000000000e+02 1.067498325999999942e+00
5.455000000000000000e+02 1.082537531999999914e+00
5.460000000000000000e+02 1.105589747000000012e+00
5.465000000000000000e+02 1.124201774999999959e+00
5.470000000000000000e+02 1.149372338999999910e+00
5.475000000000000000e+02 1.174058437000000010e+00
5.480000000000000000e+02 1.202042221999999994e+00
5.485000000000000000e+02 1.234205484000000075e+00
5.490000000000000000e+02 1.266725778999999941e+00
5.495000000000000000e+02 1.303040385000000079e+00
5.500000000000000000e+02 1.340047717000000027e+00
5.505000000000000000e+02 1.383296489999999990e+00
5.510000000000000000e+02 1.423818827000000065e+00
5.515000000000000000e+02 1.467371106000000092e+00
5.520000000000000000e+02 1.511956453000000034e+00
5.525000000000000000e+02 1.558232902999999947e+00
5.530000000000000000e+02 1.603392482000000063e+00
5.535000000000000000e+02 1.650694370000000077e+00
5.540000000000000000e+02 1.695884705000000103e+00
5.545000000000000000e+02 1.738748908000000037e+00
5.550000000000000000e+02 1.782095074999999973e+00
5.555000000000000000e+02 1.821636558000000017e+00
5.560000000000000000e+02 1.861081122999999948e+00
5.565000000000000000e+02 1.892751217000000041e+00
5.570000000000000000e+02 1.923221706999999947e+00
5.575000000000000000e+02 1.952766299000000094e+00
5.580000000000000000e+02 1.972477913000000083e+00
5.585000000000000000e+02 1.990277647999999955e+00
5.590000000000000000e+02 2.002644300000000044e+00
5.595000000000000000e+02 2.013770580000000088e+00
5.600000000000000000e+02 2.016822814999999824e+00
5.605000000000000000e+02 2.017266988999999899e+00
5.610000000000000000e+02 2.009736537999999850e+00
5.615000000000000000e+02 2.001529931999999956e+00
5.620000000000000000e+02 1.986880183000000022e+00
5.625000000000000000e+02 1.968799710000000092e+00
5.630000000000000000e+02 1.946645975000000028e+00
5.635000000000000000e+02 1.918904662000000094e+00
5.640000000000000000e+02 1.890330553000000080e+00
5.645000000000000000e+02 1.857162476000000062e+00
5.650000000000000000e+02 1.821934818999999983e+00
5.655000000000000000e+02 1.777629136999999915e+00
5.660000000000000000e+02 1.736610412999999964e+00
5.665000000000000000e+02 1.688166499000000043e+00
5.670000000000000000e+02 1.638822317000000028e+00
5.675000000000000000e+02 1.589765906000000006e+00
5.680000000000000000e+02 1.534520507000000089e+00
5.685000000000000000e+02 1.481508851000000071e+00
5.690000000000000000e+02 1.420168400000000108e+00
5.695000000000000000e+02 1.367321014000000057e+00
5.700000000000000000e+02 1.307380318999999957e+00
5.705000000000000000e+02 1.250624179999999974e+00
5.710000000000000000e+02 1.190333486000000107e+00
5.715000000000000000e+02 1.131899714000000001e+00
5.720000000000000000e+02 1.071773171000000024e+00
5.725000000000000000e+02 1.013497829000000072e+00
5.730000000000000000e+02 9.536200169999999865e-01
5.735000000000000000e+02 8.981352449999999710e-01
5.740000000000000000e+02 8.427518609999999910e-01
5.745000000000000000e+02 7.887678150000000388e-01
5.750000000000000000e+02 7.362789509999999593e-01
5.755000000000000000e+02 6.866222619999999832e-01
5.760000000000000000e+02 6.371428970000000414e-01
5.765000000000000000e+02 5.895694489999999677e-01
5.770000000000000000e+02 5.469365720000000097e-01
5.775000000000000000e+02 5.045407410000000148e-01
5.780000000000000000e+02 4.662786130000000084e-01
5.785000000000000000e+02 4.291123749999999903e-01
5.790000000000000000e+02 3.938546780000000136e-01
5.795000000000000000e+02 3.620327119999999788e-01
5.800000000000000000e+02 3.300963339999999913e-01
5.805000000000000000e+02 3.023551700000000064e-01
5.810000000000000000e+02 2.741963860000000142e-01
5.815000000000000000e+02 2.507090570000000129e-01
5.820000000000000000e+02 2.281337979999999988e-01
5.825000000000000000e+02 2.088040409999999958e-01
5.830000000000000000e+02 1.876092259999999901e-01
5.835000000000000000e+02 1.727099719999999894e-01
5.840000000000000000e+02 1.576030850000000039e-01
5.845000000000000000e+02 1.433625070000000001e-01
5.850000000000000000e+02 1.295661630000000120e-01
5.855000000000000000e+02 1.189041440000000033e-01
5.860000000000000000e+02 1.080600550000000021e-01
5.865000000000000000e+02 1.020021359999999933e-01
5.870000000000000000e+02 9.256573799999999463e-02
5.875000000000000000e+02 8.684396699999999414e-02
5.880000000000000000e+02 7.890558999999999767e-02
5.885000000000000000e+02 7.439715399999999312e-02
5.890000000000000000e+02 7.030431900000000400e-02
5.895000000000000000e+02 6.608578599999999359e-02
5.900000000000000000e+02 6.172976599999999842e-02
5.905000000000000000e+02 5.955684599999999662e-02
5.910000000000000000e+02 5.746308700000000297e-02
5.915000000000000000e+02 5.332381700000000252e-02
5.920000000000000000e+02 5.253200200000000125e-02
5.925000000000000000e+02 5.197367399999999749e-02
5.930000000000000000e+02 4.920536300000000196e-02
5.935000000000000000e+02 4.918800699999999887e-02
5.940000000000000000e+02 4.606012300000000143e-02
5.945000000000000000e+02 4.730862400000000051e-02
5.950000000000000000e+02 4.503215099999999943e-02
5.955000000000000000e+02 4.634524100000000230e-02
5.960000000000000000e+02 4.639524600000000110e-02
5.965000000000000000e+02 4.676915300000000081e-02
5.970000000000000000e+02 4.717318300000000048e-02
5.975000000000000000e+02 4.590079600000000065e-02
5.980000000000000000e+02 4.575090899999999933e-02
5.985000000000000000e+02 4.607425300000000251e-02
5.990000000000000000e+02 4.667621899999999796e-02
5.995000000000000000e+02 4.714297499999999669e-02
6.000000000000000000e+02 4.837711900000000315e-02
6.005000000000000000e+02 4.712837200000000171e-02
6.010000000000000000e+02 4.727706699999999901e-02
6.015000000000000000e+02 4.731309000000000209e-02
6.020000000000000000e+02 4.827072500000000044e-02
6.025000000000000000e+02 4.775498400000000032e-02
6.030000000000000000e+02 4.781280499999999989e-02
6.035000000000000000e+02 4.739602300000000240e-02
6.040000000000000000e+02 4.748561600000000132e-02
6.045000000000000000e+02 4.734363400000000249e-02
6.050000000000000000e+02 4.777601399999999859e-02
6.055000000000000000e+02 4.858375300000000035e-02
6.060000000000000000e+02 4.674622800000000078e-02
6.065000000000000000e+02 4.666431199999999946e-02
6.070000000000000000e+02 4.722744200000000142e-02
6.075000000000000000e+02 4.609278599999999670e-02
6.080000000000000000e+02 4.621543699999999810e-02
6.085000000000000000e+02 4.495276899999999659e-02
6.090000000000000000e+02 4.549144199999999999e-02
6.095000000000000000e+02 4.411284599999999723e-02
6.100000000000000000e+02 4.430566699999999997e-02
6.105000000000000000e+02 4.322498999999999786e-02
6.110000000000000000e+02 4.220086700000000302e-02
6.115000000000000000e+02 4.218494099999999664e-02
6.120000000000000000e+02 4.151820800000000089e-02
6.125000000000000000e+02 4.104631000000000252e-02
6.130000000000000000e+02 4.146313699999999713e-02
6.135000000000000000e+02 4.013742900000000224e-02
6.140000000000000000e+02 3.875786400000000298e-02
6.145000000000000000e+02 3.913334400000000046e-02
6.150000000000000000e+02 3.806171600000000238e-02
6.155000000000000000e+02 3.819071500000000008e-02
6.160000000000000000e+02 3.714289500000000216e-02
6.165000000000000000e+02 3.460947400000000118e-02
6.170000000000000000e+02 3.657340299999999739e-02
6.175000000000000000e+02 3.434859600000000207e-02
6.180000000000000000e+02 3.496968000000000298e-02
6.185000000000000000e+02 3.283527499999999710e-02
6.190000000000000000e+02 3.238700700000000238e-02
6.195000000000000000e+02 3.169421900000000264e-02
6.200000000000000000e+02 3.075321400000000094e-02
6.205000000000000000e+02 3.159331900000000165e-02
6.210000000000000000e+02 3.018154600000000007e-02
6.215000000000000000e+02 2.860820999999999850e-02
6.220000000000000000e+02 2.828205400000000092e-02
6.225000000000000000e+02 2.781085299999999996e-02
6.230000000000000000e+02 2.665080900000000100e-02
6.235000000000000000e+02 2.563863599999999937e-02
6.240000000000000000e+02 2.564048999999999842e-02
6.245000000000000000e+02 2.307371999999999895e-02
6.250000000000000000e+02 2.205166399999999860e-02
6.255000000000000000e+02 2.298968100000000139e-02
6.260000000000000000e+02 2.115618999999999833e-02
6.265000000000000000e+02 2.100137100000000132e-02
6.270000000000000000e+02 1.975781799999999991e-02
6.275000000000000000e+02 1.666103999999999849e-02
6.280000000000000000e+02 1.777442400000000047e-02
6.285000000000000000e+02 1.901551500000000020e-02
6.290000000000000000e+02 1.600030800000000128e-02
6.295000000000000000e+02 1.687988600000000020e-02
6.300000000000000000e+02 1.567794000000000132e-02
6.305000000000000000e+02 1.412063000000000033e-02
6.310000000000000000e+02 1.337969299999999979e-02
6.315000000000000000e+02 1.395657800000000073e-02
6.320000000000000000e+02 1.214850900000000004e-02
6.325000000000000000e+02 1.319892899999999987e-02
6.330000000000000000e+02 1.166372899999999942e-02
6.335000000000000000e+02 1.384585099999999930e-02
6.340000000000000000e+02 1.123546299999999935e-02
6.345000000000000000e+02 1.124961600000000048e-02
6.350000000000000000e+02 1.082097800000000019e-02
6.355000000000000000e+02 9.744555000000000231e-03
6.360000000000000000e+02 8.534062999999999719e-03
6.365000000000000000e+02 6.977874999999999703e-03
6.370000000000000000e+02 8.312866999999999826e-03
6.375000000000000000e+02 8.847588999999999454e-03
6.380000000000000000e+02 9.166544000000000428e-03
6.385000000000000000e+02 8.424776000000000140e-03
6.390000000000000000e+02 7.477390000000000425e-03
6.395000000000000000e+02 6.333634999999999786e-03
6.400000000000000000e+02 6.662074999999999941e-03
6.405000000000000000e+02 7.132768000000000268e-03
6.410000000000000000e+02 6.630623000000000419e-03
6.415000000000000000e+02 5.581148000000000185e-03
6.420000000000000000e+02 4.745461999999999771e-03
6.425000000000000000e+02 5.153019000000000002e-03
6.430000000000000000e+02 6.731474000000000311e-03
6.435000000000000000e+02 5.214657999999999620e-03
6.440000000000000000e+02 5.075541000000000254e-03
6.445000000000000000e+02 6.176014999999999977e-03
6.450000000000000000e+02 4.802884999999999793e-03
6.455000000000000000e+02 4.186648999999999753e-03
6.460000000000000000e+02 4.880006000000000101e-03
6.465000000000000000e+02 4.186989000000000335e-03
6.470000000000000000e+02 3.989458999999999887e-03
6.475000000000000000e+02 3.734733000000000063e-03
6.480000000000000000e+02 3.675972000000000007e-03
6.485000000000000000e+02 5.135421999999999730e-03
6.490000000000000000e+02 3.429137999999999978e-03
6.495000000000000000e+02 3.304577999999999856e-03
6.500000000000000000e+02 4.517657999999999917e-03
6.505000000000000000e+02 3.928580000000000093e-03
6.510000000000000000e+02 5.703828000000000197e-03
6.515000000000000000e+02 4.367878999999999859e-03
6.520000000000000000e+02 4.388279000000000138e-03
6.525000000000000000e+02 5.195456000000000206e-03
6.530000000000000000e+02 6.231284000000000128e-03
6.535000000000000000e+02 3.890058999999999965e-03
6.540000000000000000e+02 4.843893000000000157e-03
6.545000000000000000e+02 3.526505000000000091e-03
6.550000000000000000e+02 2.797074000000000088e-03
6.555000000000000000e+02 4.972761000000000021e-03
6.560000000000000000e+02 4.191343000000000152e-03
6.565000000000000000e+02 4.350979999999999952e-03
6.570000000000000000e+02 5.648842999999999746e-03
6.575000000000000000e+02 4.613291999999999740e-03
6.580000000000000000e+02 5.740717999999999689e-03
6.585000000000000000e+02 4.931640000000000156e-03
6.590000000000000000e+02 5.537292000000000082e-03
6.595000000000000000e+02 5.118524999999999638e-03
6.600000000000000000e+02 4.889484999999999838e-03
6.605000000000000000e+02 5.566782000000000154e-03
6.610000000000000000e+02 5.046375999999999987e-03
6.615000000000000000e+02 4.361074999999999847e-03
6.620000000000000000e+02 5.744133999999999698e-03
6.625000000000000000e+02 5.730174000000000205e-03
6.630000000000000000e+02 6.530331999999999804e-03
6.635000000000000000e+02 6.454765999999999802e-03
6.640000000000000000e+02 7.121917999999999652e-03
6.645000000000000000e+02 5.643691000000000159e-03
6.650000000000000000e+02 6.647127000000000070e-03
6.655000000000000000e+02 8.082967999999999403e-03
6.660000000000000000e+02 7.178213999999999602e-03
6.665000000000000000e+02 9.283199000000000659e-03
6.670000000000000000e+02 7.974421000000000634e-03
6.675000000000000000e+02 8.806713000000000735e-03
6.680000000000000000e+02 9.644869000000000359e-03
6.685000000000000000e+02 9.967022000000000728e-03
6.690000000000000000e+02 8.304495000000000279e-03
6.695000000000000000e+02 1.063595399999999955e-02
6.700000000000000000e+02 9.774068000000000339e-03
6.705000000000000000e+02 9.014546000000000017e-03
6.710000000000000000e+02 1.116086600000000019e-02
6.715000000000000000e+02 1.213459799999999991e-02
6.720000000000000000e+02 1.229071800000000082e-02
6.725000000000000000e+02 1.251664899999999948e-02
6.730000000000000000e+02 1.407610100000000058e-02
6.735000000000000000e+02 1.336192800000000035e-02
6.740000000000000000e+02 1.301628600000000018e-02
6.745000000000000000e+02 1.487281300000000035e-02
6.750000000000000000e+02 1.626841199999999946e-02
6.755000000000000000e+02 1.698269300000000009e-02
6.760000000000000000e+02 1.680351000000000067e-02
6.765000000000000000e+02 1.676045699999999944e-02
6.770000000000000000e+02 1.704450500000000146e-02
6.775000000000000000e+02 1.843502199999999883e-02
6.780000000000000000e+02 1.842822300000000052e-02
6.785000000000000000e+02 1.894175799999999951e-02
6.790000000000000000e+02 2.110153099999999976e-02
6.795000000000000000e+02 2.157564099999999957e-02
6.800000000000000000e+02 2.255541999999999964e-02
6.805000000000000000e+02 2.206813200000000072e-02
6.810000000000000000e+02 2.188317099999999987e-02
6.815000000000000000e+02 2.386887700000000015e-02
6.820000000000000000e+02 2.449054499999999898e-02
6.825000000000000000e+02 2.488349600000000147e-02
6.830000000000000000e+02 2.507947599999999985e-02
6.835000000000000000e+02 2.617748500000000034e-02
6.840000000000000000e+02 2.642730800000000005e-02
6.845000000000000000e+02 2.589418400000000064e-02
6.850000000000000000e+02 2.678396900000000122e-02
6.855000000000000000e+02 2.665642799999999937e-02
6.860000000000000000e+02 2.888042899999999913e-02
6.865000000000000000e+02 2.785927399999999984e-02
6.870000000000000000e+02 2.922912899999999953e-02
6.875000000000000000e+02 2.908573999999999882e-02
6.880000000000000000e+02 2.904766799999999871e-02
6.885000000000000000e+02 2.852793799999999921e-02
6.890000000000000000e+02 2.886071999999999943e-02
6.895000000000000000e+02 2.874400300000000061e-02
6.900000000000000000e+02 2.986657200000000095e-02
6.905000000000000000e+02 2.895049400000000023e-02
6.910000000000000000e+02 2.897380700000000073e-02
6.915000000000000000e+02 2.937006600000000023e-02
6.920000000000000000e+02 2.942311400000000021e-02
6.925000000000000000e+02 2.907247699999999935e-02
6.930000000000000000e+02 2.849626200000000137e-02
6.935000000000000000e+02 2.844614000000000170e-02
6.940000000000000000e+02 2.926442599999999963e-02
6.945000000000000000e+02 2.880558000000000077e-02
6.950000000000000000e+02 2.828979100000000163e-02
6.955000000000000000e+02 2.776924500000000143e-02
6.960000000000000000e+02 2.672733199999999948e-02
6.965000000000000000e+02 2.746820599999999848e-02
6.970000000000000000e+02 2.614824300000000157e-02
6.975000000000000000e+02 2.606342400000000170e-02
6.980000000000000000e+02 2.564433600000000021e-02
6.985000000000000000e+02 2.560639199999999865e-02
6.990000000000000000e+02 2.370799900000000043e-02
6.995000000000000000e+02 2.434742599999999840e-02
7.000000000000000000e+02 2.370312100000000061e-02
7.005000000000000000e+02 2.304611399999999949e-02
7.010000000000000000e+02 2.284241799999999975e-02
7.015000000000000000e+02 2.131397299999999995e-02
7.020000000000000000e+02 2.120328499999999880e-02
7.025000000000000000e+02 2.050739700000000013e-02
7.030000000000000000e+02 1.900912100000000035e-02
7.035000000000000000e+02 2.012093400000000004e-02
7.040000000000000000e+02 1.910885400000000151e-02
7.045000000000000000e+02 1.711289400000000002e-02
7.050000000000000000e+02 1.634728900000000096e-02
7.055000000000000000e+02 1.834554399999999835e-02
7.060000000000000000e+02 1.653946800000000161e-02
7.065000000000000000e+02 1.652673099999999937e-02
7.070000000000000000e+02 1.533425700000000044e-02
7.075000000000000000e+02 1.334278099999999974e-02
7.080000000000000000e+02 1.461982199999999933e-02
7.085000000000000000e+02 1.272910600000000045e-02
7.090000000000000000e+02 1.373708799999999973e-02
7.095000000000000000e+02 1.360928500000000048e-02
7.100000000000000000e+02 1.272922200000000011e-02
7.105000000000000000e+02 1.321050500000000086e-02
7.110000000000000000e+02 8.974818000000000726e-03
7.115000000000000000e+02 1.130821700000000062e-02
7.120000000000000000e+02 1.082134499999999958e-02
7.125000000000000000e+02 9.646088000000000579e-03
7.130000000000000000e+02 8.098935999999999288e-03
7.135000000000000000e+02 9.774368999999999766e-03
7.140000000000000000e+02 8.683378999999999751e-03
7.145000000000000000e+02 8.771193999999999519e-03
7.150000000000000000e+02 7.323086999999999826e-03
7.155000000000000000e+02 7.800661000000000400e-03
7.160000000000000000e+02 8.009787000000000851e-03
7.165000000000000000e+02 6.704802999999999631e-03
7.170000000000000000e+02 6.844160999999999648e-03
7.175000000000000000e+02 6.586525000000000192e-03
7.180000000000000000e+02 7.445554000000000061e-03
7.185000000000000000e+02 5.358540999999999652e-03
7.190000000000000000e+02 5.538371000000000266e-03
7.195000000000000000e+02 6.621311999999999857e-03
7.200000000000000000e+02 2.979995000000000040e-03
7.205000000000000000e+02 4.572895999999999905e-03
7.210000000000000000e+02 6.019280000000000116e-03
7.215000000000000000e+02 3.928708000000000373e-03
7.220000000000000000e+02 4.633774999999999700e-03
7.225000000000000000e+02 3.709613000000000060e-03
7.230000000000000000e+02 3.734495000000000002e-03
7.235000000000000000e+02 3.899086999999999865e-03
7.240000000000000000e+02 4.107486999999999944e-03
7.245000000000000000e+02 3.113574999999999936e-03
7.250000000000000000e+02 3.534279999999999887e-03
7.255000000000000000e+02 4.031233999999999859e-03
7.260000000000000000e+02 3.647028000000000075e-03
7.265000000000000000e+02 3.115530000000000035e-03
7.270000000000000000e+02 3.834675000000000063e-03
7.275000000000000000e+02 1.589275999999999927e-03
7.280000000000000000e+02 2.653897000000000114e-03
7.285000000000000000e+02 1.591081999999999956e-03
7.290000000000000000e+02 1.590276000000000059e-03
7.295000000000000000e+02 1.108578999999999945e-03
7.300000000000000000e+02 2.215897000000000092e-03
7.305000000000000000e+02 1.659321999999999967e-03
7.310000000000000000e+02 2.070517000000000017e-03
7.315000000000000000e+02 2.593010000000000193e-03
7.320000000000000000e+02 1.256009999999999896e-03
7.325000000000000000e+02 2.547414000000000015e-03
7.330000000000000000e+02 1.799126000000000067e-03
7.335000000000000000e+02 2.359055000000000093e-03
7.340000000000000000e+02 1.450061000000000102e-03
7.345000000000000000e+02 1.319616999999999925e-03
7.350000000000000000e+02 1.129212000000000098e-03
7.355000000000000000e+02 1.393060000000000001e-03
7.360000000000000000e+02 0.000000000000000000e+00
7.365000000000000000e+02 0.000000000000000000e+00
7.370000000000000000e+02 1.244976000000000069e-03
7.375000000000000000e+02 1.664564000000000104e-03
7.380000000000000000e+02 2.075421000000000037e-03
7.385000000000000000e+02 6.016889999999999782e-04
7.390000000000000000e+02 0.000000000000000000e+00
7.395000000000000000e+02 0.000000000000000000e+00
7.400000000000000000e+02 7.722469999999999942e-04
7.405000000000000000e+02 1.944170999999999963e-03
7.410000000000000000e+02 1.033620999999999976e-03
7.415000000000000000e+02 0.000000000000000000e+00
7.420000000000000000e+02 7.490000000000000455e-05
7.425000000000000000e+02 6.610849999999999496e-04
7.430000000000000000e+02 3.786749999999999752e-04
7.435000000000000000e+02 1.737508000000000021e-03
7.440000000000000000e+02 0.000000000000000000e+00
7.445000000000000000e+02 1.243039999999999944e-04
7.450000000000000000e+02 0.000000000000000000e+00
7.455000000000000000e+02 0.000000000000000000e+00
7.460000000000000000e+02 0.000000000000000000e+00
7.465000000000000000e+02 1.535198999999999895e-03
7.470000000000000000e+02 2.987849999999999794e-04
7.475000000000000000e+02 5.390000000000000063e-06
7.480000000000000000e+02 8.296700000000000168e-04
7.485000000000000000e+02 1.104715999999999945e-03
7.490000000000000000e+02 2.950079999999999781e-04
7.495000000000000000e+02 9.373639999999999924e-04
7.500000000000000000e+02 0.000000000000000000e+00
7.505000000000000000e+02 5.104379999999999942e-04
7.510000000000000000e+02 0.000000000000000000e+00
7.515000000000000000e+02 9.753060000000000028e-04
7.520000000000000000e+02 0.000000000000000000e+00
7.525000000000000000e+02 0.000000000000000000e+00
7.530000000000000000e+02 0.000000000000000000e+00
7.535000000000000000e+02 5.989780000000000104e-04
7.540000000000000000e+02 1.783800000000000099e-04
7.545000000000000000e+02 0.000000000000000000e+00
7.550000000000000000e+02 0.000000000000000000e+00
7.555000000000000000e+02 4.810130000000000243e-04
7.560000000000000000e+02 0.000000000000000000e+00
7.565000000000000000e+02 5.053669999999999473e-04
7.570000000000000000e+02 8.075499999999999779e-04
7.575000000000000000e+02 0.000000000000000000e+00
7.580000000000000000e+02 0.000000000000000000e+00
7.585000000000000000e+02 0.000000000000000000e+00
7.590000000000000000e+02 0.000000000000000000e+00
7.595000000000000000e+02 1.866679999999999956e-04
7.600000000000000000e+02 9.000000000000000567e-05
7.605000000000000000e+02 0.000000000000000000e+00
7.610000000000000000e+02 3.219920000000000030e-04
7.615000000000000000e+02 0.000000000000000000e+00
7.620000000000000000e+02 0.000000000000000000e+00
7.625000000000000000e+02 0.000000000000000000e+00
7.630000000000000000e+02 2.648980000000000106e-04
7.635000000000000000e+02 7.522409999999999557e-04
7.640000000000000000e+02 0.000000000000000000e+00
7.645000000000000000e+02 0.000000000000000000e+00
7.650000000000000000e+02 0.000000000000000000e+00
7.655000000000000000e+02 0.000000000000000000e+00
7.660000000000000000e+02 0.000000000000000000e+00
7.665000000000000000e+02 0.000000000000000000e+00
7.670000000000000000e+02 0.000000000000000000e+00
7.675000000000000000e+02 0.000000000000000000e+00
7.680000000000000000e+02 0.000000000000000000e+00
7.685000000000000000e+02 9.468220000000000499e-04
7.690000000000000000e+02 8.709020000000000043e-04
7.695000000000000000e+02 0.000000000000000000e+00
7.700000000000000000e+02 0.000000000000000000e+00
7.705000000000000000e+02 0.000000000000000000e+00
7.710000000000000000e+02 0.000000000000000000e+00
7.715000000000000000e+02 0.000000000000000000e+00
7.720000000000000000e+02 8.579999999999999845e-05
7.725000000000000000e+02 0.000000000000000000e+00
7.730000000000000000e+02 1.694708000000000065e-03
7.735000000000000000e+02 0.000000000000000000e+00
7.740000000000000000e+02 3.639459999999999744e-04
7.745000000000000000e+02 2.049939000000000188e-03
7.750000000000000000e+02 0.000000000000000000e+00
7.755000000000000000e+02 9.330080000000000361e-04
7.760000000000000000e+02 6.173619999999999889e-04
7.765000000000000000e+02 0.000000000000000000e+00
7.770000000000000000e+02 0.000000000000000000e+00
7.775000000000000000e+02 2.364520000000000055e-04
7.780000000000000000e+02 0.000000000000000000e+00
7.785000000000000000e+02 0.000000000000000000e+00
7.790000000000000000e+02 0.000000000000000000e+00
7.795000000000000000e+02 0.000000000000000000e+00
7.800000000000000000e+02 3.483849999999999924e-04
7.805000000000000000e+02 0.000000000000000000e+00
7.810000000000000000e+02 0.000000000000000000e+00
7.815000000000000000e+02 4.472890000000000199e-04
7.820000000000000000e+02 9.279400000000000365e-04
7.825000000000000000e+02 0.000000000000000000e+00
7.830000000000000000e+02 0.000000000000000000e+00
7.835000000000000000e+02 3.243000000000000223e-04
7.840000000000000000e+02 0.000000000000000000e+00
7.845000000000000000e+02 4.771889999999999877e-04
7.850000000000000000e+02 2.581129999999999731e-04
7.855000000000000000e+02 0.000000000000000000e+00
7.860000000000000000e+02 0.000000000000000000e+00
7.865000000000000000e+02 3.149999999999999910e-06
7.870000000000000000e+02 0.000000000000000000e+00
7.875000000000000000e+02 5.492029999999999525e-04
7.880000000000000000e+02 0.000000000000000000e+00
7.885000000000000000e+02 2.110439999999999940e-04
7.890000000000000000e+02 0.000000000000000000e+00
7.895000000000000000e+02 0.000000000000000000e+00
7.900000000000000000e+02 0.000000000000000000e+00
7.905000000000000000e+02 4.361750000000000176e-04
7.910000000000000000e+02 0.000000000000000000e+00
7.915000000000000000e+02 0.000000000000000000e+00
7.920000000000000000e+02 0.000000000000000000e+00
7.925000000000000000e+02 0.000000000000000000e+00
7.930000000000000000e+02 6.540000000000000403e-05
7.935000000000000000e+02 0.000000000000000000e+00
7.940000000000000000e+02 3.520000000000000180e-05
7.945000000000000000e+02 0.000000000000000000e+00
7.950000000000000000e+02 0.000000000000000000e+00
7.955000000000000000e+02 0.000000000000000000e+00
7.960000000000000000e+02 0.000000000000000000e+00
7.965000000000000000e+02 1.054019999999999914e-03
7.970000000000000000e+02 0.000000000000000000e+00
7.975000000000000000e+02 0.000000000000000000e+00
7.980000000000000000e+02 5.096309999999999729e-04
7.985000000000000000e+02 2.704510000000000030e-04
7.990000000000000000e+02 0.000000000000000000e+00
7.995000000000000000e+02 0.000000000000000000e+00
8.000000000000000000e+02 0.000000000000000000e+00
8.005000000000000000e+02 1.065194999999999901e-03
8.010000000000000000e+02 7.740499999999999768e-04
8.015000000000000000e+02 6.262639999999999657e-04
8.020000000000000000e+02 0.000000000000000000e+00
8.025000000000000000e+02 0.000000000000000000e+00
8.030000000000000000e+02 0.000000000000000000e+00
8.035000000000000000e+02 8.880000000000000360e-05
8.040000000000000000e+02 0.000000000000000000e+00
8.045000000000000000e+02 3.434029999999999917e-04
8.050000000000000000e+02 0.000000000000000000e+00
8.055000000000000000e+02 0.000000000000000000e+00
8.060000000000000000e+02 0.000000000000000000e+00
8.065000000000000000e+02 1.079100000000000019e-04
8.070000000000000000e+02 0.000000000000000000e+00
8.075000000000000000e+02 0.000000000000000000e+00
8.080000000000000000e+02 0.000000000000000000e+00
8.085000000000000000e+02 0.000000000000000000e+00
8.090000000000000000e+02 0.000000000000000000e+00
8.095000000000000000e+02 0.000000000000000000e+00
8.100000000000000000e+02 0.000000000000000000e+00
8.105000000000000000e+02 0.000000000000000000e+00
8.110000000000000000e+02 6.537770000000000256e-04
8.115000000000000000e+02 3.435719999999999963e-04
8.120000000000000000e+02 0.000000000000000000e+00
8.125000000000000000e+02 0.000000000000000000e+00
8.130000000000000000e+02 0.000000000000000000e+00
8.135000000000000000e+02 9.366199999999999873e-04
8.140000000000000000e+02 4.300759999999999935e-04
8.145000000000000000e+02 0.000000000000000000e+00
8.150000000000000000e+02 0.000000000000000000e+00
8.155000000000000000e+02 0.000000000000000000e+00
8.160000000000000000e+02 0.000000000000000000e+00
8.165000000000000000e+02 0.000000000000000000e+00
8.170000000000000000e+02 0.000000000000000000e+00
8.175000000000000000e+02 0.000000000000000000e+00
8.180000000000000000e+02 0.000000000000000000e+00
8.185000000000000000e+02 0.000000000000000000e+00
8.190000000000000000e+02 2.400439999999999941e-04
8.195000000000000000e+02 2.106440000000000114e-04
8.200000000000000000e+02 4.667240000000000126e-04
8.205000000000000000e+02 0.000000000000000000e+00
8.210000000000000000e+02 7.679999999999999652e-05
8.215000000000000000e+02 0.000000000000000000e+00
8.220000000000000000e+02 0.000000000000000000e+00
8.225000000000000000e+02 8.144180000000000213e-04
8.230000000000000000e+02 0.000000000000000000e+00
8.235000000000000000e+02 0.000000000000000000e+00
8.240000000000000000e+02 1.806029999999999918e-04
8.245000000000000000e+02 6.197870000000000072e-04
8.250000000000000000e+02 0.000000000000000000e+00
8.255000000000000000e+02 0.000000000000000000e+00
8.260000000000000000e+02 1.963350000000000099e-04
8.265000000000000000e+02 0.000000000000000000e+00
8.270000000000000000e+02 0.000000000000000000e+00
8.275000000000000000e+02 5.038860000000000474e-04
8.280000000000000000e+02 4.199999999999999768e-05
8.285000000000000000e+02 0.000000000000000000e+00
8.290000000000000000e+02 0.000000000000000000e+00
8.295000000000000000e+02 0.000000000000000000e+00
8.300000000000000000e+02 0.000000000000000000e+00
8.305000000000000000e+02 0.000000000000000000e+00
8.310000000000000000e+02 4.163370000000000222e-04
8.315000000000000000e+02 2.102678000000000186e-03
8.320000000000000000e+02 4.463770000000000259e-04
8.325000000000000000e+02 0.000000000000000000e+00
8.330000000000000000e+02 0.000000000000000000e+00
8.335000000000000000e+02 2.318459999999999889e-04
8.340000000000000000e+02 0.000000000000000000e+00
8.345000000000000000e+02 0.000000000000000000e+00
8.350000000000000000e+02 5.519999999999999666e-06
8.355000000000000000e+02 0.000000000000000000e+00
8.360000000000000000e+02 0.000000000000000000e+00
8.365000000000000000e+02 0.000000000000000000e+00
8.370000000000000000e+02 0.000000000000000000e+00
8.375000000000000000e+02 0.000000000000000000e+00
8.380000000000000000e+02 0.000000000000000000e+00
8.385000000000000000e+02 4.255959999999999821e-04
8.390000000000000000e+02 0.000000000000000000e+00
8.395000000000000000e+02 0.000000000000000000e+00
8.400000000000000000e+02 2.333029999999999989e-04
8.405000000000000000e+02 5.039969999999999520e-04
8.410000000000000000e+02 0.000000000000000000e+00
8.415000000000000000e+02 0.000000000000000000e+00
8.420000000000000000e+02 3.094940000000000017e-04
8.425000000000000000e+02 0.000000000000000000e+00
8.430000000000000000e+02 9.082499999999999862e-04
8.435000000000000000e+02 9.061400000000000487e-04
8.440000000000000000e+02 0.000000000000000000e+00
8.445000000000000000e+02 0.000000000000000000e+00
8.450000000000000000e+02 0.000000000000000000e+00
8.455000000000000000e+02 0.000000000000000000e+00
8.460000000000000000e+02 0.000000000000000000e+00
8.465000000000000000e+02 0.000000000000000000e+00
8.470000000000000000e+02 0.000000000000000000e+00
8.475000000000000000e+02 0.000000000000000000e+00
8.480000000000000000e+02 0.000000000000000000e+00
8.485000000000000000e+02 0.000000000000000000e+00
8.490000000000000000e+02 0.000000000000000000e+00
8.495000000000000000e+02 1.095777999999999943e-03
8.500000000000000000e+02 3.126000000000000089e-04
8.505000000000000000e+02 1.120619999999999987e-04
8.510000000000000000e+02 0.000000000000000000e+00
8.515000000000000000e+02 0.000000000000000000e+00
8.520000000000000000e+02 1.542670000000000055e-04
8.525000000000000000e+02 0.000000000000000000e+00
8.530000000000000000e+02 4.734389999999999779e-04
8.535000000000000000e+02 7.710000000000000382e-05
8.540000000000000000e+02 0.000000000000000000e+00
8.545000000000000000e+02 0.000000000000000000e+00
8.550000000000000000e+02 0.000000000000000000e+00
8.555000000000000000e+02 0.000000000000000000e+00
8.560000000000000000e+02 0.000000000000000000e+00
8.565000000000000000e+02 0.000000000000000000e+00
8.570000000000000000e+02 0.000000000000000000e+00
8.575000000000000000e+02 0.000000000000000000e+00
8.580000000000000000e+02 0.000000000000000000e+00
8.585000000000000000e+02 0.000000000000000000e+00
8.590000000000000000e+02 0.000000000000000000e+00
8.595000000000000000e+02 0.000000000000000000e+00
8.600000000000000000e+02 2.933559999999999879e-04
8.605000000000000000e+02 0.000000000000000000e+00
8.610000000000000000e+02 0.000000000000000000e+00
8.615000000000000000e+02 0.000000000000000000e+00
8.620000000000000000e+02 0.000000000000000000e+00
8.625000000000000000e+02 0.000000000000000000e+00
8.630000000000000000e+02 0.000000000000000000e+00
8.635000000000000000e+02 3.644200000000000108e-04
8.640000000000000000e+02 0.000000000000000000e+00
8.645000000000000000e+02 0.000000000000000000e+00
8.650000000000000000e+02 0.000000000000000000e+00
8.655000000000000000e+02 0.000000000000000000e+00
8.660000000000000000e+02 0.000000000000000000e+00
8.665000000000000000e+02 0.000000000000000000e+00
8.670000000000000000e+02 3.786470000000000222e-04
8.675000000000000000e+02 1.005510000000000041e-03
8.680000000000000000e+02 0.000000000000000000e+00
8.685000000000000000e+02 0.000000000000000000e+00
8.690000000000000000e+02 0.000000000000000000e+00
8.695000000000000000e+02 0.000000000000000000e+00
8.700000000000000000e+02 0.000000000000000000e+00
8.705000000000000000e+02 0.000000000000000000e+00
8.710000000000000000e+02 2.932659999999999803e-04
8.715000000000000000e+02 0.000000000000000000e+00
8.720000000000000000e+02 0.000000000000000000e+00
8.725000000000000000e+02 5.471109999999999732e-04
8.730000000000000000e+02 4.837180000000000060e-04
8.735000000000000000e+02 0.000000000000000000e+00
8.740000000000000000e+02 1.004049999999999984e-04
8.745000000000000000e+02 1.663000000000000036e-04
8.750000000000000000e+02 3.880000000000000121e-05
8.755000000000000000e+02 8.027219999999999625e-04
8.760000000000000000e+02 0.000000000000000000e+00
8.765000000000000000e+02 0.000000000000000000e+00
8.770000000000000000e+02 0.000000000000000000e+00
8.775000000000000000e+02 1.230749999999999965e-04
8.780000000000000000e+02 0.000000000000000000e+00
8.785000000000000000e+02 0.000000000000000000e+00
8.790000000000000000e+02 0.000000000000000000e+00
8.795000000000000000e+02 0.000000000000000000e+00
8.800000000000000000e+02 4.072820000000000216e-04
8.805000000000000000e+02 0.000000000000000000e+00
8.810000000000000000e+02 6.109800000000000083e-04
8.815000000000000000e+02 0.000000000000000000e+00
8.820000000000000000e+02 0.000000000000000000e+00
8.825000000000000000e+02 0.000000000000000000e+00
8.830000000000000000e+02 0.000000000000000000e+00
8.835000000000000000e+02 0.000000000000000000e+00
8.840000000000000000e+02 0.000000000000000000e+00
8.845000000000000000e+02 1.294035999999999928e-03
8.850000000000000000e+02 1.438029999999999918e-04
8.855000000000000000e+02 0.000000000000000000e+00
8.860000000000000000e+02 0.000000000000000000e+00
8.865000000000000000e+02 7.640000000000000035e-05
8.870000000000000000e+02 1.510919999999999961e-04
8.875000000000000000e+02 1.701619999999999880e-04
8.880000000000000000e+02 1.307360000000000032e-03
8.885000000000000000e+02 0.000000000000000000e+00
8.890000000000000000e+02 0.000000000000000000e+00
8.895000000000000000e+02 1.091410000000000042e-04
8.900000000000000000e+02 3.220510000000000104e-04
8.905000000000000000e+02 0.000000000000000000e+00
8.910000000000000000e+02 0.000000000000000000e+00
8.915000000000000000e+02 5.800000000000000034e-05
8.920000000000000000e+02 4.708520000000000110e-04
8.925000000000000000e+02 0.000000000000000000e+00
8.930000000000000000e+02 0.000000000000000000e+00
8.935000000000000000e+02 0.000000000000000000e+00
8.940000000000000000e+02 0.000000000000000000e+00
8.945000000000000000e+02 0.000000000000000000e+00
8.950000000000000000e+02 0.000000000000000000e+00
8.955000000000000000e+02 0.000000000000000000e+00
8.960000000000000000e+02 0.000000000000000000e+00
8.965000000000000000e+02 0.000000000000000000e+00
8.970000000000000000e+02 7.830000000000000588e-05
8.975000000000000000e+02 0.000000000000000000e+00
8.980000000000000000e+02 1.039364000000000086e-03
8.985000000000000000e+02 1.221859000000000053e-03
8.990000000000000000e+02 0.000000000000000000e+00
8.995000000000000000e+02 0.000000000000000000e+00
9.000000000000000000e+02 0.000000000000000000e+00
9.005000000000000000e+02 0.000000000000000000e+00
9.010000000000000000e+02 0.000000000000000000e+00
9.015000000000000000e+02 0.000000000000000000e+00
9.020000000000000000e+02 0.000000000000000000e+00
9.025000000000000000e+02 0.000000000000000000e+00
9.030000000000000000e+02 0.000000000000000000e+00
9.035000000000000000e+02 0.000000000000000000e+00
9.040000000000000000e+02 0.000000000000000000e+00
9.045000000000000000e+02 0.000000000000000000e+00
9.050000000000000000e+02 0.000000000000000000e+00
9.055000000000000000e+02 0.000000000000000000e+00
9.060000000000000000e+02 0.000000000000000000e+00
9.065000000000000000e+02 0.000000000000000000e+00
9.070000000000000000e+02 0.000000000000000000e+00
9.075000000000000000e+02 0.000000000000000000e+00
9.080000000000000000e+02 1.761020000000000077e-03
9.085000000000000000e+02 0.000000000000000000e+00
9.090000000000000000e+02 0.000000000000000000e+00
9.095000000000000000e+02 0.000000000000000000e+00
9.100000000000000000e+02 0.000000000000000000e+00
9.105000000000000000e+02 0.000000000000000000e+00
9.110000000000000000e+02 0.000000000000000000e+00
9.115000000000000000e+02 0.000000000000000000e+00
9.120000000000000000e+02 0.000000000000000000e+00
9.125000000000000000e+02 0.000000000000000000e+00
9.130000000000000000e+02 0.000000000000000000e+00
9.135000000000000000e+02 0.000000000000000000e+00
9.140000000000000000e+02 0.000000000000000000e+00
9.145000000000000000e+02 0.000000000000000000e+00
9.150000000000000000e+02 0.000000000000000000e+00
9.155000000000000000e+02 0.000000000000000000e+00
9.160000000000000000e+02 0.000000000000000000e+00
9.165000000000000000e+02 0.000000000000000000e+00
9.170000000000000000e+02 0.000000000000000000e+00
9.175000000000000000e+02 0.000000000000000000e+00
9.180000000000000000e+02 0.000000000000000000e+00
9.185000000000000000e+02 0.000000000000000000e+00
9.190000000000000000e+02 0.000000000000000000e+00
9.195000000000000000e+02 0.000000000000000000e+00
9.200000000000000000e+02 0.000000000000000000e+00
9.205000000000000000e+02 0.000000000000000000e+00
9.210000000000000000e+02 0.000000000000000000e+00
9.215000000000000000e+02 0.000000000000000000e+00
9.220000000000000000e+02 0.000000000000000000e+00
9.225000000000000000e+02 0.000000000000000000e+00
9.230000000000000000e+02 0.000000000000000000e+00
9.235000000000000000e+02 0.000000000000000000e+00
9.240000000000000000e+02 0.000000000000000000e+00
9.245000000000000000e+02 0.000000000000000000e+00
9.250000000000000000e+02 0.000000000000000000e+00
9.255000000000000000e+02 0.000000000000000000e+00
9.260000000000000000e+02 0.000000000000000000e+00
9.265000000000000000e+02 0.000000000000000000e+00
9.270000000000000000e+02 0.000000000000000000e+00
9.275000000000000000e+02 0.000000000000000000e+00
9.280000000000000000e+02 0.000000000000000000e+00
9.285000000000000000e+02 0.000000000000000000e+00
9.290000000000000000e+02 0.000000000000000000e+00
9.295000000000000000e+02 0.000000000000000000e+00
9.300000000000000000e+02 0.000000000000000000e+00
9.305000000000000000e+02 0.000000000000000000e+00
9.310000000000000000e+02 0.000000000000000000e+00
9.315000000000000000e+02 0.000000000000000000e+00
9.320000000000000000e+02 0.000000000000000000e+00
9.325000000000000000e+02 0.000000000000000000e+00
9.330000000000000000e+02 0.000000000000000000e+00
9.335000000000000000e+02 0.000000000000000000e+00
9.340000000000000000e+02 0.000000000000000000e+00
9.345000000000000000e+02 0.000000000000000000e+00
9.350000000000000000e+02 0.000000000000000000e+00
9.355000000000000000e+02 0.000000000000000000e+00
9.360000000000000000e+02 1.329999999999999972e-05
9.365000000000000000e+02 0.000000000000000000e+00
9.370000000000000000e+02 0.000000000000000000e+00
9.375000000000000000e+02 0.000000000000000000e+00
9.380000000000000000e+02 0.000000000000000000e+00
9.385000000000000000e+02 0.000000000000000000e+00
9.390000000000000000e+02 0.000000000000000000e+00
9.395000000000000000e+02 0.000000000000000000e+00
9.400000000000000000e+02 0.000000000000000000e+00
9.405000000000000000e+02 0.000000000000000000e+00
9.410000000000000000e+02 0.000000000000000000e+00
9.415000000000000000e+02 0.000000000000000000e+00
9.420000000000000000e+02 0.000000000000000000e+00
9.425000000000000000e+02 0.000000000000000000e+00
9.430000000000000000e+02 0.000000000000000000e+00
9.435000000000000000e+02 0.000000000000000000e+00
9.440000000000000000e+02 0.000000000000000000e+00
9.445000000000000000e+02 0.000000000000000000e+00
9.450000000000000000e+02 0.000000000000000000e+00
9.455000000000000000e+02 0.000000000000000000e+00
9.460000000000000000e+02 0.000000000000000000e+00
9.465000000000000000e+02 0.000000000000000000e+00
9.470000000000000000e+02 0.000000000000000000e+00
9.475000000000000000e+02 0.000000000000000000e+00
9.480000000000000000e+02 0.000000000000000000e+00
9.485000000000000000e+02 0.000000000000000000e+00
9.490000000000000000e+02 0.000000000000000000e+00
9.495000000000000000e+02 0.000000000000000000e+00
9.500000000000000000e+02 0.000000000000000000e+00
9.505000000000000000e+02 0.000000000000000000e+00
9.510000000000000000e+02 0.000000000000000000e+00
9.515000000000000000e+02 0.000000000000000000e+00
9.520000000000000000e+02 0.000000000000000000e+00
9.525000000000000000e+02 0.000000000000000000e+00
9.530000000000000000e+02 0.000000000000000000e+00
9.535000000000000000e+02 0.000000000000000000e+00
9.540000000000000000e+02 5.172860000000000479e-04
9.545000000000000000e+02 0.000000000000000000e+00
9.550000000000000000e+02 0.000000000000000000e+00
9.555000000000000000e+02 0.000000000000000000e+00
9.560000000000000000e+02 0.000000000000000000e+00
9.565000000000000000e+02 0.000000000000000000e+00
9.570000000000000000e+02 0.000000000000000000e+00
9.575000000000000000e+02 0.000000000000000000e+00
9.580000000000000000e+02 0.000000000000000000e+00
9.585000000000000000e+02 0.000000000000000000e+00
9.590000000000000000e+02 0.000000000000000000e+00
9.595000000000000000e+02 0.000000000000000000e+00
9.600000000000000000e+02 0.000000000000000000e+00
9.605000000000000000e+02 0.000000000000000000e+00
9.610000000000000000e+02 0.000000000000000000e+00
9.615000000000000000e+02 0.000000000000000000e+00
9.620000000000000000e+02 0.000000000000000000e+00
9.625000000000000000e+02 0.000000000000000000e+00
9.630000000000000000e+02 0.000000000000000000e+00
9.635000000000000000e+02 0.000000000000000000e+00
9.640000000000000000e+02 0.000000000000000000e+00
9.645000000000000000e+02 0.000000000000000000e+00
9.650000000000000000e+02 0.000000000000000000e+00
9.655000000000000000e+02 0.000000000000000000e+00
9.660000000000000000e+02 0.000000000000000000e+00
9.665000000000000000e+02 0.000000000000000000e+00
9.670000000000000000e+02 0.000000000000000000e+00
9.675000000000000000e+02 0.000000000000000000e+00
9.680000000000000000e+02 0.000000000000000000e+00
9.685000000000000000e+02 0.000000000000000000e+00
9.690000000000000000e+02 0.000000000000000000e+00
9.695000000000000000e+02 0.000000000000000000e+00
9.700000000000000000e+02 0.000000000000000000e+00
9.705000000000000000e+02 0.000000000000000000e+00
9.710000000000000000e+02 0.000000000000000000e+00
9.715000000000000000e+02 0.000000000000000000e+00
9.720000000000000000e+02 0.000000000000000000e+00
9.725000000000000000e+02 0.000000000000000000e+00
9.730000000000000000e+02 0.000000000000000000e+00
9.735000000000000000e+02 0.000000000000000000e+00
9.740000000000000000e+02 0.000000000000000000e+00
9.745000000000000000e+02 0.000000000000000000e+00
9.750000000000000000e+02 0.000000000000000000e+00
9.755000000000000000e+02 0.000000000000000000e+00
9.760000000000000000e+02 0.000000000000000000e+00
9.765000000000000000e+02 0.000000000000000000e+00
9.770000000000000000e+02 0.000000000000000000e+00
9.775000000000000000e+02 0.000000000000000000e+00
9.780000000000000000e+02 0.000000000000000000e+00
9.785000000000000000e+02 0.000000000000000000e+00
9.790000000000000000e+02 0.000000000000000000e+00
9.795000000000000000e+02 0.000000000000000000e+00
9.800000000000000000e+02 0.000000000000000000e+00
9.805000000000000000e+02 0.000000000000000000e+00
9.810000000000000000e+02 0.000000000000000000e+00
9.815000000000000000e+02 0.000000000000000000e+00
9.820000000000000000e+02 0.000000000000000000e+00
9.825000000000000000e+02 0.000000000000000000e+00
9.830000000000000000e+02 0.000000000000000000e+00
9.835000000000000000e+02 0.000000000000000000e+00
9.840000000000000000e+02 0.000000000000000000e+00
9.845000000000000000e+02 0.000000000000000000e+00
9.850000000000000000e+02 0.000000000000000000e+00
9.855000000000000000e+02 0.000000000000000000e+00
9.860000000000000000e+02 0.000000000000000000e+00
9.865000000000000000e+02 0.000000000000000000e+00
9.870000000000000000e+02 0.000000000000000000e+00
9.875000000000000000e+02 0.000000000000000000e+00
9.880000000000000000e+02 0.000000000000000000e+00
9.885000000000000000e+02 0.000000000000000000e+00
9.890000000000000000e+02 0.000000000000000000e+00
9.895000000000000000e+02 0.000000000000000000e+00
9.900000000000000000e+02 0.000000000000000000e+00
9.905000000000000000e+02 0.000000000000000000e+00
9.910000000000000000e+02 0.000000000000000000e+00
9.915000000000000000e+02 0.000000000000000000e+00
9.920000000000000000e+02 0.000000000000000000e+00
9.925000000000000000e+02 0.000000000000000000e+00
9.930000000000000000e+02 0.000000000000000000e+00
9.935000000000000000e+02 0.000000000000000000e+00
9.940000000000000000e+02 0.000000000000000000e+00
9.945000000000000000e+02 0.000000000000000000e+00
9.950000000000000000e+02 0.000000000000000000e+00
9.955000000000000000e+02 0.000000000000000000e+00
9.960000000000000000e+02 0.000000000000000000e+00
9.965000000000000000e+02 0.000000000000000000e+00
9.970000000000000000e+02 0.000000000000000000e+00
9.975000000000000000e+02 0.000000000000000000e+00
9.980000000000000000e+02 0.000000000000000000e+00
9.985000000000000000e+02 0.000000000000000000e+00
9.990000000000000000e+02 0.000000000000000000e+00
9.995000000000000000e+02 0.000000000000000000e+00
1.000000000000000000e+03 0.000000000000000000e+00
1.000500000000000000e+03 0.000000000000000000e+00
1.001000000000000000e+03 0.000000000000000000e+00
1.001500000000000000e+03 0.000000000000000000e+00
1.002000000000000000e+03 0.000000000000000000e+00
1.002500000000000000e+03 0.000000000000000000e+00
1.003000000000000000e+03 0.000000000000000000e+00
1.003500000000000000e+03 0.000000000000000000e+00
1.004000000000000000e+03 0.000000000000000000e+00
1.004500000000000000e+03 0.000000000000000000e+00
1.005000000000000000e+03 0.000000000000000000e+00
1.005500000000000000e+03 0.000000000000000000e+00
1.006000000000000000e+03 0.000000000000000000e+00
1.006500000000000000e+03 0.000000000000000000e+00
1.007000000000000000e+03 0.000000000000000000e+00
1.007500000000000000e+03 1.952479000000000020e-03
1.008000000000000000e+03 0.000000000000000000e+00
1.008500000000000000e+03 0.000000000000000000e+00
1.009000000000000000e+03 0.000000000000000000e+00
1.009500000000000000e+03 0.000000000000000000e+00
1.010000000000000000e+03 0.000000000000000000e+00
1.010500000000000000e+03 0.000000000000000000e+00
1.011000000000000000e+03 0.000000000000000000e+00
1.011500000000000000e+03 0.000000000000000000e+00
1.012000000000000000e+03 0.000000000000000000e+00
1.012500000000000000e+03 0.000000000000000000e+00
1.013000000000000000e+03 0.000000000000000000e+00
1.013500000000000000e+03 0.000000000000000000e+00
1.014000000000000000e+03 0.000000000000000000e+00
1.014500000000000000e+03 0.000000000000000000e+00
1.015000000000000000e+03 0.000000000000000000e+00
1.015500000000000000e+03 0.000000000000000000e+00
1.016000000000000000e+03 0.000000000000000000e+00
1.016500000000000000e+03 0.000000000000000000e+00
1.017000000000000000e+03 0.000000000000000000e+00
1.017500000000000000e+03 0.000000000000000000e+00
1.018000000000000000e+03 0.000000000000000000e+00
1.018500000000000000e+03 0.000000000000000000e+00
1.019000000000000000e+03 0.000000000000000000e+00
1.019500000000000000e+03 0.000000000000000000e+00
1.020000000000000000e+03 0.000000000000000000e+00
1.020500000000000000e+03 0.000000000000000000e+00
1.021000000000000000e+03 0.000000000000000000e+00
1.021500000000000000e+03 0.000000000000000000e+00
1.022000000000000000e+03 0.000000000000000000e+00
1.022500000000000000e+03 0.000000000000000000e+00
1.023000000000000000e+03 0.000000000000000000e+00
1.023500000000000000e+03 0.000000000000000000e+00
1.024000000000000000e+03 0.000000000000000000e+00
1.024500000000000000e+03 0.000000000000000000e+00
1.025000000000000000e+03 0.000000000000000000e+00
1.025500000000000000e+03 0.000000000000000000e+00
1.026000000000000000e+03 0.000000000000000000e+00
1.026500000000000000e+03 0.000000000000000000e+00
1.027000000000000000e+03 0.000000000000000000e+00
1.027500000000000000e+03 0.000000000000000000e+00
1.028000000000000000e+03 0.000000000000000000e+00
1.028500000000000000e+03 0.000000000000000000e+00
1.029000000000000000e+03 0.000000000000000000e+00
1.029500000000000000e+03 0.000000000000000000e+00
1.030000000000000000e+03 0.000000000000000000e+00
1.030500000000000000e+03 0.000000000000000000e+00
1.031000000000000000e+03 0.000000000000000000e+00
1.031500000000000000e+03 0.000000000000000000e+00
1.032000000000000000e+03 0.000000000000000000e+00
1.032500000000000000e+03 0.000000000000000000e+00
1.033000000000000000e+03 0.000000000000000000e+00
1.033500000000000000e+03 0.000000000000000000e+00
1.034000000000000000e+03 0.000000000000000000e+00
1.034500000000000000e+03 0.000000000000000000e+00
1.035000000000000000e+03 0.000000000000000000e+00
1.035500000000000000e+03 0.000000000000000000e+00
1.036000000000000000e+03 0.000000000000000000e+00
1.036500000000000000e+03 0.000000000000000000e+00
1.037000000000000000e+03 0.000000000000000000e+00
1.037500000000000000e+03 0.000000000000000000e+00
1.038000000000000000e+03 0.000000000000000000e+00
1.038500000000000000e+03 0.000000000000000000e+00
1.039000000000000000e+03 0.000000000000000000e+00
1.039500000000000000e+03 0.000000000000000000e+00
1.040000000000000000e+03 0.000000000000000000e+00
1.040500000000000000e+03 0.000000000000000000e+00
1.041000000000000000e+03 0.000000000000000000e+00
1.041500000000000000e+03 0.000000000000000000e+00
1.042000000000000000e+03 0.000000000000000000e+00
1.042500000000000000e+03 0.000000000000000000e+00
1.043000000000000000e+03 0.000000000000000000e+00
1.043500000000000000e+03 0.000000000000000000e+00
1.044000000000000000e+03 0.000000000000000000e+00
1.044500000000000000e+03 0.000000000000000000e+00
1.045000000000000000e+03 0.000000000000000000e+00
1.045500000000000000e+03 0.000000000000000000e+00
1.046000000000000000e+03 0.000000000000000000e+00
1.046500000000000000e+03 0.000000000000000000e+00
1.047000000000000000e+03 0.000000000000000000e+00
1.047500000000000000e+03 0.000000000000000000e+00
1.048000000000000000e+03 0.000000000000000000e+00
1.048500000000000000e+03 0.000000000000000000e+00
1.049000000000000000e+03 0.000000000000000000e+00
1.049500000000000000e+03 0.000000000000000000e+00
1.050000000000000000e+03 0.000000000000000000e+00
1.050500000000000000e+03 0.000000000000000000e+00
1.051000000000000000e+03 0.000000000000000000e+00
1.051500000000000000e+03 0.000000000000000000e+00
1.052000000000000000e+03 0.000000000000000000e+00
1.052500000000000000e+03 0.000000000000000000e+00
1.053000000000000000e+03 0.000000000000000000e+00
1.053500000000000000e+03 0.000000000000000000e+00
1.054000000000000000e+03 0.000000000000000000e+00
1.054500000000000000e+03 0.000000000000000000e+00
1.055000000000000000e+03 0.000000000000000000e+00
1.055500000000000000e+03 0.000000000000000000e+00
1.056000000000000000e+03 0.000000000000000000e+00
1.056500000000000000e+03 0.000000000000000000e+00
1.057000000000000000e+03 0.000000000000000000e+00
1.057500000000000000e+03 0.000000000000000000e+00
1.058000000000000000e+03 0.000000000000000000e+00
1.058500000000000000e+03 0.000000000000000000e+00
1.059000000000000000e+03 0.000000000000000000e+00
1.059500000000000000e+03 0.000000000000000000e+00
1.060000000000000000e+03 0.000000000000000000e+00
1.060500000000000000e+03 0.000000000000000000e+00
1.061000000000000000e+03 0.000000000000000000e+00
1.061500000000000000e+03 0.000000000000000000e+00
1.062000000000000000e+03 0.000000000000000000e+00
1.062500000000000000e+03 0.000000000000000000e+00
1.063000000000000000e+03 0.000000000000000000e+00
1.063500000000000000e+03 0.000000000000000000e+00
1.064000000000000000e+03 0.000000000000000000e+00
1.064500000000000000e+03 0.000000000000000000e+00
1.065000000000000000e+03 0.000000000000000000e+00
1.065500000000000000e+03 0.000000000000000000e+00
1.066000000000000000e+03 0.000000000000000000e+00
1.066500000000000000e+03 0.000000000000000000e+00
1.067000000000000000e+03 0.000000000000000000e+00
1.067500000000000000e+03 0.000000000000000000e+00
1.068000000000000000e+03 0.000000000000000000e+00
1.068500000000000000e+03 0.000000000000000000e+00
1.069000000000000000e+03 0.000000000000000000e+00
1.069500000000000000e+03 0.000000000000000000e+00
1.070000000000000000e+03 0.000000000000000000e+00
1.070500000000000000e+03 0.000000000000000000e+00
1.071000000000000000e+03 0.000000000000000000e+00
1.071500000000000000e+03 0.000000000000000000e+00
1.072000000000000000e+03 0.000000000000000000e+00
1.072500000000000000e+03 0.000000000000000000e+00
1.073000000000000000e+03 0.000000000000000000e+00
1.073500000000000000e+03 0.000000000000000000e+00
1.074000000000000000e+03 0.000000000000000000e+00
1.074500000000000000e+03 0.000000000000000000e+00
1.075000000000000000e+03 0.000000000000000000e+00
1.075500000000000000e+03 0.000000000000000000e+00
1.076000000000000000e+03 0.000000000000000000e+00
1.076500000000000000e+03 0.000000000000000000e+00
1.077000000000000000e+03 0.000000000000000000e+00
1.077500000000000000e+03 0.000000000000000000e+00
1.078000000000000000e+03 0.000000000000000000e+00
1.078500000000000000e+03 0.000000000000000000e+00
1.079000000000000000e+03 0.000000000000000000e+00
1.079500000000000000e+03 0.000000000000000000e+00
1.080000000000000000e+03 0.000000000000000000e+00
1.080500000000000000e+03 0.000000000000000000e+00
1.081000000000000000e+03 0.000000000000000000e+00
1.081500000000000000e+03 0.000000000000000000e+00
1.082000000000000000e+03 0.000000000000000000e+00
1.082500000000000000e+03 0.000000000000000000e+00
1.083000000000000000e+03 0.000000000000000000e+00
1.083500000000000000e+03 0.000000000000000000e+00
1.084000000000000000e+03 0.000000000000000000e+00
1.084500000000000000e+03 0.000000000000000000e+00
1.085000000000000000e+03 0.000000000000000000e+00
1.085500000000000000e+03 0.000000000000000000e+00
1.086000000000000000e+03 0.000000000000000000e+00
1.086500000000000000e+03 0.000000000000000000e+00
1.087000000000000000e+03 0.000000000000000000e+00
1.087500000000000000e+03 0.000000000000000000e+00
1.088000000000000000e+03 0.000000000000000000e+00
1.088500000000000000e+03 0.000000000000000000e+00
1.089000000000000000e+03 0.000000000000000000e+00
1.089500000000000000e+03 0.000000000000000000e+00
1.090000000000000000e+03 0.000000000000000000e+00
1.090500000000000000e+03 0.000000000000000000e+00
1.091000000000000000e+03 0.000000000000000000e+00
1.091500000000000000e+03 0.000000000000000000e+00
1.092000000000000000e+03 0.000000000000000000e+00
1.092500000000000000e+03 0.000000000000000000e+00
1.093000000000000000e+03 0.000000000000000000e+00
1.093500000000000000e+03 0.000000000000000000e+00
1.094000000000000000e+03 0.000000000000000000e+00
1.094500000000000000e+03 0.000000000000000000e+00
1.095000000000000000e+03 0.000000000000000000e+00
1.095500000000000000e+03 0.000000000000000000e+00
1.096000000000000000e+03 0.000000000000000000e+00
1.096500000000000000e+03 0.000000000000000000e+00
1.097000000000000000e+03 0.000000000000000000e+00
1.097500000000000000e+03 0.000000000000000000e+00
1.098000000000000000e+03 0.000000000000000000e+00
1.098500000000000000e+03 0.000000000000000000e+00
1.099000000000000000e+03 0.000000000000000000e+00
1.099500000000000000e+03 0.000000000000000000e+00
1.100000000000000000e+03 0.000000000000000000e+00
