wavelength	relativeIntensity
2.000000000000000000e+02 0.000000000000000000e+00
2.005000000000000000e+02 0.000000000000000000e+00
2.010000000000000000e+02 0.000000000000000000e+00
2.015000000000000000e+02 0.000000000000000000e+00
2.020000000000000000e+02 1.539798999999999899e-03
2.025000000000000000e+02 8.149929999999999675e-04
2.030000000000000000e+02 0.000000000000000000e+00
2.035000000000000000e+02 0.000000000000000000e+00
2.040000000000000000e+02 0.000000000000000000e+00
2.045000000000000000e+02 1.112382999999999992e-03
2.050000000000000000e+02 0.000000000000000000e+00
2.055000000000000000e+02 0.000000000000000000e+00
2.060000000000000000e+02 0.000000000000000000e+00
2.065000000000000000e+02 0.000000000000000000e+00
2.070000000000000000e+02 0.000000000000000000e+00
2.075000000000000000e+02 4.672000000000000263e-04
2.080000000000000000e+02 0.000000000000000000e+00
2.085000000000000000e+02 6.951649999999999757e-04
2.090000000000000000e+02 5.794479999999999856e-04
2.095000000000000000e+02 0.000000000000000000e+00
2.100000000000000000e+02 0.000000000000000000e+00
2.105000000000000000e+02 1.407767000000000089e-03
2.110000000000000000e+02 1.094064000000000061e-03
2.115000000000000000e+02 1.242950000000000044e-03
2.120000000000000000e+02 0.000000000000000000e+00
2.125000000000000000e+02 2.665519999999999782e-04
2.130000000000000000e+02 0.000000000000000000e+00
2.135000000000000000e+02 0.000000000000000000e+00
2.140000000000000000e+02 0.000000000000000000e+00
2.145000000000000000e+02 2.209280000000000098e-04
2.150000000000000000e+02 1.167412000000000050e-03
2.155000000000000000e+02 2.531629999999999883e-04
2.160000000000000000e+02 9.249669999999999550e-04
2.165000000000000000e+02 0.000000000000000000e+00
2.170000000000000000e+02 0.000000000000000000e+00
2.175000000000000000e+02 0.000000000000000000e+00
2.180000000000000000e+02 0.000000000000000000e+00
2.185000000000000000e+02 0.000000000000000000e+00
2.190000000000000000e+02 0.000000000000000000e+00
2.195000000000000000e+02 0.000000000000000000e+00
2.200000000000000000e+02 0.000000000000000000e+00
2.205000000000000000e+02 0.000000000000000000e+00
2.210000000000000000e+02 0.000000000000000000e+00
2.215000000000000000e+02 0.000000000000000000e+00
2.220000000000000000e+02 0.000000000000000000e+00
2.225000000000000000e+02 0.000000000000000000e+00
2.230000000000000000e+02 0.000000000000000000e+00
2.235000000000000000e+02 0.000000000000000000e+00
2.240000000000000000e+02 0.000000000000000000e+00
2.245000000000000000e+02 0.000000000000000000e+00
2.250000000000000000e+02 0.000000000000000000e+00
2.255000000000000000e+02 3.354030000000000141e-04
2.260000000000000000e+02 0.000000000000000000e+00
2.265000000000000000e+02 0.000000000000000000e+00
2.270000000000000000e+02 2.849719999999999814e-04
2.275000000000000000e+02 0.000000000000000000e+00
2.280000000000000000e+02 0.000000000000000000e+00
2.285000000000000000e+02 4.754420000000000195e-04
2.290000000000000000e+02 0.000000000000000000e+00
2.295000000000000000e+02 0.000000000000000000e+00
2.300000000000000000e+02 0.000000000000000000e+00
2.305000000000000000e+02 0.000000000000000000e+00
2.310000000000000000e+02 0.000000000000000000e+00
2.315000000000000000e+02 0.000000000000000000e+00
2.320000000000000000e+02 0.000000000000000000e+00
2.325000000000000000e+02 0.000000000000000000e+00
2.330000000000000000e+02 3.779999999999999723e-05
2.335000000000000000e+02 4.088370000000000025e-04
2.340000000000000000e+02 0.000000000000000000e+00
2.345000000000000000e+02 0.000000000000000000e+00
2.350000000000000000e+02 0.000000000000000000e+00
2.355000000000000000e+02 0.000000000000000000e+00
2.360000000000000000e+02 2.272239999999999915e-04
2.365000000000000000e+02 0.000000000000000000e+00
2.370000000000000000e+02 3.061699999999999773e-04
2.375000000000000000e+02 0.000000000000000000e+00
2.380000000000000000e+02 0.000000000000000000e+00
2.385000000000000000e+02 8.658039999999999660e-04
2.390000000000000000e+02 0.000000000000000000e+00
2.395000000000000000e+02 0.000000000000000000e+00
2.400000000000000000e+02 0.000000000000000000e+00
2.405000000000000000e+02 0.000000000000000000e+00
2.410000000000000000e+02 0.000000000000000000e+00
2.415000000000000000e+02 0.000000000000000000e+00
2.420000000000000000e+02 5.930630000000000103e-04
2.425000000000000000e+02 0.000000000000000000e+00
2.430000000000000000e+02 0.000000000000000000e+00
2.435000000000000000e+02 0.000000000000000000e+00
2.440000000000000000e+02 0.000000000000000000e+00
2.445000000000000000e+02 0.000000000000000000e+00
2.450000000000000000e+02 0.000000000000000000e+00
2.455000000000000000e+02 1.379540000000000009e-04
2.460000000000000000e+02 8.376119999999999486e-04
2.465000000000000000e+02 0.000000000000000000e+00
2.470000000000000000e+02 0.000000000000000000e+00
2.475000000000000000e+02 0.000000000000000000e+00
2.480000000000000000e+02 1.022036999999999946e-03
2.485000000000000000e+02 2.484650000000000140e-04
2.490000000000000000e+02 0.000000000000000000e+00
2.495000000000000000e+02 0.000000000000000000e+00
2.500000000000000000e+02 1.163920000000000064e-04
2.505000000000000000e+02 0.000000000000000000e+00
2.510000000000000000e+02 0.000000000000000000e+00
2.515000000000000000e+02 0.000000000000000000e+00
2.520000000000000000e+02 0.000000000000000000e+00
2.525000000000000000e+02 0.000000000000000000e+00
2.530000000000000000e+02 1.041139999999999996e-04
2.535000000000000000e+02 0.000000000000000000e+00
2.540000000000000000e+02 0.000000000000000000e+00
2.545000000000000000e+02 9.110000000000000530e-05
2.550000000000000000e+02 3.459720000000000005e-04
2.555000000000000000e+02 0.000000000000000000e+00
2.560000000000000000e+02 0.000000000000000000e+00
2.565000000000000000e+02 2.619990000000000101e-04
2.570000000000000000e+02 4.537850000000000065e-04
2.575000000000000000e+02 0.000000000000000000e+00
2.580000000000000000e+02 0.000000000000000000e+00
2.585000000000000000e+02 2.178819999999999986e-04
2.590000000000000000e+02 0.000000000000000000e+00
2.595000000000000000e+02 0.000000000000000000e+00
2.600000000000000000e+02 0.000000000000000000e+00
2.605000000000000000e+02 4.890059999999999459e-04
2.610000000000000000e+02 3.139999999999999752e-05
2.615000000000000000e+02 1.500969999999999963e-04
2.620000000000000000e+02 0.000000000000000000e+00
2.625000000000000000e+02 0.000000000000000000e+00
2.630000000000000000e+02 0.000000000000000000e+00
2.635000000000000000e+02 0.000000000000000000e+00
2.640000000000000000e+02 0.000000000000000000e+00
2.645000000000000000e+02 0.000000000000000000e+00
2.650000000000000000e+02 2.459620000000000144e-04
2.655000000000000000e+02 0.000000000000000000e+00
2.660000000000000000e+02 0.000000000000000000e+00
2.665000000000000000e+02 1.306277999999999910e-03
2.670000000000000000e+02 0.000000000000000000e+00
2.675000000000000000e+02 0.000000000000000000e+00
2.680000000000000000e+02 0.000000000000000000e+00
2.685000000000000000e+02 1.175868999999999959e-03
2.690000000000000000e+02 3.141670000000000161e-04
2.695000000000000000e+02 1.307753999999999948e-03
2.700000000000000000e+02 2.272850000000000033e-04
2.705000000000000000e+02 0.000000000000000000e+00
2.710000000000000000e+02 0.000000000000000000e+00
2.715000000000000000e+02 0.000000000000000000e+00
2.720000000000000000e+02 8.986040000000000043e-04
2.725000000000000000e+02 2.171209999999999969e-04
2.730000000000000000e+02 3.165749999999999836e-04
2.735000000000000000e+02 0.000000000000000000e+00
2.740000000000000000e+02 0.000000000000000000e+00
2.745000000000000000e+02 0.000000000000000000e+00
2.750000000000000000e+02 0.000000000000000000e+00
2.755000000000000000e+02 0.000000000000000000e+00
2.760000000000000000e+02 1.026299000000000048e-03
2.765000000000000000e+02 3.199999999999999855e-05
2.770000000000000000e+02 0.000000000000000000e+00
2.775000000000000000e+02 0.000000000000000000e+00
2.780000000000000000e+02 0.000000000000000000e+00
2.785000000000000000e+02 0.000000000000000000e+00
2.790000000000000000e+02 7.756539999999999702e-04
2.795000000000000000e+02 0.000000000000000000e+00
2.800000000000000000e+02 3.770000000000000158e-05
2.805000000000000000e+02 1.830000000000000097e-05
2.810000000000000000e+02 0.000000000000000000e+00
2.815000000000000000e+02 0.000000000000000000e+00
2.820000000000000000e+02 0.000000000000000000e+00
2.825000000000000000e+02 1.310200000000000026e-04
2.830000000000000000e+02 1.773610000000000117e-04
2.835000000000000000e+02 0.000000000000000000e+00
2.840000000000000000e+02 1.272909999999999981e-04
2.845000000000000000e+02 0.000000000000000000e+00
2.850000000000000000e+02 0.000000000000000000e+00
2.855000000000000000e+02 0.000000000000000000e+00
2.860000000000000000e+02 0.000000000000000000e+00
2.865000000000000000e+02 4.004309999999999749e-04
2.870000000000000000e+02 0.000000000000000000e+00
2.875000000000000000e+02 0.000000000000000000e+00
2.880000000000000000e+02 0.000000000000000000e+00
2.885000000000000000e+02 6.972439999999999671e-04
2.890000000000000000e+02 0.000000000000000000e+00
2.895000000000000000e+02 8.606150000000000128e-04
2.900000000000000000e+02 4.780000000000000313e-05
2.905000000000000000e+02 0.000000000000000000e+00
2.910000000000000000e+02 0.000000000000000000e+00
2.915000000000000000e+02 3.643159999999999996e-04
2.920000000000000000e+02 0.000000000000000000e+00
2.925000000000000000e+02 0.000000000000000000e+00
2.930000000000000000e+02 0.000000000000000000e+00
2.935000000000000000e+02 3.903320000000000162e-04
2.940000000000000000e+02 3.082870000000000250e-04
2.945000000000000000e+02 0.000000000000000000e+00
2.950000000000000000e+02 0.000000000000000000e+00
2.955000000000000000e+02 0.000000000000000000e+00
2.960000000000000000e+02 8.944299999999999863e-04
2.965000000000000000e+02 1.261000000000000022e-04
2.970000000000000000e+02 0.000000000000000000e+00
2.975000000000000000e+02 0.000000000000000000e+00
2.980000000000000000e+02 2.998300000000000075e-04
2.985000000000000000e+02 0.000000000000000000e+00
2.990000000000000000e+02 0.000000000000000000e+00
2.995000000000000000e+02 1.234300000000000024e-04
3.000000000000000000e+02 0.000000000000000000e+00
3.005000000000000000e+02 5.818610000000000318e-04
3.010000000000000000e+02 0.000000000000000000e+00
3.015000000000000000e+02 0.000000000000000000e+00
3.020000000000000000e+02 0.000000000000000000e+00
3.025000000000000000e+02 0.000000000000000000e+00
3.030000000000000000e+02 0.000000000000000000e+00
3.035000000000000000e+02 3.041620000000000196e-04
3.040000000000000000e+02 0.000000000000000000e+00
3.045000000000000000e+02 0.000000000000000000e+00
3.050000000000000000e+02 0.000000000000000000e+00
3.055000000000000000e+02 0.000000000000000000e+00
3.060000000000000000e+02 0.000000000000000000e+00
3.065000000000000000e+02 0.000000000000000000e+00
3.070000000000000000e+02 1.013109000000000101e-03
3.075000000000000000e+02 0.000000000000000000e+00
3.080000000000000000e+02 0.000000000000000000e+00
3.085000000000000000e+02 7.454799999999999708e-04
3.090000000000000000e+02 4.174590000000000158e-04
3.095000000000000000e+02 9.507310000000000153e-04
3.100000000000000000e+02 1.811200999999999913e-03
3.105000000000000000e+02 3.514680999999999968e-03
3.110000000000000000e+02 6.783937999999999774e-03
3.115000000000000000e+02 8.935693999999999235e-03
3.120000000000000000e+02 1.680968700000000024e-02
3.125000000000000000e+02 2.673905299999999874e-02
3.130000000000000000e+02 3.882927099999999854e-02
3.135000000000000000e+02 5.818600200000000056e-02
3.140000000000000000e+02 8.157133299999999587e-02
3.145000000000000000e+02 1.148032169999999991e-01
3.150000000000000000e+02 1.568360030000000016e-01
3.155000000000000000e+02 2.105990949999999862e-01
3.160000000000000000e+02 2.798817459999999868e-01
3.165000000000000000e+02 3.693048059999999855e-01
3.170000000000000000e+02 4.738902750000000275e-01
3.175000000000000000e+02 6.033890840000000200e-01
3.180000000000000000e+02 7.584947939999999722e-01
3.185000000000000000e+02 9.390339260000000188e-01
3.190000000000000000e+02 1.149823904000000008e+00
3.195000000000000000e+02 1.392201781000000027e+00
3.200000000000000000e+02 1.664429187999999948e+00
3.205000000000000000e+02 1.988285064999999907e+00
3.210000000000000000e+02 2.334327698000000062e+00
3.215000000000000000e+02 2.726124524999999910e+00
3.220000000000000000e+02 3.163928269999999987e+00
3.225000000000000000e+02 3.632610321000000031e+00
3.230000000000000000e+02 4.155767917999999561e+00
3.235000000000000000e+02 4.708728790000000330e+00
3.240000000000000000e+02 5.308748721999999809e+00
3.245000000000000000e+02 5.955428122999999907e+00
3.250000000000000000e+02 6.623749255999999974e+00
3.255000000000000000e+02 7.340934276999999675e+00
3.260000000000000000e+02 8.104710579000000692e+00
3.265000000000000000e+02 8.891338347999999669e+00
3.270000000000000000e+02 9.731628417999999670e+00
3.275000000000000000e+02 1.058239554999999932e+01
3.280000000000000000e+02 1.146530819000000001e+01
3.285000000000000000e+02 1.238111304999999973e+01
3.290000000000000000e+02 1.330919455999999990e+01
3.295000000000000000e+02 1.426504706999999961e+01
3.300000000000000000e+02 1.527621554999999987e+01
3.305000000000000000e+02 1.626415633999999955e+01
3.310000000000000000e+02 1.729029274000000171e+01
3.315000000000000000e+02 1.832936095999999893e+01
3.320000000000000000e+02 1.936421585000000078e+01
3.325000000000000000e+02 2.043271255000000153e+01
3.330000000000000000e+02 2.148851584999999886e+01
3.335000000000000000e+02 2.255347061000000153e+01
3.340000000000000000e+02 2.362417603000000099e+01
3.345000000000000000e+02 2.468099593999999897e+01
3.350000000000000000e+02 2.575052451999999903e+01
3.355000000000000000e+02 2.683058928999999893e+01
3.360000000000000000e+02 2.790300750999999835e+01
3.365000000000000000e+02 2.897159195000000054e+01
3.370000000000000000e+02 2.999902915999999919e+01
3.375000000000000000e+02 3.100921822000000105e+01
3.380000000000000000e+02 3.205805206000000140e+01
3.385000000000000000e+02 3.305501174999999847e+01
3.390000000000000000e+02 3.411233902000000029e+01
3.395000000000000000e+02 3.508564757999999983e+01
3.400000000000000000e+02 3.606238556000000273e+01
3.405000000000000000e+02 3.701091002999999802e+01
3.410000000000000000e+02 3.794564437999999740e+01
3.415000000000000000e+02 3.887561035000000231e+01
3.420000000000000000e+02 3.979001235999999864e+01
3.425000000000000000e+02 4.067388534999999905e+01
3.430000000000000000e+02 4.155776978000000099e+01
3.435000000000000000e+02 4.239657973999999996e+01
3.440000000000000000e+02 4.325074768000000347e+01
3.445000000000000000e+02 4.409296035999999930e+01
3.450000000000000000e+02 4.486132431000000054e+01
3.455000000000000000e+02 4.566167830999999921e+01
3.460000000000000000e+02 4.645756530999999967e+01
3.465000000000000000e+02 4.721039962999999773e+01
3.470000000000000000e+02 4.792475128000000240e+01
3.475000000000000000e+02 4.865626907000000045e+01
3.480000000000000000e+02 4.934410857999999678e+01
3.485000000000000000e+02 5.003392028999999752e+01
3.490000000000000000e+02 5.072620009999999979e+01
3.495000000000000000e+02 5.137836837999999773e+01
3.500000000000000000e+02 5.200713729999999657e+01
3.505000000000000000e+02 5.261648940999999979e+01
3.510000000000000000e+02 5.319308089999999822e+01
3.515000000000000000e+02 5.378789901999999756e+01
3.520000000000000000e+02 5.435365294999999719e+01
3.525000000000000000e+02 5.491010665999999674e+01
3.530000000000000000e+02 5.542895125999999806e+01
3.535000000000000000e+02 5.592411040999999727e+01
3.540000000000000000e+02 5.641975403000000000e+01
3.545000000000000000e+02 5.688782501000000025e+01
3.550000000000000000e+02 5.735425948999999690e+01
3.555000000000000000e+02 5.779488753999999773e+01
3.560000000000000000e+02 5.823005295000000103e+01
3.565000000000000000e+02 5.865885544000000351e+01
3.570000000000000000e+02 5.907337188999999711e+01
3.575000000000000000e+02 5.945454787999999979e+01
3.580000000000000000e+02 5.982571410999999983e+01
3.585000000000000000e+02 6.019241333000000083e+01
3.590000000000000000e+02 6.049622345000000223e+01
3.595000000000000000e+02 6.083916473000000025e+01
3.600000000000000000e+02 6.116950989000000050e+01
3.605000000000000000e+02 6.143483352999999880e+01
3.610000000000000000e+02 6.173461532999999690e+01
3.615000000000000000e+02 6.198214722000000165e+01
3.620000000000000000e+02 6.222949599999999748e+01
3.625000000000000000e+02 6.247891235000000165e+01
3.630000000000000000e+02 6.270090866000000318e+01
3.635000000000000000e+02 6.289002227999999661e+01
3.640000000000000000e+02 6.307875061000000017e+01
3.645000000000000000e+02 6.326158141999999884e+01
3.650000000000000000e+02 6.340652083999999888e+01
3.655000000000000000e+02 6.354128647000000285e+01
3.660000000000000000e+02 6.365251540999999946e+01
3.665000000000000000e+02 6.378308487000000326e+01
3.670000000000000000e+02 6.386858368000000041e+01
3.675000000000000000e+02 6.393443297999999686e+01
3.680000000000000000e+02 6.400997925000000066e+01
3.685000000000000000e+02 6.402824402000000248e+01
3.690000000000000000e+02 6.407866669000000570e+01
3.695000000000000000e+02 6.404824066000000471e+01
3.700000000000000000e+02 6.403266906999999719e+01
3.705000000000000000e+02 6.396969604000000231e+01
3.710000000000000000e+02 6.394550705000000335e+01
3.715000000000000000e+02 6.386580657999999744e+01
3.720000000000000000e+02 6.375390243999999740e+01
3.725000000000000000e+02 6.362060927999999649e+01
3.730000000000000000e+02 6.344900130999999988e+01
3.735000000000000000e+02 6.327139282000000264e+01
3.740000000000000000e+02 6.305877686000000182e+01
3.745000000000000000e+02 6.282132720999999975e+01
3.750000000000000000e+02 6.255573653999999806e+01
3.755000000000000000e+02 6.225722884999999707e+01
3.760000000000000000e+02 6.192370604999999983e+01
3.765000000000000000e+02 6.160237122000000198e+01
3.770000000000000000e+02 6.119347382000000124e+01
3.775000000000000000e+02 6.077260970999999756e+01
3.780000000000000000e+02 6.030610656999999719e+01
3.785000000000000000e+02 5.983020020000000017e+01
3.790000000000000000e+02 5.930774307000000078e+01
3.795000000000000000e+02 5.874762726000000157e+01
3.800000000000000000e+02 5.812922286999999955e+01
3.805000000000000000e+02 5.746073151000000223e+01
3.810000000000000000e+02 5.681710815000000281e+01
3.815000000000000000e+02 5.604055404999999723e+01
3.820000000000000000e+02 5.528996657999999798e+01
3.825000000000000000e+02 5.450334549000000095e+01
3.830000000000000000e+02 5.365809250000000219e+01
3.835000000000000000e+02 5.276496886999999703e+01
3.840000000000000000e+02 5.185572051999999843e+01
3.845000000000000000e+02 5.088133239999999802e+01
3.850000000000000000e+02 4.989732361000000083e+01
3.855000000000000000e+02 4.884563828000000285e+01
3.860000000000000000e+02 4.775178145999999657e+01
3.865000000000000000e+02 4.664957047000000046e+01
3.870000000000000000e+02 4.550691222999999752e+01
3.875000000000000000e+02 4.430822753999999719e+01
3.880000000000000000e+02 4.310889434999999992e+01
3.885000000000000000e+02 4.186252975000000021e+01
3.890000000000000000e+02 4.058543015000000054e+01
3.895000000000000000e+02 3.929317473999999777e+01
3.900000000000000000e+02 3.795108413999999897e+01
3.905000000000000000e+02 3.659137726000000157e+01
3.910000000000000000e+02 3.523839568999999727e+01
3.915000000000000000e+02 3.384883117999999769e+01
3.920000000000000000e+02 3.249948119999999818e+01
3.925000000000000000e+02 3.111616898000000120e+01
3.930000000000000000e+02 2.971320151999999837e+01
3.935000000000000000e+02 2.834934615999999963e+01
3.940000000000000000e+02 2.694939422999999934e+01
3.945000000000000000e+02 2.558196449000000072e+01
3.950000000000000000e+02 2.424505234000000087e+01
3.955000000000000000e+02 2.290690993999999847e+01
3.960000000000000000e+02 2.161238669999999829e+01
3.965000000000000000e+02 2.032767677000000006e+01
3.970000000000000000e+02 1.907090569000000002e+01
3.975000000000000000e+02 1.786709212999999963e+01
3.980000000000000000e+02 1.668911934000000130e+01
3.985000000000000000e+02 1.556490993000000067e+01
3.990000000000000000e+02 1.445932578999999940e+01
3.995000000000000000e+02 1.338534068999999960e+01
4.000000000000000000e+02 1.240305614000000034e+01
4.005000000000000000e+02 1.142968368999999917e+01
4.010000000000000000e+02 1.051132297999999921e+01
4.015000000000000000e+02 9.656138419999999556e+00
4.020000000000000000e+02 8.836316109000000196e+00
4.025000000000000000e+02 8.070027351000000237e+00
4.030000000000000000e+02 7.342841625000000150e+00
4.035000000000000000e+02 6.658741950999999659e+00
4.040000000000000000e+02 6.040538310999999716e+00
4.045000000000000000e+02 5.465524196999999695e+00
4.050000000000000000e+02 4.922122954999999855e+00
4.055000000000000000e+02 4.430786610000000181e+00
4.060000000000000000e+02 3.974035263000000207e+00
4.065000000000000000e+02 3.560458421999999956e+00
4.070000000000000000e+02 3.178602457000000214e+00
4.075000000000000000e+02 2.827889680999999822e+00
4.080000000000000000e+02 2.516302586000000119e+00
4.085000000000000000e+02 2.229533672000000077e+00
4.090000000000000000e+02 1.970628142000000027e+00
4.095000000000000000e+02 1.740253567999999973e+00
4.100000000000000000e+02 1.531782149999999953e+00
4.105000000000000000e+02 1.346175075000000110e+00
4.110000000000000000e+02 1.181166410000000111e+00
4.115000000000000000e+02 1.030933499000000086e+00
4.120000000000000000e+02 8.997414110000000464e-01
4.125000000000000000e+02 7.833348509999999987e-01
4.130000000000000000e+02 6.794320940000000419e-01
4.135000000000000000e+02 5.913083550000000077e-01
4.140000000000000000e+02 5.142597559999999568e-01
4.145000000000000000e+02 4.425437749999999726e-01
4.150000000000000000e+02 3.822840149999999770e-01
4.155000000000000000e+02 3.304328020000000254e-01
4.160000000000000000e+02 2.824077309999999952e-01
4.165000000000000000e+02 2.443736200000000136e-01
4.170000000000000000e+02 2.094115619999999955e-01
4.175000000000000000e+02 1.784713420000000050e-01
4.180000000000000000e+02 1.524228009999999967e-01
4.185000000000000000e+02 1.321512460000000000e-01
4.190000000000000000e+02 1.127465519999999999e-01
4.195000000000000000e+02 9.440647800000000200e-02
4.200000000000000000e+02 8.209134599999999560e-02
4.205000000000000000e+02 7.082807300000000528e-02
4.210000000000000000e+02 5.965176999999999979e-02
4.215000000000000000e+02 5.292032299999999828e-02
4.220000000000000000e+02 4.266032599999999841e-02
4.225000000000000000e+02 3.670790000000000164e-02
4.230000000000000000e+02 3.110580099999999890e-02
4.235000000000000000e+02 2.687633000000000036e-02
4.240000000000000000e+02 2.253464200000000056e-02
4.245000000000000000e+02 1.785987600000000022e-02
4.250000000000000000e+02 1.559291399999999939e-02
4.255000000000000000e+02 1.494153900000000021e-02
4.260000000000000000e+02 1.139950799999999917e-02
4.265000000000000000e+02 9.779720999999999900e-03
4.270000000000000000e+02 8.662421999999999483e-03
4.275000000000000000e+02 6.979464999999999801e-03
4.280000000000000000e+02 6.564208000000000195e-03
4.285000000000000000e+02 5.151034999999999989e-03
4.290000000000000000e+02 3.692987000000000006e-03
4.295000000000000000e+02 3.306009999999999852e-03
4.300000000000000000e+02 2.826201999999999881e-03
4.305000000000000000e+02 3.038466999999999991e-03
4.310000000000000000e+02 2.511695999999999894e-03
4.315000000000000000e+02 1.556621999999999910e-03
4.320000000000000000e+02 8.337219999999999570e-04
4.325000000000000000e+02 7.688429999999999570e-04
4.330000000000000000e+02 3.054809999999999817e-03
4.335000000000000000e+02 2.361746000000000071e-03
4.340000000000000000e+02 5.047699999999999800e-04
4.345000000000000000e+02 1.408125000000000088e-03
4.350000000000000000e+02 1.928699999999999989e-03
4.355000000000000000e+02 5.297470000000000087e-04
4.360000000000000000e+02 6.106860000000000413e-04
4.365000000000000000e+02 1.633551999999999921e-03
4.370000000000000000e+02 0.000000000000000000e+00
4.375000000000000000e+02 1.292870000000000109e-04
4.380000000000000000e+02 4.238469999999999824e-04
4.385000000000000000e+02 6.437009999999999954e-04
4.390000000000000000e+02 4.385449999999999830e-04
4.395000000000000000e+02 0.000000000000000000e+00
4.400000000000000000e+02 0.000000000000000000e+00
4.405000000000000000e+02 6.623549999999999967e-04
4.410000000000000000e+02 0.000000000000000000e+00
4.415000000000000000e+02 8.951960000000000126e-04
4.420000000000000000e+02 0.000000000000000000e+00
4.425000000000000000e+02 9.440000000000000420e-05
4.430000000000000000e+02 0.000000000000000000e+00
4.435000000000000000e+02 9.098020000000000282e-04
4.440000000000000000e+02 9.132720000000000204e-04
4.445000000000000000e+02 1.216979999999999993e-04
4.450000000000000000e+02 0.000000000000000000e+00
4.455000000000000000e+02 0.000000000000000000e+00
4.460000000000000000e+02 0.000000000000000000e+00
4.465000000000000000e+02 0.000000000000000000e+00
4.470000000000000000e+02 0.000000000000000000e+00
4.475000000000000000e+02 0.000000000000000000e+00
4.480000000000000000e+02 3.606400000000000165e-04
4.485000000000000000e+02 0.000000000000000000e+00
4.490000000000000000e+02 5.185909999999999955e-04
4.495000000000000000e+02 0.000000000000000000e+00
4.500000000000000000e+02 0.000000000000000000e+00
4.505000000000000000e+02 0.000000000000000000e+00
4.510000000000000000e+02 0.000000000000000000e+00
4.515000000000000000e+02 0.000000000000000000e+00
4.520000000000000000e+02 0.000000000000000000e+00
4.525000000000000000e+02 0.000000000000000000e+00
4.530000000000000000e+02 3.959810000000000023e-04
4.535000000000000000e+02 0.000000000000000000e+00
4.540000000000000000e+02 3.285690000000000182e-04
4.545000000000000000e+02 0.000000000000000000e+00
4.550000000000000000e+02 0.000000000000000000e+00
4.555000000000000000e+02 1.209704000000000031e-03
4.560000000000000000e+02 1.355801999999999919e-03
4.565000000000000000e+02 0.000000000000000000e+00
4.570000000000000000e+02 0.000000000000000000e+00
4.575000000000000000e+02 0.000000000000000000e+00
4.580000000000000000e+02 0.000000000000000000e+00
4.585000000000000000e+02 0.000000000000000000e+00
4.590000000000000000e+02 6.418790000000000389e-04
4.595000000000000000e+02 0.000000000000000000e+00
4.600000000000000000e+02 7.174020000000000136e-04
4.605000000000000000e+02 7.188659999999999712e-04
4.610000000000000000e+02 7.645790000000000398e-04
4.615000000000000000e+02 0.000000000000000000e+00
4.620000000000000000e+02 0.000000000000000000e+00
4.625000000000000000e+02 0.000000000000000000e+00
4.630000000000000000e+02 0.000000000000000000e+00
4.635000000000000000e+02 0.000000000000000000e+00
4.640000000000000000e+02 7.447969999999999504e-04
4.645000000000000000e+02 0.000000000000000000e+00
4.650000000000000000e+02 8.232320000000000219e-04
4.655000000000000000e+02 5.239910000000000184e-04
4.660000000000000000e+02 1.507059999999999899e-04
4.665000000000000000e+02 2.277740000000000049e-04
4.670000000000000000e+02 0.000000000000000000e+00
4.675000000000000000e+02 0.000000000000000000e+00
4.680000000000000000e+02 0.000000000000000000e+00
4.685000000000000000e+02 0.000000000000000000e+00
4.690000000000000000e+02 0.000000000000000000e+00
4.695000000000000000e+02 0.000000000000000000e+00
4.700000000000000000e+02 0.000000000000000000e+00
4.705000000000000000e+02 9.122829999999999525e-04
4.710000000000000000e+02 0.000000000000000000e+00
4.715000000000000000e+02 0.000000000000000000e+00
4.720000000000000000e+02 0.000000000000000000e+00
4.725000000000000000e+02 1.810030000000000016e-04
4.730000000000000000e+02 0.000000000000000000e+00
4.735000000000000000e+02 9.931510000000000598e-04
4.740000000000000000e+02 0.000000000000000000e+00
4.745000000000000000e+02 4.099540000000000258e-04
4.750000000000000000e+02 0.000000000000000000e+00
4.755000000000000000e+02 9.247959999999999731e-04
4.760000000000000000e+02 0.000000000000000000e+00
4.765000000000000000e+02 0.000000000000000000e+00
4.770000000000000000e+02 0.000000000000000000e+00
4.775000000000000000e+02 0.000000000000000000e+00
4.780000000000000000e+02 0.000000000000000000e+00
4.785000000000000000e+02 0.000000000000000000e+00
4.790000000000000000e+02 5.001769999999999784e-04
4.795000000000000000e+02 8.625640000000000173e-04
4.800000000000000000e+02 2.158299999999999986e-04
4.805000000000000000e+02 0.000000000000000000e+00
4.810000000000000000e+02 7.948239999999999646e-04
4.815000000000000000e+02 5.810950000000000056e-04
4.820000000000000000e+02 3.682620000000000056e-04
4.825000000000000000e+02 0.000000000000000000e+00
4.830000000000000000e+02 1.582130000000000114e-04
4.835000000000000000e+02 1.158350000000000048e-03
4.840000000000000000e+02 2.340699999999999866e-04
4.845000000000000000e+02 1.373162999999999944e-03
4.850000000000000000e+02 0.000000000000000000e+00
4.855000000000000000e+02 0.000000000000000000e+00
4.860000000000000000e+02 0.000000000000000000e+00
4.865000000000000000e+02 7.396339999999999729e-04
4.870000000000000000e+02 3.559999999999999797e-05
4.875000000000000000e+02 5.310770000000000247e-04
4.880000000000000000e+02 0.000000000000000000e+00
4.885000000000000000e+02 0.000000000000000000e+00
4.890000000000000000e+02 0.000000000000000000e+00
4.895000000000000000e+02 3.976110000000000256e-04
4.900000000000000000e+02 0.000000000000000000e+00
4.905000000000000000e+02 3.312899999999999808e-04
4.910000000000000000e+02 0.000000000000000000e+00
4.915000000000000000e+02 1.952199999999999910e-04
4.920000000000000000e+02 0.000000000000000000e+00
4.925000000000000000e+02 0.000000000000000000e+00
4.930000000000000000e+02 4.786529999999999995e-04
4.935000000000000000e+02 0.000000000000000000e+00
4.940000000000000000e+02 0.000000000000000000e+00
4.945000000000000000e+02 0.000000000000000000e+00
4.950000000000000000e+02 0.000000000000000000e+00
4.955000000000000000e+02 0.000000000000000000e+00
4.960000000000000000e+02 3.497570000000000193e-04
4.965000000000000000e+02 0.000000000000000000e+00
4.970000000000000000e+02 0.000000000000000000e+00
4.975000000000000000e+02 0.000000000000000000e+00
4.980000000000000000e+02 0.000000000000000000e+00
4.985000000000000000e+02 0.000000000000000000e+00
4.990000000000000000e+02 0.000000000000000000e+00
4.995000000000000000e+02 1.386445999999999946e-03
5.000000000000000000e+02 0.000000000000000000e+00
5.005000000000000000e+02 0.000000000000000000e+00
5.010000000000000000e+02 0.000000000000000000e+00
5.015000000000000000e+02 0.000000000000000000e+00
5.020000000000000000e+02 3.663860000000000120e-04
5.025000000000000000e+02 6.398979999999999642e-04
5.030000000000000000e+02 9.806260000000000671e-04
5.035000000000000000e+02 2.338739999999999905e-04
5.040000000000000000e+02 0.000000000000000000e+00
5.045000000000000000e+02 0.000000000000000000e+00
5.050000000000000000e+02 9.151539999999999458e-04
5.055000000000000000e+02 8.482010000000000331e-04
5.060000000000000000e+02 0.000000000000000000e+00
5.065000000000000000e+02 2.408060000000000116e-04
5.070000000000000000e+02 0.000000000000000000e+00
5.075000000000000000e+02 8.508530000000000476e-04
5.080000000000000000e+02 0.000000000000000000e+00
5.085000000000000000e+02 0.000000000000000000e+00
5.090000000000000000e+02 0.000000000000000000e+00
5.095000000000000000e+02 1.122516000000000052e-03
5.100000000000000000e+02 3.150000000000000131e-04
5.105000000000000000e+02 5.851100000000000138e-04
5.110000000000000000e+02 7.871930000000000507e-04
5.115000000000000000e+02 7.878540000000000499e-04
5.120000000000000000e+02 0.000000000000000000e+00
5.125000000000000000e+02 1.172459999999999952e-04
5.130000000000000000e+02 0.000000000000000000e+00
5.135000000000000000e+02 3.200950000000000041e-04
5.140000000000000000e+02 0.000000000000000000e+00
5.145000000000000000e+02 9.915169999999999192e-04
5.150000000000000000e+02 0.000000000000000000e+00
5.155000000000000000e+02 0.000000000000000000e+00
5.160000000000000000e+02 0.000000000000000000e+00
5.165000000000000000e+02 0.000000000000000000e+00
5.170000000000000000e+02 0.000000000000000000e+00
5.175000000000000000e+02 0.000000000000000000e+00
5.180000000000000000e+02 0.000000000000000000e+00
5.185000000000000000e+02 7.928190000000000541e-04
5.190000000000000000e+02 0.000000000000000000e+00
5.195000000000000000e+02 1.595510999999999978e-03
5.200000000000000000e+02 0.000000000000000000e+00
5.205000000000000000e+02 0.000000000000000000e+00
5.210000000000000000e+02 0.000000000000000000e+00
5.215000000000000000e+02 0.000000000000000000e+00
5.220000000000000000e+02 0.000000000000000000e+00
5.225000000000000000e+02 3.927679999999999908e-04
5.230000000000000000e+02 0.000000000000000000e+00
5.235000000000000000e+02 2.588730000000000133e-04
5.240000000000000000e+02 0.000000000000000000e+00
5.245000000000000000e+02 0.000000000000000000e+00
5.250000000000000000e+02 0.000000000000000000e+00
5.255000000000000000e+02 0.000000000000000000e+00
5.260000000000000000e+02 0.000000000000000000e+00
5.265000000000000000e+02 1.127470999999999899e-03
5.270000000000000000e+02 0.000000000000000000e+00
5.275000000000000000e+02 0.000000000000000000e+00
5.280000000000000000e+02 1.228120000000000025e-04
5.285000000000000000e+02 3.232010000000000113e-04
5.290000000000000000e+02 1.213710000000000006e-04
5.295000000000000000e+02 0.000000000000000000e+00
5.300000000000000000e+02 0.000000000000000000e+00
5.305000000000000000e+02 0.000000000000000000e+00
5.310000000000000000e+02 0.000000000000000000e+00
5.315000000000000000e+02 3.193240000000000076e-04
5.320000000000000000e+02 0.000000000000000000e+00
5.325000000000000000e+02 4.517880000000000051e-04
5.330000000000000000e+02 0.000000000000000000e+00
5.335000000000000000e+02 0.000000000000000000e+00
5.340000000000000000e+02 0.000000000000000000e+00
5.345000000000000000e+02 7.851450000000000052e-04
5.350000000000000000e+02 0.000000000000000000e+00
5.355000000000000000e+02 0.000000000000000000e+00
5.360000000000000000e+02 2.405370000000000045e-04
5.365000000000000000e+02 0.000000000000000000e+00
5.370000000000000000e+02 3.049959999999999781e-04
5.375000000000000000e+02 0.000000000000000000e+00
5.380000000000000000e+02 0.000000000000000000e+00
5.385000000000000000e+02 0.000000000000000000e+00
5.390000000000000000e+02 0.000000000000000000e+00
5.395000000000000000e+02 6.360790000000000064e-04
5.400000000000000000e+02 0.000000000000000000e+00
5.405000000000000000e+02 1.504950000000000016e-04
5.410000000000000000e+02 0.000000000000000000e+00
5.415000000000000000e+02 1.317114000000000089e-03
5.420000000000000000e+02 0.000000000000000000e+00
5.425000000000000000e+02 6.200850000000000372e-04
5.430000000000000000e+02 0.000000000000000000e+00
5.435000000000000000e+02 1.907839999999999948e-04
5.440000000000000000e+02 0.000000000000000000e+00
5.445000000000000000e+02 3.156689999999999757e-04
5.450000000000000000e+02 0.000000000000000000e+00
5.455000000000000000e+02 1.605590000000000055e-04
5.460000000000000000e+02 8.016429999999999953e-04
5.465000000000000000e+02 0.000000000000000000e+00
5.470000000000000000e+02 4.400739999999999882e-04
5.475000000000000000e+02 2.238739999999999914e-04
5.480000000000000000e+02 1.040459999999999996e-04
5.485000000000000000e+02 5.131660000000000128e-04
5.490000000000000000e+02 0.000000000000000000e+00
5.495000000000000000e+02 0.000000000000000000e+00
5.500000000000000000e+02 8.214080000000000339e-04
5.505000000000000000e+02 0.000000000000000000e+00
5.510000000000000000e+02 0.000000000000000000e+00
5.515000000000000000e+02 0.000000000000000000e+00
5.520000000000000000e+02 4.426650000000000181e-04
5.525000000000000000e+02 8.241420000000000386e-04
5.530000000000000000e+02 0.000000000000000000e+00
5.535000000000000000e+02 0.000000000000000000e+00
5.540000000000000000e+02 0.000000000000000000e+00
5.545000000000000000e+02 9.782160000000000681e-04
5.550000000000000000e+02 1.054316999999999928e-03
5.555000000000000000e+02 6.949999999999999527e-05
5.560000000000000000e+02 1.130935999999999921e-03
5.565000000000000000e+02 1.055340000000000097e-03
5.570000000000000000e+02 0.000000000000000000e+00
5.575000000000000000e+02 0.000000000000000000e+00
5.580000000000000000e+02 0.000000000000000000e+00
5.585000000000000000e+02 0.000000000000000000e+00
5.590000000000000000e+02 6.793360000000000024e-04
5.595000000000000000e+02 0.000000000000000000e+00
5.600000000000000000e+02 1.207982999999999930e-03
5.605000000000000000e+02 0.000000000000000000e+00
5.610000000000000000e+02 3.033819999999999898e-04
5.615000000000000000e+02 8.312330000000000153e-04
5.620000000000000000e+02 0.000000000000000000e+00
5.625000000000000000e+02 0.000000000000000000e+00
5.630000000000000000e+02 4.519610000000000185e-04
5.635000000000000000e+02 7.200000000000000182e-05
5.640000000000000000e+02 5.986809999999999962e-04
5.645000000000000000e+02 0.000000000000000000e+00
5.650000000000000000e+02 0.000000000000000000e+00
5.655000000000000000e+02 0.000000000000000000e+00
5.660000000000000000e+02 1.204865000000000059e-03
5.665000000000000000e+02 0.000000000000000000e+00
5.670000000000000000e+02 9.077210000000000053e-04
5.675000000000000000e+02 2.386099999999999940e-04
5.680000000000000000e+02 0.000000000000000000e+00
5.685000000000000000e+02 1.835240000000000135e-04
5.690000000000000000e+02 0.000000000000000000e+00
5.695000000000000000e+02 0.000000000000000000e+00
5.700000000000000000e+02 6.099999999999999872e-05
5.705000000000000000e+02 0.000000000000000000e+00
5.710000000000000000e+02 0.000000000000000000e+00
5.715000000000000000e+02 0.000000000000000000e+00
5.720000000000000000e+02 9.085890000000000112e-04
5.725000000000000000e+02 0.000000000000000000e+00
5.730000000000000000e+02 1.840129999999999880e-04
5.735000000000000000e+02 0.000000000000000000e+00
5.740000000000000000e+02 6.136800000000000197e-04
5.745000000000000000e+02 6.665080000000000093e-04
5.750000000000000000e+02 4.498130000000000249e-04
5.755000000000000000e+02 1.360000000000000023e-05
5.760000000000000000e+02 3.119999999999999944e-05
5.765000000000000000e+02 5.606170000000000164e-04
5.770000000000000000e+02 0.000000000000000000e+00
5.775000000000000000e+02 2.909960000000000172e-04
5.780000000000000000e+02 0.000000000000000000e+00
5.785000000000000000e+02 0.000000000000000000e+00
5.790000000000000000e+02 0.000000000000000000e+00
5.795000000000000000e+02 0.000000000000000000e+00
5.800000000000000000e+02 0.000000000000000000e+00
5.805000000000000000e+02 0.000000000000000000e+00
5.810000000000000000e+02 0.000000000000000000e+00
5.815000000000000000e+02 0.000000000000000000e+00
5.820000000000000000e+02 0.000000000000000000e+00
5.825000000000000000e+02 0.000000000000000000e+00
5.830000000000000000e+02 0.000000000000000000e+00
5.835000000000000000e+02 1.655530000000000055e-04
5.840000000000000000e+02 0.000000000000000000e+00
5.845000000000000000e+02 0.000000000000000000e+00
5.850000000000000000e+02 0.000000000000000000e+00
5.855000000000000000e+02 0.000000000000000000e+00
5.860000000000000000e+02 0.000000000000000000e+00
5.865000000000000000e+02 3.758459999999999926e-04
5.870000000000000000e+02 0.000000000000000000e+00
5.875000000000000000e+02 0.000000000000000000e+00
5.880000000000000000e+02 0.000000000000000000e+00
5.885000000000000000e+02 1.274333000000000106e-03
5.890000000000000000e+02 0.000000000000000000e+00
5.895000000000000000e+02 0.000000000000000000e+00
5.900000000000000000e+02 0.000000000000000000e+00
5.905000000000000000e+02 2.371010000000000055e-04
5.910000000000000000e+02 0.000000000000000000e+00
5.915000000000000000e+02 0.000000000000000000e+00
5.920000000000000000e+02 0.000000000000000000e+00
5.925000000000000000e+02 0.000000000000000000e+00
5.930000000000000000e+02 0.000000000000000000e+00
5.935000000000000000e+02 1.280677000000000031e-03
5.940000000000000000e+02 1.140869999999999938e-04
5.945000000000000000e+02 5.396619999999999976e-04
5.950000000000000000e+02 0.000000000000000000e+00
5.955000000000000000e+02 0.000000000000000000e+00
5.960000000000000000e+02 0.000000000000000000e+00
5.965000000000000000e+02 0.000000000000000000e+00
5.970000000000000000e+02 1.910000000000000009e-05
5.975000000000000000e+02 0.000000000000000000e+00
5.980000000000000000e+02 0.000000000000000000e+00
5.985000000000000000e+02 4.852549999999999746e-04
5.990000000000000000e+02 5.637080000000000042e-04
5.995000000000000000e+02 0.000000000000000000e+00
6.000000000000000000e+02 7.803489999999999515e-04
6.005000000000000000e+02 0.000000000000000000e+00
6.010000000000000000e+02 0.000000000000000000e+00
6.015000000000000000e+02 0.000000000000000000e+00
6.020000000000000000e+02 4.627100000000000202e-04
6.025000000000000000e+02 0.000000000000000000e+00
6.030000000000000000e+02 0.000000000000000000e+00
6.035000000000000000e+02 7.266080000000000065e-04
6.040000000000000000e+02 0.000000000000000000e+00
6.045000000000000000e+02 5.810000000000000277e-05
6.050000000000000000e+02 0.000000000000000000e+00
6.055000000000000000e+02 0.000000000000000000e+00
6.060000000000000000e+02 4.401559999999999783e-04
6.065000000000000000e+02 0.000000000000000000e+00
6.070000000000000000e+02 0.000000000000000000e+00
6.075000000000000000e+02 0.000000000000000000e+00
6.080000000000000000e+02 9.599009999999999834e-04
6.085000000000000000e+02 1.582105000000000100e-03
6.090000000000000000e+02 9.248159999999999627e-04
6.095000000000000000e+02 0.000000000000000000e+00
6.100000000000000000e+02 0.000000000000000000e+00
6.105000000000000000e+02 0.000000000000000000e+00
6.110000000000000000e+02 0.000000000000000000e+00
6.115000000000000000e+02 0.000000000000000000e+00
6.120000000000000000e+02 0.000000000000000000e+00
6.125000000000000000e+02 3.257150000000000214e-04
6.130000000000000000e+02 0.000000000000000000e+00
6.135000000000000000e+02 0.000000000000000000e+00
6.140000000000000000e+02 0.000000000000000000e+00
6.145000000000000000e+02 0.000000000000000000e+00
6.150000000000000000e+02 0.000000000000000000e+00
6.155000000000000000e+02 0.000000000000000000e+00
6.160000000000000000e+02 0.000000000000000000e+00
6.165000000000000000e+02 0.000000000000000000e+00
6.170000000000000000e+02 3.330000000000000305e-05
6.175000000000000000e+02 0.000000000000000000e+00
6.180000000000000000e+02 3.902980000000000230e-04
6.185000000000000000e+02 1.650029999999999921e-04
6.190000000000000000e+02 2.357960000000000036e-04
6.195000000000000000e+02 0.000000000000000000e+00
6.200000000000000000e+02 0.000000000000000000e+00
6.205000000000000000e+02 1.563629999999999935e-04
6.210000000000000000e+02 0.000000000000000000e+00
6.215000000000000000e+02 0.000000000000000000e+00
6.220000000000000000e+02 0.000000000000000000e+00
6.225000000000000000e+02 0.000000000000000000e+00
6.230000000000000000e+02 0.000000000000000000e+00
6.235000000000000000e+02 0.000000000000000000e+00
6.240000000000000000e+02 0.000000000000000000e+00
6.245000000000000000e+02 0.000000000000000000e+00
6.250000000000000000e+02 0.000000000000000000e+00
6.255000000000000000e+02 0.000000000000000000e+00
6.260000000000000000e+02 1.886109999999999870e-04
6.265000000000000000e+02 0.000000000000000000e+00
6.270000000000000000e+02 0.000000000000000000e+00
6.275000000000000000e+02 7.096799999999999680e-04
6.280000000000000000e+02 9.795360000000000351e-04
6.285000000000000000e+02 2.099229999999999889e-04
6.290000000000000000e+02 0.000000000000000000e+00
6.295000000000000000e+02 0.000000000000000000e+00
6.300000000000000000e+02 0.000000000000000000e+00
6.305000000000000000e+02 1.272064999999999958e-03
6.310000000000000000e+02 3.410000000000000216e-05
6.315000000000000000e+02 8.414679999999999469e-04
6.320000000000000000e+02 0.000000000000000000e+00
6.325000000000000000e+02 0.000000000000000000e+00
6.330000000000000000e+02 0.000000000000000000e+00
6.335000000000000000e+02 6.540000000000000403e-05
6.340000000000000000e+02 0.000000000000000000e+00
6.345000000000000000e+02 0.000000000000000000e+00
6.350000000000000000e+02 0.000000000000000000e+00
6.355000000000000000e+02 0.000000000000000000e+00
6.360000000000000000e+02 0.000000000000000000e+00
6.365000000000000000e+02 0.000000000000000000e+00
6.370000000000000000e+02 0.000000000000000000e+00
6.375000000000000000e+02 0.000000000000000000e+00
6.380000000000000000e+02 0.000000000000000000e+00
6.385000000000000000e+02 0.000000000000000000e+00
6.390000000000000000e+02 2.308950000000000043e-04
6.395000000000000000e+02 2.367369999999999934e-04
6.400000000000000000e+02 0.000000000000000000e+00
6.405000000000000000e+02 0.000000000000000000e+00
6.410000000000000000e+02 1.569211000000000043e-03
6.415000000000000000e+02 4.690000000000000158e-05
6.420000000000000000e+02 2.577589999999999829e-04
6.425000000000000000e+02 0.000000000000000000e+00
6.430000000000000000e+02 0.000000000000000000e+00
6.435000000000000000e+02 0.000000000000000000e+00
6.440000000000000000e+02 4.705269999999999895e-04
6.445000000000000000e+02 0.000000000000000000e+00
6.450000000000000000e+02 0.000000000000000000e+00
6.455000000000000000e+02 0.000000000000000000e+00
6.460000000000000000e+02 1.223100000000000131e-04
6.465000000000000000e+02 9.760000000000000067e-05
6.470000000000000000e+02 0.000000000000000000e+00
6.475000000000000000e+02 7.234029999999999584e-04
6.480000000000000000e+02 0.000000000000000000e+00
6.485000000000000000e+02 1.230460000000000006e-04
6.490000000000000000e+02 0.000000000000000000e+00
6.495000000000000000e+02 0.000000000000000000e+00
6.500000000000000000e+02 5.027669999999999926e-04
6.505000000000000000e+02 0.000000000000000000e+00
6.510000000000000000e+02 8.299999999999999815e-05
6.515000000000000000e+02 2.089890000000000009e-04
6.520000000000000000e+02 0.000000000000000000e+00
6.525000000000000000e+02 0.000000000000000000e+00
6.530000000000000000e+02 3.291079999999999939e-04
6.535000000000000000e+02 0.000000000000000000e+00
6.540000000000000000e+02 3.066049999999999960e-04
6.545000000000000000e+02 0.000000000000000000e+00
6.550000000000000000e+02 2.820419999999999807e-04
6.555000000000000000e+02 0.000000000000000000e+00
6.560000000000000000e+02 7.189999999999999770e-06
6.565000000000000000e+02 0.000000000000000000e+00
6.570000000000000000e+02 0.000000000000000000e+00
6.575000000000000000e+02 0.000000000000000000e+00
6.580000000000000000e+02 1.158819999999999994e-04
6.585000000000000000e+02 0.000000000000000000e+00
6.590000000000000000e+02 0.000000000000000000e+00
6.595000000000000000e+02 0.000000000000000000e+00
6.600000000000000000e+02 8.307100000000000204e-04
6.605000000000000000e+02 0.000000000000000000e+00
6.610000000000000000e+02 0.000000000000000000e+00
6.615000000000000000e+02 0.000000000000000000e+00
6.620000000000000000e+02 2.900000000000000017e-05
6.625000000000000000e+02 5.529899999999999486e-04
6.630000000000000000e+02 0.000000000000000000e+00
6.635000000000000000e+02 6.080000000000000064e-05
6.640000000000000000e+02 0.000000000000000000e+00
6.645000000000000000e+02 0.000000000000000000e+00
6.650000000000000000e+02 3.756310000000000226e-04
6.655000000000000000e+02 0.000000000000000000e+00
6.660000000000000000e+02 0.000000000000000000e+00
6.665000000000000000e+02 0.000000000000000000e+00
6.670000000000000000e+02 0.000000000000000000e+00
6.675000000000000000e+02 0.000000000000000000e+00
6.680000000000000000e+02 1.093279999999999941e-04
6.685000000000000000e+02 0.000000000000000000e+00
6.690000000000000000e+02 0.000000000000000000e+00
6.695000000000000000e+02 0.000000000000000000e+00
6.700000000000000000e+02 0.000000000000000000e+00
6.705000000000000000e+02 0.000000000000000000e+00
6.710000000000000000e+02 0.000000000000000000e+00
6.715000000000000000e+02 0.000000000000000000e+00
6.720000000000000000e+02 0.000000000000000000e+00
6.725000000000000000e+02 0.000000000000000000e+00
6.730000000000000000e+02 0.000000000000000000e+00
6.735000000000000000e+02 7.210000000000000425e-05
6.740000000000000000e+02 0.000000000000000000e+00
6.745000000000000000e+02 0.000000000000000000e+00
6.750000000000000000e+02 0.000000000000000000e+00
6.755000000000000000e+02 0.000000000000000000e+00
6.760000000000000000e+02 0.000000000000000000e+00
6.765000000000000000e+02 8.342199999999999919e-04
6.770000000000000000e+02 0.000000000000000000e+00
6.775000000000000000e+02 0.000000000000000000e+00
6.780000000000000000e+02 0.000000000000000000e+00
6.785000000000000000e+02 0.000000000000000000e+00
6.790000000000000000e+02 3.467640000000000024e-04
6.795000000000000000e+02 0.000000000000000000e+00
6.800000000000000000e+02 7.862900000000000358e-04
6.805000000000000000e+02 0.000000000000000000e+00
6.810000000000000000e+02 0.000000000000000000e+00
6.815000000000000000e+02 0.000000000000000000e+00
6.820000000000000000e+02 0.000000000000000000e+00
6.825000000000000000e+02 0.000000000000000000e+00
6.830000000000000000e+02 0.000000000000000000e+00
6.835000000000000000e+02 1.232737999999999933e-03
6.840000000000000000e+02 7.014130000000000148e-04
6.845000000000000000e+02 1.379325999999999946e-03
6.850000000000000000e+02 9.820000000000000170e-05
6.855000000000000000e+02 0.000000000000000000e+00
6.860000000000000000e+02 1.050889999999999962e-04
6.865000000000000000e+02 1.249927999999999977e-03
6.870000000000000000e+02 1.911018000000000005e-03
6.875000000000000000e+02 7.655719999999999539e-04
6.880000000000000000e+02 5.483369999999999781e-04
6.885000000000000000e+02 1.644740999999999911e-03
6.890000000000000000e+02 2.457599999999999889e-03
6.895000000000000000e+02 2.173898000000000063e-03
6.900000000000000000e+02 3.522621999999999993e-03
6.905000000000000000e+02 3.411954999999999936e-03
6.910000000000000000e+02 5.570491999999999805e-03
6.915000000000000000e+02 5.492119999999999641e-03
6.920000000000000000e+02 5.285940000000000256e-03
6.925000000000000000e+02 5.939279000000000433e-03
6.930000000000000000e+02 7.289717999999999719e-03
6.935000000000000000e+02 8.308473000000000247e-03
6.940000000000000000e+02 7.792280999999999860e-03
6.945000000000000000e+02 9.532129999999999770e-03
6.950000000000000000e+02 1.144830299999999995e-02
6.955000000000000000e+02 1.171792200000000041e-02
6.960000000000000000e+02 1.377514799999999921e-02
6.965000000000000000e+02 1.432586599999999960e-02
6.970000000000000000e+02 1.551931200000000038e-02
6.975000000000000000e+02 1.583401300000000095e-02
6.980000000000000000e+02 1.710931400000000047e-02
6.985000000000000000e+02 1.930067099999999841e-02
6.990000000000000000e+02 2.023187499999999986e-02
6.995000000000000000e+02 2.127651300000000037e-02
7.000000000000000000e+02 2.245097000000000065e-02
7.005000000000000000e+02 2.574875800000000006e-02
7.010000000000000000e+02 2.694391100000000094e-02
7.015000000000000000e+02 2.691582199999999897e-02
7.020000000000000000e+02 2.917773499999999978e-02
7.025000000000000000e+02 2.995187200000000091e-02
7.030000000000000000e+02 3.117517900000000078e-02
7.035000000000000000e+02 3.366542599999999830e-02
7.040000000000000000e+02 3.446339799999999925e-02
7.045000000000000000e+02 3.508840500000000306e-02
7.050000000000000000e+02 3.720917599999999659e-02
7.055000000000000000e+02 3.757527100000000037e-02
7.060000000000000000e+02 3.841905300000000162e-02
7.065000000000000000e+02 4.133742299999999814e-02
7.070000000000000000e+02 4.176073500000000022e-02
7.075000000000000000e+02 4.205471999999999683e-02
7.080000000000000000e+02 4.365311899999999717e-02
7.085000000000000000e+02 4.444185600000000180e-02
7.090000000000000000e+02 4.443167199999999845e-02
7.095000000000000000e+02 4.590575000000000211e-02
7.100000000000000000e+02 4.583642300000000114e-02
7.105000000000000000e+02 4.658027700000000326e-02
7.110000000000000000e+02 4.791768300000000258e-02
7.115000000000000000e+02 4.665355399999999986e-02
7.120000000000000000e+02 4.678881499999999749e-02
7.125000000000000000e+02 4.842228800000000083e-02
7.130000000000000000e+02 4.791188600000000075e-02
7.135000000000000000e+02 4.874159799999999709e-02
7.140000000000000000e+02 4.697775800000000140e-02
7.145000000000000000e+02 4.886789200000000305e-02
7.150000000000000000e+02 4.790773200000000148e-02
7.155000000000000000e+02 4.768664400000000025e-02
7.160000000000000000e+02 4.753337800000000113e-02
7.165000000000000000e+02 4.754496400000000206e-02
7.170000000000000000e+02 4.766275400000000162e-02
7.175000000000000000e+02 4.639035100000000328e-02
7.180000000000000000e+02 4.667432199999999726e-02
7.185000000000000000e+02 4.519046499999999911e-02
7.190000000000000000e+02 4.488074799999999809e-02
7.195000000000000000e+02 4.244528699999999821e-02
7.200000000000000000e+02 4.390300400000000242e-02
7.205000000000000000e+02 4.320916899999999866e-02
7.210000000000000000e+02 4.193629000000000107e-02
7.215000000000000000e+02 4.046312700000000151e-02
7.220000000000000000e+02 4.276596800000000143e-02
7.225000000000000000e+02 4.091327300000000000e-02
7.230000000000000000e+02 3.965080199999999888e-02
7.235000000000000000e+02 3.834918899999999881e-02
7.240000000000000000e+02 3.694928799999999680e-02
7.245000000000000000e+02 3.692423599999999917e-02
7.250000000000000000e+02 3.655312200000000039e-02
7.255000000000000000e+02 3.606916599999999973e-02
7.260000000000000000e+02 3.475088600000000166e-02
7.265000000000000000e+02 3.348694700000000302e-02
7.270000000000000000e+02 3.342129700000000259e-02
7.275000000000000000e+02 3.335004700000000072e-02
7.280000000000000000e+02 3.209362899999999852e-02
7.285000000000000000e+02 3.050089599999999956e-02
7.290000000000000000e+02 3.030220999999999956e-02
7.295000000000000000e+02 2.898202999999999890e-02
7.300000000000000000e+02 2.867969100000000021e-02
7.305000000000000000e+02 2.919776600000000000e-02
7.310000000000000000e+02 2.754367300000000116e-02
7.315000000000000000e+02 2.632890499999999967e-02
7.320000000000000000e+02 2.675077699999999989e-02
7.325000000000000000e+02 2.499510500000000010e-02
7.330000000000000000e+02 2.395547899999999827e-02
7.335000000000000000e+02 2.428009399999999859e-02
7.340000000000000000e+02 2.412224199999999860e-02
7.345000000000000000e+02 2.285835500000000034e-02
7.350000000000000000e+02 2.180121299999999984e-02
7.355000000000000000e+02 2.197662699999999858e-02
7.360000000000000000e+02 2.152793299999999910e-02
7.365000000000000000e+02 2.182006699999999855e-02
7.370000000000000000e+02 1.975222500000000173e-02
7.375000000000000000e+02 2.073598700000000086e-02
7.380000000000000000e+02 1.912329000000000112e-02
7.385000000000000000e+02 1.834655199999999861e-02
7.390000000000000000e+02 1.800565399999999941e-02
7.395000000000000000e+02 1.812971600000000058e-02
7.400000000000000000e+02 1.727658899999999845e-02
7.405000000000000000e+02 1.606230300000000000e-02
7.410000000000000000e+02 1.700659499999999935e-02
7.415000000000000000e+02 1.567293000000000158e-02
7.420000000000000000e+02 1.514348899999999956e-02
7.425000000000000000e+02 1.510417600000000041e-02
7.430000000000000000e+02 1.423073300000000062e-02
7.435000000000000000e+02 1.486027900000000054e-02
7.440000000000000000e+02 1.389519500000000081e-02
7.445000000000000000e+02 1.207135699999999957e-02
7.450000000000000000e+02 1.259451800000000073e-02
7.455000000000000000e+02 1.089772599999999994e-02
7.460000000000000000e+02 1.248005699999999926e-02
7.465000000000000000e+02 1.165208799999999968e-02
7.470000000000000000e+02 1.245321100000000049e-02
7.475000000000000000e+02 1.160729100000000048e-02
7.480000000000000000e+02 9.963559999999999778e-03
7.485000000000000000e+02 9.986952999999999803e-03
7.490000000000000000e+02 1.001534199999999999e-02
7.495000000000000000e+02 1.051464400000000007e-02
7.500000000000000000e+02 9.531444000000000027e-03
7.505000000000000000e+02 8.593477999999999881e-03
7.510000000000000000e+02 8.186399000000000453e-03
7.515000000000000000e+02 7.212111000000000216e-03
7.520000000000000000e+02 9.185241999999999712e-03
7.525000000000000000e+02 7.443378999999999968e-03
7.530000000000000000e+02 7.411384000000000027e-03
7.535000000000000000e+02 7.136640999999999992e-03
7.540000000000000000e+02 6.587168000000000016e-03
7.545000000000000000e+02 6.091283999999999761e-03
7.550000000000000000e+02 7.534917999999999824e-03
7.555000000000000000e+02 5.907189999999999663e-03
7.560000000000000000e+02 5.956579000000000040e-03
7.565000000000000000e+02 6.797016999999999816e-03
7.570000000000000000e+02 5.240996000000000370e-03
7.575000000000000000e+02 5.349210000000000076e-03
7.580000000000000000e+02 6.902397999999999693e-03
7.585000000000000000e+02 3.976480000000000119e-03
7.590000000000000000e+02 3.370655000000000179e-03
7.595000000000000000e+02 4.249649000000000308e-03
7.600000000000000000e+02 3.623331999999999942e-03
7.605000000000000000e+02 3.706220999999999995e-03
7.610000000000000000e+02 4.273268000000000205e-03
7.615000000000000000e+02 3.611016999999999786e-03
7.620000000000000000e+02 2.936508000000000000e-03
7.625000000000000000e+02 3.231892000000000098e-03
7.630000000000000000e+02 3.534792000000000142e-03
7.635000000000000000e+02 3.195991999999999930e-03
7.640000000000000000e+02 2.174604000000000120e-03
7.645000000000000000e+02 2.633873000000000117e-03
7.650000000000000000e+02 2.917911999999999936e-03
7.655000000000000000e+02 3.897249000000000199e-03
7.660000000000000000e+02 1.479141999999999913e-03
7.665000000000000000e+02 2.323289999999999991e-03
7.670000000000000000e+02 2.401509999999999929e-03
7.675000000000000000e+02 1.833910000000000011e-03
7.680000000000000000e+02 2.806030000000000156e-03
7.685000000000000000e+02 1.961261000000000167e-03
7.690000000000000000e+02 2.511942999999999988e-03
7.695000000000000000e+02 1.707029999999999951e-04
7.700000000000000000e+02 2.041619000000000159e-03
7.705000000000000000e+02 1.621309000000000031e-03
7.710000000000000000e+02 3.264234999999999880e-03
7.715000000000000000e+02 0.000000000000000000e+00
7.720000000000000000e+02 3.372913999999999860e-03
7.725000000000000000e+02 1.150683999999999908e-03
7.730000000000000000e+02 1.969404000000000120e-03
7.735000000000000000e+02 3.767649999999999884e-04
7.740000000000000000e+02 8.540239999999999941e-04
7.745000000000000000e+02 9.162110000000000002e-04
7.750000000000000000e+02 1.553190999999999990e-03
7.755000000000000000e+02 3.070780000000000167e-04
7.760000000000000000e+02 4.817059999999999853e-04
7.765000000000000000e+02 1.424834999999999947e-03
7.770000000000000000e+02 1.146660999999999991e-03
7.775000000000000000e+02 9.322920000000000382e-04
7.780000000000000000e+02 1.065383999999999949e-03
7.785000000000000000e+02 6.289999999999999747e-05
7.790000000000000000e+02 1.268348999999999996e-03
7.795000000000000000e+02 7.943180000000000206e-04
7.800000000000000000e+02 8.211680000000000498e-04
7.805000000000000000e+02 1.427571999999999999e-03
7.810000000000000000e+02 0.000000000000000000e+00
7.815000000000000000e+02 2.372449999999999960e-04
7.820000000000000000e+02 1.068279000000000103e-03
7.825000000000000000e+02 0.000000000000000000e+00
7.830000000000000000e+02 0.000000000000000000e+00
7.835000000000000000e+02 0.000000000000000000e+00
7.840000000000000000e+02 0.000000000000000000e+00
7.845000000000000000e+02 8.172989999999999552e-04
7.850000000000000000e+02 8.776809999999999473e-04
7.855000000000000000e+02 0.000000000000000000e+00
7.860000000000000000e+02 0.000000000000000000e+00
7.865000000000000000e+02 2.147619999999999878e-04
7.870000000000000000e+02 0.000000000000000000e+00
7.875000000000000000e+02 3.313950000000000077e-04
7.880000000000000000e+02 0.000000000000000000e+00
7.885000000000000000e+02 5.505549999999999897e-04
7.890000000000000000e+02 6.766069999999999680e-04
7.895000000000000000e+02 0.000000000000000000e+00
7.900000000000000000e+02 1.217755000000000053e-03
7.905000000000000000e+02 0.000000000000000000e+00
7.910000000000000000e+02 3.518610000000000249e-04
7.915000000000000000e+02 6.995929999999999814e-04
7.920000000000000000e+02 6.174390000000000087e-04
7.925000000000000000e+02 0.000000000000000000e+00
7.930000000000000000e+02 0.000000000000000000e+00
7.935000000000000000e+02 7.414779999999999505e-04
7.940000000000000000e+02 5.232050000000000025e-04
7.945000000000000000e+02 2.300380000000000090e-04
7.950000000000000000e+02 0.000000000000000000e+00
7.955000000000000000e+02 4.181909999999999946e-04
7.960000000000000000e+02 9.868529999999999924e-04
7.965000000000000000e+02 0.000000000000000000e+00
7.970000000000000000e+02 6.780630000000000164e-04
7.975000000000000000e+02 0.000000000000000000e+00
7.980000000000000000e+02 8.852969999999999503e-04
7.985000000000000000e+02 2.694309999999999891e-04
7.990000000000000000e+02 9.465240000000000199e-04
7.995000000000000000e+02 4.922270000000000291e-04
8.000000000000000000e+02 0.000000000000000000e+00
8.005000000000000000e+02 0.000000000000000000e+00
8.010000000000000000e+02 0.000000000000000000e+00
8.015000000000000000e+02 0.000000000000000000e+00
8.020000000000000000e+02 6.215180000000000487e-04
8.025000000000000000e+02 0.000000000000000000e+00
8.030000000000000000e+02 0.000000000000000000e+00
8.035000000000000000e+02 0.000000000000000000e+00
8.040000000000000000e+02 2.788350000000000095e-04
8.045000000000000000e+02 1.356929999999999898e-04
8.050000000000000000e+02 3.360009999999999972e-04
8.055000000000000000e+02 0.000000000000000000e+00
8.060000000000000000e+02 0.000000000000000000e+00
8.065000000000000000e+02 0.000000000000000000e+00
8.070000000000000000e+02 1.012899000000000048e-03
8.075000000000000000e+02 0.000000000000000000e+00
8.080000000000000000e+02 8.430000000000000603e-06
8.085000000000000000e+02 4.999899999999999614e-04
8.090000000000000000e+02 0.000000000000000000e+00
8.095000000000000000e+02 0.000000000000000000e+00
8.100000000000000000e+02 0.000000000000000000e+00
8.105000000000000000e+02 0.000000000000000000e+00
8.110000000000000000e+02 4.882369999999999809e-04
8.115000000000000000e+02 0.000000000000000000e+00
8.120000000000000000e+02 6.083570000000000167e-04
8.125000000000000000e+02 0.000000000000000000e+00
8.130000000000000000e+02 0.000000000000000000e+00
8.135000000000000000e+02 5.812859999999999772e-04
8.140000000000000000e+02 0.000000000000000000e+00
8.145000000000000000e+02 1.280459999999999867e-04
8.150000000000000000e+02 0.000000000000000000e+00
8.155000000000000000e+02 9.395900000000000215e-04
8.160000000000000000e+02 0.000000000000000000e+00
8.165000000000000000e+02 6.779610000000000367e-04
8.170000000000000000e+02 0.000000000000000000e+00
8.175000000000000000e+02 2.317309999999999943e-04
8.180000000000000000e+02 0.000000000000000000e+00
8.185000000000000000e+02 0.000000000000000000e+00
8.190000000000000000e+02 0.000000000000000000e+00
8.195000000000000000e+02 0.000000000000000000e+00
8.200000000000000000e+02 0.000000000000000000e+00
8.205000000000000000e+02 0.000000000000000000e+00
8.210000000000000000e+02 0.000000000000000000e+00
8.215000000000000000e+02 0.000000000000000000e+00
8.220000000000000000e+02 5.835839999999999474e-04
8.225000000000000000e+02 2.647910000000000064e-04
8.230000000000000000e+02 0.000000000000000000e+00
8.235000000000000000e+02 0.000000000000000000e+00
8.240000000000000000e+02 0.000000000000000000e+00
8.245000000000000000e+02 2.128239999999999939e-04
8.250000000000000000e+02 0.000000000000000000e+00
8.255000000000000000e+02 0.000000000000000000e+00
8.260000000000000000e+02 9.843399999999999980e-04
8.265000000000000000e+02 0.000000000000000000e+00
8.270000000000000000e+02 0.000000000000000000e+00
8.275000000000000000e+02 0.000000000000000000e+00
8.280000000000000000e+02 0.000000000000000000e+00
8.285000000000000000e+02 4.076840000000000086e-04
8.290000000000000000e+02 2.384549999999999929e-04
8.295000000000000000e+02 0.000000000000000000e+00
8.300000000000000000e+02 0.000000000000000000e+00
8.305000000000000000e+02 0.000000000000000000e+00
8.310000000000000000e+02 0.000000000000000000e+00
8.315000000000000000e+02 0.000000000000000000e+00
8.320000000000000000e+02 0.000000000000000000e+00
8.325000000000000000e+02 5.759999999999999739e-05
8.330000000000000000e+02 0.000000000000000000e+00
8.335000000000000000e+02 0.000000000000000000e+00
8.340000000000000000e+02 0.000000000000000000e+00
8.345000000000000000e+02 4.611910000000000098e-04
8.350000000000000000e+02 0.000000000000000000e+00
8.355000000000000000e+02 0.000000000000000000e+00
8.360000000000000000e+02 0.000000000000000000e+00
8.365000000000000000e+02 5.834699999999999956e-04
8.370000000000000000e+02 0.000000000000000000e+00
8.375000000000000000e+02 0.000000000000000000e+00
8.380000000000000000e+02 0.000000000000000000e+00
8.385000000000000000e+02 1.569999999999999876e-05
8.390000000000000000e+02 0.000000000000000000e+00
8.395000000000000000e+02 0.000000000000000000e+00
8.400000000000000000e+02 0.000000000000000000e+00
8.405000000000000000e+02 0.000000000000000000e+00
8.410000000000000000e+02 3.899999999999999929e-05
8.415000000000000000e+02 1.063059999999999949e-04
8.420000000000000000e+02 0.000000000000000000e+00
8.425000000000000000e+02 0.000000000000000000e+00
8.430000000000000000e+02 0.000000000000000000e+00
8.435000000000000000e+02 9.074670000000000175e-04
8.440000000000000000e+02 0.000000000000000000e+00
8.445000000000000000e+02 5.038370000000000348e-04
8.450000000000000000e+02 3.705909999999999760e-04
8.455000000000000000e+02 0.000000000000000000e+00
8.460000000000000000e+02 0.000000000000000000e+00
8.465000000000000000e+02 0.000000000000000000e+00
8.470000000000000000e+02 0.000000000000000000e+00
8.475000000000000000e+02 0.000000000000000000e+00
8.480000000000000000e+02 0.000000000000000000e+00
8.485000000000000000e+02 2.639210000000000232e-04
8.490000000000000000e+02 0.000000000000000000e+00
8.495000000000000000e+02 0.000000000000000000e+00
8.500000000000000000e+02 5.440000000000000093e-05
8.505000000000000000e+02 0.000000000000000000e+00
8.510000000000000000e+02 0.000000000000000000e+00
8.515000000000000000e+02 0.000000000000000000e+00
8.520000000000000000e+02 0.000000000000000000e+00
8.525000000000000000e+02 8.689999999999999808e-05
8.530000000000000000e+02 1.160000000000000075e-05
8.535000000000000000e+02 0.000000000000000000e+00
8.540000000000000000e+02 2.047589999999999957e-04
8.545000000000000000e+02 0.000000000000000000e+00
8.550000000000000000e+02 0.000000000000000000e+00
8.555000000000000000e+02 0.000000000000000000e+00
8.560000000000000000e+02 1.716210000000000023e-04
8.565000000000000000e+02 9.424789999999999730e-04
8.570000000000000000e+02 0.000000000000000000e+00
8.575000000000000000e+02 5.422320000000000221e-04
8.580000000000000000e+02 7.969999999999999925e-05
8.585000000000000000e+02 0.000000000000000000e+00
8.590000000000000000e+02 2.452579999999999886e-04
8.595000000000000000e+02 0.000000000000000000e+00
8.600000000000000000e+02 0.000000000000000000e+00
8.605000000000000000e+02 8.718410000000000439e-04
8.610000000000000000e+02 0.000000000000000000e+00
8.615000000000000000e+02 0.000000000000000000e+00
8.620000000000000000e+02 0.000000000000000000e+00
8.625000000000000000e+02 1.916619999999999956e-04
8.630000000000000000e+02 5.759999999999999739e-05
8.635000000000000000e+02 0.000000000000000000e+00
8.640000000000000000e+02 1.099580000000000067e-04
8.645000000000000000e+02 0.000000000000000000e+00
8.650000000000000000e+02 0.000000000000000000e+00
8.655000000000000000e+02 4.120649999999999790e-04
8.660000000000000000e+02 0.000000000000000000e+00
8.665000000000000000e+02 3.866440000000000068e-04
8.670000000000000000e+02 0.000000000000000000e+00
8.675000000000000000e+02 0.000000000000000000e+00
8.680000000000000000e+02 3.159169999999999773e-04
8.685000000000000000e+02 4.381820000000000138e-04
8.690000000000000000e+02 3.725889999999999931e-04
8.695000000000000000e+02 1.188755000000000107e-03
8.700000000000000000e+02 0.000000000000000000e+00
8.705000000000000000e+02 0.000000000000000000e+00
8.710000000000000000e+02 4.240000000000000062e-05
8.715000000000000000e+02 0.000000000000000000e+00
8.720000000000000000e+02 0.000000000000000000e+00
8.725000000000000000e+02 0.000000000000000000e+00
8.730000000000000000e+02 6.762359999999999812e-04
8.735000000000000000e+02 0.000000000000000000e+00
8.740000000000000000e+02 0.000000000000000000e+00
8.745000000000000000e+02 0.000000000000000000e+00
8.750000000000000000e+02 0.000000000000000000e+00
8.755000000000000000e+02 4.929999999999999893e-05
8.760000000000000000e+02 0.000000000000000000e+00
8.765000000000000000e+02 0.000000000000000000e+00
8.770000000000000000e+02 0.000000000000000000e+00
8.775000000000000000e+02 0.000000000000000000e+00
8.780000000000000000e+02 0.000000000000000000e+00
8.785000000000000000e+02 0.000000000000000000e+00
8.790000000000000000e+02 0.000000000000000000e+00
8.795000000000000000e+02 0.000000000000000000e+00
8.800000000000000000e+02 2.841130000000000088e-04
8.805000000000000000e+02 9.619999999999999374e-05
8.810000000000000000e+02 8.635239999999999539e-04
8.815000000000000000e+02 0.000000000000000000e+00
8.820000000000000000e+02 8.512809999999999561e-04
8.825000000000000000e+02 2.575030000000000179e-04
8.830000000000000000e+02 0.000000000000000000e+00
8.835000000000000000e+02 1.047558000000000083e-03
8.840000000000000000e+02 0.000000000000000000e+00
8.845000000000000000e+02 1.808880000000000069e-04
8.850000000000000000e+02 2.124130000000000007e-04
8.855000000000000000e+02 0.000000000000000000e+00
8.860000000000000000e+02 0.000000000000000000e+00
8.865000000000000000e+02 0.000000000000000000e+00
8.870000000000000000e+02 0.000000000000000000e+00
8.875000000000000000e+02 9.277439999999999862e-04
8.880000000000000000e+02 2.056222999999999818e-03
8.885000000000000000e+02 3.318980000000000129e-04
8.890000000000000000e+02 6.650599999999999784e-04
8.895000000000000000e+02 0.000000000000000000e+00
8.900000000000000000e+02 0.000000000000000000e+00
8.905000000000000000e+02 0.000000000000000000e+00
8.910000000000000000e+02 8.016199999999999585e-04
8.915000000000000000e+02 1.292669999999999941e-04
8.920000000000000000e+02 0.000000000000000000e+00
8.925000000000000000e+02 0.000000000000000000e+00
8.930000000000000000e+02 0.000000000000000000e+00
8.935000000000000000e+02 0.000000000000000000e+00
8.940000000000000000e+02 1.683770000000000015e-03
8.945000000000000000e+02 0.000000000000000000e+00
8.950000000000000000e+02 1.489925000000000017e-03
8.955000000000000000e+02 4.384330000000000085e-04
8.960000000000000000e+02 0.000000000000000000e+00
8.965000000000000000e+02 0.000000000000000000e+00
8.970000000000000000e+02 8.503809999999999885e-04
8.975000000000000000e+02 0.000000000000000000e+00
8.980000000000000000e+02 1.102747000000000059e-03
8.985000000000000000e+02 3.592280000000000104e-04
8.990000000000000000e+02 0.000000000000000000e+00
8.995000000000000000e+02 0.000000000000000000e+00
9.000000000000000000e+02 0.000000000000000000e+00
9.005000000000000000e+02 0.000000000000000000e+00
9.010000000000000000e+02 0.000000000000000000e+00
9.015000000000000000e+02 0.000000000000000000e+00
9.020000000000000000e+02 0.000000000000000000e+00
9.025000000000000000e+02 0.000000000000000000e+00
9.030000000000000000e+02 0.000000000000000000e+00
9.035000000000000000e+02 0.000000000000000000e+00
9.040000000000000000e+02 0.000000000000000000e+00
9.045000000000000000e+02 0.000000000000000000e+00
9.050000000000000000e+02 0.000000000000000000e+00
9.055000000000000000e+02 0.000000000000000000e+00
9.060000000000000000e+02 0.000000000000000000e+00
9.065000000000000000e+02 0.000000000000000000e+00
9.070000000000000000e+02 0.000000000000000000e+00
9.075000000000000000e+02 0.000000000000000000e+00
9.080000000000000000e+02 0.000000000000000000e+00
9.085000000000000000e+02 0.000000000000000000e+00
9.090000000000000000e+02 0.000000000000000000e+00
9.095000000000000000e+02 0.000000000000000000e+00
9.100000000000000000e+02 0.000000000000000000e+00
9.105000000000000000e+02 0.000000000000000000e+00
9.110000000000000000e+02 0.000000000000000000e+00
9.115000000000000000e+02 0.000000000000000000e+00
9.120000000000000000e+02 0.000000000000000000e+00
9.125000000000000000e+02 0.000000000000000000e+00
9.130000000000000000e+02 0.000000000000000000e+00
9.135000000000000000e+02 0.000000000000000000e+00
9.140000000000000000e+02 0.000000000000000000e+00
9.145000000000000000e+02 0.000000000000000000e+00
9.150000000000000000e+02 0.000000000000000000e+00
9.155000000000000000e+02 0.000000000000000000e+00
9.160000000000000000e+02 0.000000000000000000e+00
9.165000000000000000e+02 0.000000000000000000e+00
9.170000000000000000e+02 0.000000000000000000e+00
9.175000000000000000e+02 0.000000000000000000e+00
9.180000000000000000e+02 0.000000000000000000e+00
9.185000000000000000e+02 0.000000000000000000e+00
9.190000000000000000e+02 0.000000000000000000e+00
9.195000000000000000e+02 0.000000000000000000e+00
9.200000000000000000e+02 0.000000000000000000e+00
9.205000000000000000e+02 0.000000000000000000e+00
9.210000000000000000e+02 0.000000000000000000e+00
9.215000000000000000e+02 0.000000000000000000e+00
9.220000000000000000e+02 0.000000000000000000e+00
9.225000000000000000e+02 0.000000000000000000e+00
9.230000000000000000e+02 0.000000000000000000e+00
9.235000000000000000e+02 0.000000000000000000e+00
9.240000000000000000e+02 0.000000000000000000e+00
9.245000000000000000e+02 0.000000000000000000e+00
9.250000000000000000e+02 0.000000000000000000e+00
9.255000000000000000e+02 0.000000000000000000e+00
9.260000000000000000e+02 0.000000000000000000e+00
9.265000000000000000e+02 0.000000000000000000e+00
9.270000000000000000e+02 0.000000000000000000e+00
9.275000000000000000e+02 0.000000000000000000e+00
9.280000000000000000e+02 0.000000000000000000e+00
9.285000000000000000e+02 0.000000000000000000e+00
9.290000000000000000e+02 0.000000000000000000e+00
9.295000000000000000e+02 0.000000000000000000e+00
9.300000000000000000e+02 0.000000000000000000e+00
9.305000000000000000e+02 0.000000000000000000e+00
9.310000000000000000e+02 0.000000000000000000e+00
9.315000000000000000e+02 0.000000000000000000e+00
9.320000000000000000e+02 0.000000000000000000e+00
9.325000000000000000e+02 0.000000000000000000e+00
9.330000000000000000e+02 0.000000000000000000e+00
9.335000000000000000e+02 0.000000000000000000e+00
9.340000000000000000e+02 0.000000000000000000e+00
9.345000000000000000e+02 0.000000000000000000e+00
9.350000000000000000e+02 0.000000000000000000e+00
9.355000000000000000e+02 0.000000000000000000e+00
9.360000000000000000e+02 0.000000000000000000e+00
9.365000000000000000e+02 0.000000000000000000e+00
9.370000000000000000e+02 0.000000000000000000e+00
9.375000000000000000e+02 0.000000000000000000e+00
9.380000000000000000e+02 0.000000000000000000e+00
9.385000000000000000e+02 0.000000000000000000e+00
9.390000000000000000e+02 0.000000000000000000e+00
9.395000000000000000e+02 0.000000000000000000e+00
9.400000000000000000e+02 0.000000000000000000e+00
9.405000000000000000e+02 0.000000000000000000e+00
9.410000000000000000e+02 0.000000000000000000e+00
9.415000000000000000e+02 0.000000000000000000e+00
9.420000000000000000e+02 0.000000000000000000e+00
9.425000000000000000e+02 0.000000000000000000e+00
9.430000000000000000e+02 0.000000000000000000e+00
9.435000000000000000e+02 0.000000000000000000e+00
9.440000000000000000e+02 0.000000000000000000e+00
9.445000000000000000e+02 0.000000000000000000e+00
9.450000000000000000e+02 0.000000000000000000e+00
9.455000000000000000e+02 0.000000000000000000e+00
9.460000000000000000e+02 0.000000000000000000e+00
9.465000000000000000e+02 0.000000000000000000e+00
9.470000000000000000e+02 0.000000000000000000e+00
9.475000000000000000e+02 0.000000000000000000e+00
9.480000000000000000e+02 0.000000000000000000e+00
9.485000000000000000e+02 0.000000000000000000e+00
9.490000000000000000e+02 0.000000000000000000e+00
9.495000000000000000e+02 0.000000000000000000e+00
9.500000000000000000e+02 0.000000000000000000e+00
9.505000000000000000e+02 0.000000000000000000e+00
9.510000000000000000e+02 0.000000000000000000e+00
9.515000000000000000e+02 0.000000000000000000e+00
9.520000000000000000e+02 0.000000000000000000e+00
9.525000000000000000e+02 0.000000000000000000e+00
9.530000000000000000e+02 0.000000000000000000e+00
9.535000000000000000e+02 0.000000000000000000e+00
9.540000000000000000e+02 0.000000000000000000e+00
9.545000000000000000e+02 0.000000000000000000e+00
9.550000000000000000e+02 0.000000000000000000e+00
9.555000000000000000e+02 0.000000000000000000e+00
9.560000000000000000e+02 0.000000000000000000e+00
9.565000000000000000e+02 0.000000000000000000e+00
9.570000000000000000e+02 0.000000000000000000e+00
9.575000000000000000e+02 0.000000000000000000e+00
9.580000000000000000e+02 0.000000000000000000e+00
9.585000000000000000e+02 0.000000000000000000e+00
9.590000000000000000e+02 0.000000000000000000e+00
9.595000000000000000e+02 0.000000000000000000e+00
9.600000000000000000e+02 0.000000000000000000e+00
9.605000000000000000e+02 0.000000000000000000e+00
9.610000000000000000e+02 0.000000000000000000e+00
9.615000000000000000e+02 0.000000000000000000e+00
9.620000000000000000e+02 0.000000000000000000e+00
9.625000000000000000e+02 0.000000000000000000e+00
9.630000000000000000e+02 0.000000000000000000e+00
9.635000000000000000e+02 0.000000000000000000e+00
9.640000000000000000e+02 0.000000000000000000e+00
9.645000000000000000e+02 0.000000000000000000e+00
9.650000000000000000e+02 0.000000000000000000e+00
9.655000000000000000e+02 0.000000000000000000e+00
9.660000000000000000e+02 0.000000000000000000e+00
9.665000000000000000e+02 0.000000000000000000e+00
9.670000000000000000e+02 0.000000000000000000e+00
9.675000000000000000e+02 0.000000000000000000e+00
9.680000000000000000e+02 0.000000000000000000e+00
9.685000000000000000e+02 0.000000000000000000e+00
9.690000000000000000e+02 0.000000000000000000e+00
9.695000000000000000e+02 0.000000000000000000e+00
9.700000000000000000e+02 0.000000000000000000e+00
9.705000000000000000e+02 0.000000000000000000e+00
9.710000000000000000e+02 0.000000000000000000e+00
9.715000000000000000e+02 0.000000000000000000e+00
9.720000000000000000e+02 0.000000000000000000e+00
9.725000000000000000e+02 0.000000000000000000e+00
9.730000000000000000e+02 0.000000000000000000e+00
9.735000000000000000e+02 0.000000000000000000e+00
9.740000000000000000e+02 0.000000000000000000e+00
9.745000000000000000e+02 0.000000000000000000e+00
9.750000000000000000e+02 0.000000000000000000e+00
9.755000000000000000e+02 0.000000000000000000e+00
9.760000000000000000e+02 0.000000000000000000e+00
9.765000000000000000e+02 0.000000000000000000e+00
9.770000000000000000e+02 0.000000000000000000e+00
9.775000000000000000e+02 0.000000000000000000e+00
9.780000000000000000e+02 0.000000000000000000e+00
9.785000000000000000e+02 0.000000000000000000e+00
9.790000000000000000e+02 0.000000000000000000e+00
9.795000000000000000e+02 0.000000000000000000e+00
9.800000000000000000e+02 0.000000000000000000e+00
9.805000000000000000e+02 0.000000000000000000e+00
9.810000000000000000e+02 0.000000000000000000e+00
9.815000000000000000e+02 0.000000000000000000e+00
9.820000000000000000e+02 0.000000000000000000e+00
9.825000000000000000e+02 0.000000000000000000e+00
9.830000000000000000e+02 0.000000000000000000e+00
9.835000000000000000e+02 0.000000000000000000e+00
9.840000000000000000e+02 0.000000000000000000e+00
9.845000000000000000e+02 0.000000000000000000e+00
9.850000000000000000e+02 0.000000000000000000e+00
9.855000000000000000e+02 0.000000000000000000e+00
9.860000000000000000e+02 0.000000000000000000e+00
9.865000000000000000e+02 0.000000000000000000e+00
9.870000000000000000e+02 0.000000000000000000e+00
9.875000000000000000e+02 0.000000000000000000e+00
9.880000000000000000e+02 0.000000000000000000e+00
9.885000000000000000e+02 0.000000000000000000e+00
9.890000000000000000e+02 0.000000000000000000e+00
9.895000000000000000e+02 0.000000000000000000e+00
9.900000000000000000e+02 0.000000000000000000e+00
9.905000000000000000e+02 0.000000000000000000e+00
9.910000000000000000e+02 0.000000000000000000e+00
9.915000000000000000e+02 0.000000000000000000e+00
9.920000000000000000e+02 0.000000000000000000e+00
9.925000000000000000e+02 0.000000000000000000e+00
9.930000000000000000e+02 0.000000000000000000e+00
9.935000000000000000e+02 0.000000000000000000e+00
9.940000000000000000e+02 0.000000000000000000e+00
9.945000000000000000e+02 0.000000000000000000e+00
9.950000000000000000e+02 0.000000000000000000e+00
9.955000000000000000e+02 0.000000000000000000e+00
9.960000000000000000e+02 0.000000000000000000e+00
9.965000000000000000e+02 0.000000000000000000e+00
9.970000000000000000e+02 0.000000000000000000e+00
9.975000000000000000e+02 0.000000000000000000e+00
9.980000000000000000e+02 0.000000000000000000e+00
9.985000000000000000e+02 0.000000000000000000e+00
9.990000000000000000e+02 0.000000000000000000e+00
9.995000000000000000e+02 0.000000000000000000e+00
1.000000000000000000e+03 0.000000000000000000e+00
1.000500000000000000e+03 0.000000000000000000e+00
1.001000000000000000e+03 0.000000000000000000e+00
1.001500000000000000e+03 0.000000000000000000e+00
1.002000000000000000e+03 0.000000000000000000e+00
1.002500000000000000e+03 0.000000000000000000e+00
1.003000000000000000e+03 0.000000000000000000e+00
1.003500000000000000e+03 0.000000000000000000e+00
1.004000000000000000e+03 0.000000000000000000e+00
1.004500000000000000e+03 0.000000000000000000e+00
1.005000000000000000e+03 0.000000000000000000e+00
1.005500000000000000e+03 0.000000000000000000e+00
1.006000000000000000e+03 0.000000000000000000e+00
1.006500000000000000e+03 0.000000000000000000e+00
1.007000000000000000e+03 0.000000000000000000e+00
1.007500000000000000e+03 0.000000000000000000e+00
1.008000000000000000e+03 0.000000000000000000e+00
1.008500000000000000e+03 0.000000000000000000e+00
1.009000000000000000e+03 0.000000000000000000e+00
1.009500000000000000e+03 0.000000000000000000e+00
1.010000000000000000e+03 0.000000000000000000e+00
1.010500000000000000e+03 0.000000000000000000e+00
1.011000000000000000e+03 0.000000000000000000e+00
1.011500000000000000e+03 0.000000000000000000e+00
1.012000000000000000e+03 0.000000000000000000e+00
1.012500000000000000e+03 0.000000000000000000e+00
1.013000000000000000e+03 0.000000000000000000e+00
1.013500000000000000e+03 0.000000000000000000e+00
1.014000000000000000e+03 0.000000000000000000e+00
1.014500000000000000e+03 0.000000000000000000e+00
1.015000000000000000e+03 0.000000000000000000e+00
1.015500000000000000e+03 0.000000000000000000e+00
1.016000000000000000e+03 0.000000000000000000e+00
1.016500000000000000e+03 0.000000000000000000e+00
1.017000000000000000e+03 0.000000000000000000e+00
1.017500000000000000e+03 0.000000000000000000e+00
1.018000000000000000e+03 0.000000000000000000e+00
1.018500000000000000e+03 0.000000000000000000e+00
1.019000000000000000e+03 0.000000000000000000e+00
1.019500000000000000e+03 0.000000000000000000e+00
1.020000000000000000e+03 0.000000000000000000e+00
1.020500000000000000e+03 0.000000000000000000e+00
1.021000000000000000e+03 0.000000000000000000e+00
1.021500000000000000e+03 0.000000000000000000e+00
1.022000000000000000e+03 0.000000000000000000e+00
1.022500000000000000e+03 0.000000000000000000e+00
1.023000000000000000e+03 0.000000000000000000e+00
1.023500000000000000e+03 0.000000000000000000e+00
1.024000000000000000e+03 0.000000000000000000e+00
1.024500000000000000e+03 0.000000000000000000e+00
1.025000000000000000e+03 0.000000000000000000e+00
1.025500000000000000e+03 0.000000000000000000e+00
1.026000000000000000e+03 0.000000000000000000e+00
1.026500000000000000e+03 0.000000000000000000e+00
1.027000000000000000e+03 0.000000000000000000e+00
1.027500000000000000e+03 0.000000000000000000e+00
1.028000000000000000e+03 0.000000000000000000e+00
1.028500000000000000e+03 0.000000000000000000e+00
1.029000000000000000e+03 0.000000000000000000e+00
1.029500000000000000e+03 0.000000000000000000e+00
1.030000000000000000e+03 0.000000000000000000e+00
1.030500000000000000e+03 3.181519999999999856e-04
1.031000000000000000e+03 0.000000000000000000e+00
1.031500000000000000e+03 0.000000000000000000e+00
1.032000000000000000e+03 0.000000000000000000e+00
1.032500000000000000e+03 0.000000000000000000e+00
1.033000000000000000e+03 0.000000000000000000e+00
1.033500000000000000e+03 0.000000000000000000e+00
1.034000000000000000e+03 0.000000000000000000e+00
1.034500000000000000e+03 0.000000000000000000e+00
1.035000000000000000e+03 0.000000000000000000e+00
1.035500000000000000e+03 0.000000000000000000e+00
1.036000000000000000e+03 0.000000000000000000e+00
1.036500000000000000e+03 0.000000000000000000e+00
1.037000000000000000e+03 0.000000000000000000e+00
1.037500000000000000e+03 0.000000000000000000e+00
1.038000000000000000e+03 0.000000000000000000e+00
1.038500000000000000e+03 0.000000000000000000e+00
1.039000000000000000e+03 0.000000000000000000e+00
1.039500000000000000e+03 0.000000000000000000e+00
1.040000000000000000e+03 0.000000000000000000e+00
1.040500000000000000e+03 0.000000000000000000e+00
1.041000000000000000e+03 0.000000000000000000e+00
1.041500000000000000e+03 0.000000000000000000e+00
1.042000000000000000e+03 0.000000000000000000e+00
1.042500000000000000e+03 0.000000000000000000e+00
1.043000000000000000e+03 0.000000000000000000e+00
1.043500000000000000e+03 0.000000000000000000e+00
1.044000000000000000e+03 0.000000000000000000e+00
1.044500000000000000e+03 0.000000000000000000e+00
1.045000000000000000e+03 0.000000000000000000e+00
1.045500000000000000e+03 0.000000000000000000e+00
1.046000000000000000e+03 0.000000000000000000e+00
1.046500000000000000e+03 0.000000000000000000e+00
1.047000000000000000e+03 0.000000000000000000e+00
1.047500000000000000e+03 0.000000000000000000e+00
1.048000000000000000e+03 0.000000000000000000e+00
1.048500000000000000e+03 0.000000000000000000e+00
1.049000000000000000e+03 0.000000000000000000e+00
1.049500000000000000e+03 0.000000000000000000e+00
1.050000000000000000e+03 0.000000000000000000e+00
1.050500000000000000e+03 0.000000000000000000e+00
1.051000000000000000e+03 0.000000000000000000e+00
1.051500000000000000e+03 0.000000000000000000e+00
1.052000000000000000e+03 0.000000000000000000e+00
1.052500000000000000e+03 0.000000000000000000e+00
1.053000000000000000e+03 0.000000000000000000e+00
1.053500000000000000e+03 0.000000000000000000e+00
1.054000000000000000e+03 0.000000000000000000e+00
1.054500000000000000e+03 0.000000000000000000e+00
1.055000000000000000e+03 0.000000000000000000e+00
1.055500000000000000e+03 0.000000000000000000e+00
1.056000000000000000e+03 0.000000000000000000e+00
1.056500000000000000e+03 0.000000000000000000e+00
1.057000000000000000e+03 0.000000000000000000e+00
1.057500000000000000e+03 0.000000000000000000e+00
1.058000000000000000e+03 0.000000000000000000e+00
1.058500000000000000e+03 0.000000000000000000e+00
1.059000000000000000e+03 0.000000000000000000e+00
1.059500000000000000e+03 0.000000000000000000e+00
1.060000000000000000e+03 0.000000000000000000e+00
1.060500000000000000e+03 0.000000000000000000e+00
1.061000000000000000e+03 0.000000000000000000e+00
1.061500000000000000e+03 0.000000000000000000e+00
1.062000000000000000e+03 0.000000000000000000e+00
1.062500000000000000e+03 0.000000000000000000e+00
1.063000000000000000e+03 0.000000000000000000e+00
1.063500000000000000e+03 0.000000000000000000e+00
1.064000000000000000e+03 0.000000000000000000e+00
1.064500000000000000e+03 0.000000000000000000e+00
1.065000000000000000e+03 0.000000000000000000e+00
1.065500000000000000e+03 0.000000000000000000e+00
1.066000000000000000e+03 0.000000000000000000e+00
1.066500000000000000e+03 0.000000000000000000e+00
1.067000000000000000e+03 0.000000000000000000e+00
1.067500000000000000e+03 0.000000000000000000e+00
1.068000000000000000e+03 0.000000000000000000e+00
1.068500000000000000e+03 0.000000000000000000e+00
1.069000000000000000e+03 0.000000000000000000e+00
1.069500000000000000e+03 0.000000000000000000e+00
1.070000000000000000e+03 0.000000000000000000e+00
1.070500000000000000e+03 0.000000000000000000e+00
1.071000000000000000e+03 0.000000000000000000e+00
1.071500000000000000e+03 0.000000000000000000e+00
1.072000000000000000e+03 0.000000000000000000e+00
1.072500000000000000e+03 0.000000000000000000e+00
1.073000000000000000e+03 0.000000000000000000e+00
1.073500000000000000e+03 0.000000000000000000e+00
1.074000000000000000e+03 0.000000000000000000e+00
1.074500000000000000e+03 0.000000000000000000e+00
1.075000000000000000e+03 0.000000000000000000e+00
1.075500000000000000e+03 0.000000000000000000e+00
1.076000000000000000e+03 0.000000000000000000e+00
1.076500000000000000e+03 0.000000000000000000e+00
1.077000000000000000e+03 0.000000000000000000e+00
1.077500000000000000e+03 0.000000000000000000e+00
1.078000000000000000e+03 0.000000000000000000e+00
1.078500000000000000e+03 0.000000000000000000e+00
1.079000000000000000e+03 0.000000000000000000e+00
1.079500000000000000e+03 0.000000000000000000e+00
1.080000000000000000e+03 0.000000000000000000e+00
1.080500000000000000e+03 0.000000000000000000e+00
1.081000000000000000e+03 0.000000000000000000e+00
1.081500000000000000e+03 0.000000000000000000e+00
1.082000000000000000e+03 0.000000000000000000e+00
1.082500000000000000e+03 0.000000000000000000e+00
1.083000000000000000e+03 0.000000000000000000e+00
1.083500000000000000e+03 0.000000000000000000e+00
1.084000000000000000e+03 0.000000000000000000e+00
1.084500000000000000e+03 0.000000000000000000e+00
1.085000000000000000e+03 0.000000000000000000e+00
1.085500000000000000e+03 0.000000000000000000e+00
1.086000000000000000e+03 0.000000000000000000e+00
1.086500000000000000e+03 0.000000000000000000e+00
1.087000000000000000e+03 0.000000000000000000e+00
1.087500000000000000e+03 0.000000000000000000e+00
1.088000000000000000e+03 0.000000000000000000e+00
1.088500000000000000e+03 0.000000000000000000e+00
1.089000000000000000e+03 0.000000000000000000e+00
1.089500000000000000e+03 0.000000000000000000e+00
1.090000000000000000e+03 0.000000000000000000e+00
1.090500000000000000e+03 0.000000000000000000e+00
1.091000000000000000e+03 0.000000000000000000e+00
1.091500000000000000e+03 0.000000000000000000e+00
1.092000000000000000e+03 0.000000000000000000e+00
1.092500000000000000e+03 0.000000000000000000e+00
1.093000000000000000e+03 0.000000000000000000e+00
1.093500000000000000e+03 0.000000000000000000e+00
1.094000000000000000e+03 0.000000000000000000e+00
1.094500000000000000e+03 0.000000000000000000e+00
1.095000000000000000e+03 0.000000000000000000e+00
1.095500000000000000e+03 0.000000000000000000e+00
1.096000000000000000e+03 0.000000000000000000e+00
1.096500000000000000e+03 0.000000000000000000e+00
1.097000000000000000e+03 0.000000000000000000e+00
1.097500000000000000e+03 0.000000000000000000e+00
1.098000000000000000e+03 0.000000000000000000e+00
1.098500000000000000e+03 0.000000000000000000e+00
1.099000000000000000e+03 0.000000000000000000e+00
1.099500000000000000e+03 0.000000000000000000e+00
1.100000000000000000e+03 0.000000000000000000e+00
