wavelength	relativeIntensity
2.000000000000000000e+02 0.000000000000000000e+00
2.005000000000000000e+02 1.555390999999999935e-03
2.010000000000000000e+02 1.068684999999999991e-03
2.015000000000000000e+02 8.837600000000000360e-04
2.020000000000000000e+02 1.056454000000000074e-03
2.025000000000000000e+02 7.445639999999999680e-04
2.030000000000000000e+02 1.200153000000000027e-03
2.035000000000000000e+02 1.362228999999999957e-03
2.040000000000000000e+02 7.975000000000000318e-04
2.045000000000000000e+02 1.278877000000000095e-03
2.050000000000000000e+02 0.000000000000000000e+00
2.055000000000000000e+02 1.907849000000000090e-03
2.060000000000000000e+02 6.469919999999999881e-04
2.065000000000000000e+02 1.114594000000000001e-03
2.070000000000000000e+02 2.442262000000000165e-03
2.075000000000000000e+02 7.146879999999999986e-04
2.080000000000000000e+02 0.000000000000000000e+00
2.085000000000000000e+02 1.255421000000000054e-03
2.090000000000000000e+02 3.876530000000000102e-04
2.095000000000000000e+02 0.000000000000000000e+00
2.100000000000000000e+02 2.758829999999999876e-04
2.105000000000000000e+02 1.029895000000000073e-03
2.110000000000000000e+02 2.839999999999999914e-05
2.115000000000000000e+02 0.000000000000000000e+00
2.120000000000000000e+02 7.669999999999999409e-05
2.125000000000000000e+02 5.795299999999999757e-04
2.130000000000000000e+02 0.000000000000000000e+00
2.135000000000000000e+02 4.084790000000000035e-04
2.140000000000000000e+02 1.545006999999999934e-03
2.145000000000000000e+02 0.000000000000000000e+00
2.150000000000000000e+02 0.000000000000000000e+00
2.155000000000000000e+02 5.656829999999999845e-04
2.160000000000000000e+02 0.000000000000000000e+00
2.165000000000000000e+02 4.069999999999999996e-06
2.170000000000000000e+02 9.889899999999999212e-04
2.175000000000000000e+02 1.983453999999999946e-03
2.180000000000000000e+02 0.000000000000000000e+00
2.185000000000000000e+02 0.000000000000000000e+00
2.190000000000000000e+02 4.053850000000000227e-04
2.195000000000000000e+02 0.000000000000000000e+00
2.200000000000000000e+02 8.284559999999999841e-04
2.205000000000000000e+02 0.000000000000000000e+00
2.210000000000000000e+02 0.000000000000000000e+00
2.215000000000000000e+02 2.501240000000000060e-04
2.220000000000000000e+02 2.965670000000000220e-04
2.225000000000000000e+02 0.000000000000000000e+00
2.230000000000000000e+02 7.113640000000000284e-04
2.235000000000000000e+02 9.160000000000000390e-05
2.240000000000000000e+02 1.585271999999999983e-03
2.245000000000000000e+02 1.208307000000000044e-03
2.250000000000000000e+02 7.689840000000000087e-04
2.255000000000000000e+02 5.617000000000000465e-04
2.260000000000000000e+02 6.475400000000000513e-04
2.265000000000000000e+02 0.000000000000000000e+00
2.270000000000000000e+02 8.967110000000000141e-04
2.275000000000000000e+02 7.552589999999999868e-04
2.280000000000000000e+02 1.281115999999999895e-03
2.285000000000000000e+02 1.356795000000000050e-03
2.290000000000000000e+02 0.000000000000000000e+00
2.295000000000000000e+02 4.300080000000000070e-04
2.300000000000000000e+02 4.701059999999999744e-04
2.305000000000000000e+02 8.886630000000000397e-04
2.310000000000000000e+02 1.268142000000000097e-03
2.315000000000000000e+02 8.339999999999999432e-05
2.320000000000000000e+02 9.776489999999999226e-04
2.325000000000000000e+02 1.200447000000000103e-03
2.330000000000000000e+02 1.170169999999999945e-04
2.335000000000000000e+02 3.423449999999999757e-04
2.340000000000000000e+02 4.206969999999999872e-04
2.345000000000000000e+02 7.107949999999999598e-04
2.350000000000000000e+02 3.621890000000000114e-04
2.355000000000000000e+02 4.376280000000000187e-04
2.360000000000000000e+02 7.214469999999999520e-04
2.365000000000000000e+02 5.158590000000000224e-04
2.370000000000000000e+02 1.349605000000000032e-03
2.375000000000000000e+02 0.000000000000000000e+00
2.380000000000000000e+02 1.143036999999999959e-03
2.385000000000000000e+02 0.000000000000000000e+00
2.390000000000000000e+02 0.000000000000000000e+00
2.395000000000000000e+02 0.000000000000000000e+00
2.400000000000000000e+02 0.000000000000000000e+00
2.405000000000000000e+02 1.213790000000000046e-04
2.410000000000000000e+02 4.619790000000000029e-04
2.415000000000000000e+02 9.367169999999999967e-04
2.420000000000000000e+02 0.000000000000000000e+00
2.425000000000000000e+02 3.929730000000000202e-04
2.430000000000000000e+02 7.301369999999999518e-04
2.435000000000000000e+02 1.339033000000000107e-03
2.440000000000000000e+02 0.000000000000000000e+00
2.445000000000000000e+02 7.908929999999999780e-04
2.450000000000000000e+02 0.000000000000000000e+00
2.455000000000000000e+02 3.290000000000000010e-05
2.460000000000000000e+02 4.825179999999999769e-04
2.465000000000000000e+02 9.656929999999999984e-04
2.470000000000000000e+02 1.962130000000000135e-04
2.475000000000000000e+02 6.550000000000000646e-05
2.480000000000000000e+02 0.000000000000000000e+00
2.485000000000000000e+02 0.000000000000000000e+00
2.490000000000000000e+02 0.000000000000000000e+00
2.495000000000000000e+02 0.000000000000000000e+00
2.500000000000000000e+02 0.000000000000000000e+00
2.505000000000000000e+02 5.693000000000000144e-04
2.510000000000000000e+02 0.000000000000000000e+00
2.515000000000000000e+02 1.143972999999999952e-03
2.520000000000000000e+02 0.000000000000000000e+00
2.525000000000000000e+02 5.622910000000000278e-04
2.530000000000000000e+02 0.000000000000000000e+00
2.535000000000000000e+02 0.000000000000000000e+00
2.540000000000000000e+02 3.699999999999999811e-05
2.545000000000000000e+02 3.556020000000000014e-04
2.550000000000000000e+02 0.000000000000000000e+00
2.555000000000000000e+02 1.860000000000000149e-05
2.560000000000000000e+02 2.735920000000000192e-04
2.565000000000000000e+02 5.958069999999999556e-04
2.570000000000000000e+02 3.918910000000000058e-04
2.575000000000000000e+02 0.000000000000000000e+00
2.580000000000000000e+02 1.777799999999999953e-04
2.585000000000000000e+02 0.000000000000000000e+00
2.590000000000000000e+02 0.000000000000000000e+00
2.595000000000000000e+02 7.591160000000000008e-04
2.600000000000000000e+02 0.000000000000000000e+00
2.605000000000000000e+02 4.929109999999999568e-04
2.610000000000000000e+02 0.000000000000000000e+00
2.615000000000000000e+02 0.000000000000000000e+00
2.620000000000000000e+02 2.098280000000000110e-04
2.625000000000000000e+02 0.000000000000000000e+00
2.630000000000000000e+02 1.887249999999999930e-04
2.635000000000000000e+02 0.000000000000000000e+00
2.640000000000000000e+02 0.000000000000000000e+00
2.645000000000000000e+02 0.000000000000000000e+00
2.650000000000000000e+02 0.000000000000000000e+00
2.655000000000000000e+02 0.000000000000000000e+00
2.660000000000000000e+02 1.310493000000000031e-03
2.665000000000000000e+02 3.433539999999999791e-04
2.670000000000000000e+02 1.433774999999999980e-03
2.675000000000000000e+02 0.000000000000000000e+00
2.680000000000000000e+02 0.000000000000000000e+00
2.685000000000000000e+02 0.000000000000000000e+00
2.690000000000000000e+02 7.849999999999999380e-06
2.695000000000000000e+02 0.000000000000000000e+00
2.700000000000000000e+02 0.000000000000000000e+00
2.705000000000000000e+02 0.000000000000000000e+00
2.710000000000000000e+02 0.000000000000000000e+00
2.715000000000000000e+02 1.291390000000000116e-04
2.720000000000000000e+02 0.000000000000000000e+00
2.725000000000000000e+02 0.000000000000000000e+00
2.730000000000000000e+02 8.050000000000000515e-05
2.735000000000000000e+02 1.241534000000000084e-03
2.740000000000000000e+02 7.988340000000000024e-04
2.745000000000000000e+02 3.481159999999999853e-04
2.750000000000000000e+02 5.277870000000000478e-04
2.755000000000000000e+02 9.045330000000000080e-04
2.760000000000000000e+02 1.027729999999999920e-03
2.765000000000000000e+02 4.306310000000000042e-04
2.770000000000000000e+02 1.292334000000000017e-03
2.775000000000000000e+02 8.034890000000000044e-04
2.780000000000000000e+02 1.701390000000000053e-04
2.785000000000000000e+02 6.605779999999999898e-04
2.790000000000000000e+02 0.000000000000000000e+00
2.795000000000000000e+02 5.899999999999999754e-05
2.800000000000000000e+02 6.291009999999999658e-04
2.805000000000000000e+02 8.453939999999999632e-04
2.810000000000000000e+02 6.182139999999999597e-04
2.815000000000000000e+02 0.000000000000000000e+00
2.820000000000000000e+02 0.000000000000000000e+00
2.825000000000000000e+02 9.007940000000000088e-04
2.830000000000000000e+02 7.628580000000000473e-04
2.835000000000000000e+02 4.701710000000000221e-04
2.840000000000000000e+02 0.000000000000000000e+00
2.845000000000000000e+02 0.000000000000000000e+00
2.850000000000000000e+02 0.000000000000000000e+00
2.855000000000000000e+02 0.000000000000000000e+00
2.860000000000000000e+02 1.146860000000000061e-04
2.865000000000000000e+02 0.000000000000000000e+00
2.870000000000000000e+02 0.000000000000000000e+00
2.875000000000000000e+02 6.626600000000000285e-04
2.880000000000000000e+02 1.846423000000000031e-03
2.885000000000000000e+02 1.146756000000000077e-03
2.890000000000000000e+02 0.000000000000000000e+00
2.895000000000000000e+02 3.932110000000000271e-04
2.900000000000000000e+02 1.404969999999999960e-03
2.905000000000000000e+02 0.000000000000000000e+00
2.910000000000000000e+02 1.462149999999999951e-03
2.915000000000000000e+02 0.000000000000000000e+00
2.920000000000000000e+02 0.000000000000000000e+00
2.925000000000000000e+02 0.000000000000000000e+00
2.930000000000000000e+02 5.959890000000000023e-04
2.935000000000000000e+02 3.302809999999999774e-04
2.940000000000000000e+02 8.839829999999999693e-04
2.945000000000000000e+02 1.572020000000000036e-04
2.950000000000000000e+02 0.000000000000000000e+00
2.955000000000000000e+02 0.000000000000000000e+00
2.960000000000000000e+02 0.000000000000000000e+00
2.965000000000000000e+02 0.000000000000000000e+00
2.970000000000000000e+02 4.930769999999999684e-04
2.975000000000000000e+02 3.335459999999999944e-04
2.980000000000000000e+02 1.816280000000000032e-04
2.985000000000000000e+02 5.317419999999999786e-04
2.990000000000000000e+02 7.048360000000000259e-04
2.995000000000000000e+02 6.859999999999999753e-07
3.000000000000000000e+02 6.835110000000000361e-04
3.005000000000000000e+02 0.000000000000000000e+00
3.010000000000000000e+02 0.000000000000000000e+00
3.015000000000000000e+02 0.000000000000000000e+00
3.020000000000000000e+02 0.000000000000000000e+00
3.025000000000000000e+02 1.262955000000000067e-03
3.030000000000000000e+02 1.939069999999999986e-04
3.035000000000000000e+02 0.000000000000000000e+00
3.040000000000000000e+02 0.000000000000000000e+00
3.045000000000000000e+02 2.839270000000000075e-04
3.050000000000000000e+02 3.250799999999999979e-04
3.055000000000000000e+02 0.000000000000000000e+00
3.060000000000000000e+02 0.000000000000000000e+00
3.065000000000000000e+02 1.203070000000000094e-03
3.070000000000000000e+02 8.509999999999999498e-05
3.075000000000000000e+02 0.000000000000000000e+00
3.080000000000000000e+02 0.000000000000000000e+00
3.085000000000000000e+02 0.000000000000000000e+00
3.090000000000000000e+02 2.919280000000000009e-04
3.095000000000000000e+02 4.561449999999999771e-04
3.100000000000000000e+02 0.000000000000000000e+00
3.105000000000000000e+02 6.015429999999999562e-04
3.110000000000000000e+02 0.000000000000000000e+00
3.115000000000000000e+02 0.000000000000000000e+00
3.120000000000000000e+02 7.630379999999999541e-04
3.125000000000000000e+02 0.000000000000000000e+00
3.130000000000000000e+02 4.989999999999999997e-05
3.135000000000000000e+02 0.000000000000000000e+00
3.140000000000000000e+02 1.423180000000000018e-04
3.145000000000000000e+02 0.000000000000000000e+00
3.150000000000000000e+02 0.000000000000000000e+00
3.155000000000000000e+02 0.000000000000000000e+00
3.160000000000000000e+02 0.000000000000000000e+00
3.165000000000000000e+02 0.000000000000000000e+00
3.170000000000000000e+02 6.196269999999999816e-04
3.175000000000000000e+02 4.808459999999999969e-04
3.180000000000000000e+02 0.000000000000000000e+00
3.185000000000000000e+02 0.000000000000000000e+00
3.190000000000000000e+02 0.000000000000000000e+00
3.195000000000000000e+02 0.000000000000000000e+00
3.200000000000000000e+02 0.000000000000000000e+00
3.205000000000000000e+02 1.068156000000000010e-03
3.210000000000000000e+02 0.000000000000000000e+00
3.215000000000000000e+02 0.000000000000000000e+00
3.220000000000000000e+02 0.000000000000000000e+00
3.225000000000000000e+02 0.000000000000000000e+00
3.230000000000000000e+02 0.000000000000000000e+00
3.235000000000000000e+02 5.125839999999999563e-04
3.240000000000000000e+02 5.644909999999999728e-04
3.245000000000000000e+02 6.814609999999999591e-04
3.250000000000000000e+02 0.000000000000000000e+00
3.255000000000000000e+02 2.484349999999999753e-04
3.260000000000000000e+02 0.000000000000000000e+00
3.265000000000000000e+02 0.000000000000000000e+00
3.270000000000000000e+02 1.290000000000000016e-05
3.275000000000000000e+02 0.000000000000000000e+00
3.280000000000000000e+02 9.371559999999999700e-04
3.285000000000000000e+02 0.000000000000000000e+00
3.290000000000000000e+02 0.000000000000000000e+00
3.295000000000000000e+02 6.551880000000000160e-04
3.300000000000000000e+02 1.516170000000000061e-03
3.305000000000000000e+02 4.310000000000000239e-06
3.310000000000000000e+02 0.000000000000000000e+00
3.315000000000000000e+02 4.834989999999999731e-04
3.320000000000000000e+02 1.270000000000000038e-05
3.325000000000000000e+02 0.000000000000000000e+00
3.330000000000000000e+02 2.225209999999999927e-04
3.335000000000000000e+02 0.000000000000000000e+00
3.340000000000000000e+02 2.460000000000000164e-06
3.345000000000000000e+02 1.773280000000000071e-04
3.350000000000000000e+02 1.325254000000000102e-03
3.355000000000000000e+02 1.331919999999999892e-03
3.360000000000000000e+02 1.034208999999999910e-03
3.365000000000000000e+02 0.000000000000000000e+00
3.370000000000000000e+02 0.000000000000000000e+00
3.375000000000000000e+02 2.028549999999999950e-04
3.380000000000000000e+02 1.140570000000000039e-03
3.385000000000000000e+02 6.237740000000000081e-04
3.390000000000000000e+02 1.003352000000000107e-03
3.395000000000000000e+02 1.702839999999999953e-03
3.400000000000000000e+02 1.095372999999999963e-03
3.405000000000000000e+02 1.338482999999999904e-03
3.410000000000000000e+02 1.583893000000000063e-03
3.415000000000000000e+02 1.277235999999999953e-03
3.420000000000000000e+02 1.153851000000000009e-03
3.425000000000000000e+02 2.080345999999999845e-03
3.430000000000000000e+02 2.020343999999999873e-03
3.435000000000000000e+02 1.213962999999999978e-03
3.440000000000000000e+02 1.588137000000000099e-03
3.445000000000000000e+02 2.147270000000000060e-04
3.450000000000000000e+02 7.129480000000000322e-04
3.455000000000000000e+02 1.653135000000000021e-03
3.460000000000000000e+02 1.591455000000000083e-03
3.465000000000000000e+02 1.277244999999999986e-03
3.470000000000000000e+02 2.159334000000000166e-03
3.475000000000000000e+02 6.491210000000000079e-04
3.480000000000000000e+02 1.404967000000000021e-03
3.485000000000000000e+02 9.629820000000000307e-04
3.490000000000000000e+02 0.000000000000000000e+00
3.495000000000000000e+02 1.198311000000000081e-03
3.500000000000000000e+02 9.167799999999999604e-04
3.505000000000000000e+02 1.676240000000000065e-03
3.510000000000000000e+02 1.674446000000000007e-03
3.515000000000000000e+02 2.419877999999999873e-03
3.520000000000000000e+02 1.737690999999999975e-03
3.525000000000000000e+02 7.873659999999999557e-04
3.530000000000000000e+02 2.868648000000000118e-03
3.535000000000000000e+02 1.814978000000000077e-03
3.540000000000000000e+02 2.352612999999999926e-03
3.545000000000000000e+02 2.341178000000000183e-03
3.550000000000000000e+02 1.678419999999999912e-03
3.555000000000000000e+02 2.316068000000000120e-03
3.560000000000000000e+02 1.750842000000000067e-03
3.565000000000000000e+02 1.885558999999999976e-03
3.570000000000000000e+02 1.206620999999999952e-03
3.575000000000000000e+02 2.345695999999999979e-03
3.580000000000000000e+02 1.888670999999999970e-03
3.585000000000000000e+02 5.546639999999999600e-04
3.590000000000000000e+02 2.176118999999999797e-03
3.595000000000000000e+02 2.101028000000000010e-03
3.600000000000000000e+02 5.891400000000000413e-04
3.605000000000000000e+02 1.548441999999999917e-03
3.610000000000000000e+02 1.414929000000000100e-03
3.615000000000000000e+02 1.616145999999999945e-03
3.620000000000000000e+02 1.481588000000000046e-03
3.625000000000000000e+02 1.621664999999999999e-03
3.630000000000000000e+02 1.621807999999999974e-03
3.635000000000000000e+02 3.084033999999999821e-03
3.640000000000000000e+02 2.519312000000000114e-03
3.645000000000000000e+02 2.786203000000000117e-03
3.650000000000000000e+02 2.708457999999999959e-03
3.655000000000000000e+02 4.083170000000000007e-04
3.660000000000000000e+02 3.092339999999999846e-03
3.665000000000000000e+02 1.072227999999999940e-03
3.670000000000000000e+02 9.846639999999998952e-04
3.675000000000000000e+02 1.387629999999999994e-04
3.680000000000000000e+02 2.260561999999999815e-03
3.685000000000000000e+02 3.702469999999999806e-04
3.690000000000000000e+02 1.211894999999999943e-03
3.695000000000000000e+02 2.729313000000000138e-03
3.700000000000000000e+02 2.379894000000000020e-03
3.705000000000000000e+02 2.713806000000000031e-03
3.710000000000000000e+02 2.505154999999999795e-03
3.715000000000000000e+02 2.097298999999999951e-03
3.720000000000000000e+02 5.234249999999999970e-04
3.725000000000000000e+02 1.992878999999999918e-03
3.730000000000000000e+02 3.059793999999999795e-03
3.735000000000000000e+02 2.271603000000000077e-03
3.740000000000000000e+02 2.056203999999999844e-03
3.745000000000000000e+02 9.363239999999999888e-04
3.750000000000000000e+02 1.426441999999999988e-03
3.755000000000000000e+02 2.048382000000000067e-03
3.760000000000000000e+02 2.867379000000000195e-03
3.765000000000000000e+02 3.337070000000000140e-03
3.770000000000000000e+02 2.784678999999999974e-03
3.775000000000000000e+02 2.979757999999999886e-03
3.780000000000000000e+02 3.239820000000000026e-03
3.785000000000000000e+02 1.497389000000000012e-03
3.790000000000000000e+02 1.786042000000000055e-03
3.795000000000000000e+02 3.141875000000000136e-03
3.800000000000000000e+02 3.629509999999999854e-03
3.805000000000000000e+02 2.699546000000000150e-03
3.810000000000000000e+02 2.623921999999999886e-03
3.815000000000000000e+02 2.338818999999999794e-03
3.820000000000000000e+02 2.334675999999999939e-03
3.825000000000000000e+02 1.780794000000000040e-03
3.830000000000000000e+02 1.575222000000000037e-03
3.835000000000000000e+02 2.186434000000000120e-03
3.840000000000000000e+02 1.155496999999999904e-03
3.845000000000000000e+02 2.013267000000000008e-03
3.850000000000000000e+02 1.938803000000000011e-03
3.855000000000000000e+02 2.295034000000000050e-03
3.860000000000000000e+02 1.151923999999999917e-03
3.865000000000000000e+02 3.912897999999999724e-03
3.870000000000000000e+02 2.773904000000000213e-03
3.875000000000000000e+02 3.114965999999999829e-03
3.880000000000000000e+02 1.581755999999999917e-03
3.885000000000000000e+02 2.338152999999999933e-03
3.890000000000000000e+02 1.787621000000000088e-03
3.895000000000000000e+02 2.217473000000000187e-03
3.900000000000000000e+02 2.457047999999999871e-03
3.905000000000000000e+02 2.090031999999999914e-03
3.910000000000000000e+02 3.232680999999999836e-03
3.915000000000000000e+02 3.575114999999999803e-03
3.920000000000000000e+02 1.727889999999999938e-03
3.925000000000000000e+02 2.286928000000000138e-03
3.930000000000000000e+02 2.281491000000000074e-03
3.935000000000000000e+02 1.864376000000000054e-03
3.940000000000000000e+02 1.589715000000000008e-03
3.945000000000000000e+02 7.226459999999999655e-04
3.950000000000000000e+02 2.172470000000000130e-03
3.955000000000000000e+02 2.023949000000000147e-03
3.960000000000000000e+02 2.521102999999999799e-03
3.965000000000000000e+02 2.300518000000000094e-03
3.970000000000000000e+02 3.768992999999999996e-03
3.975000000000000000e+02 2.289570999999999794e-03
3.980000000000000000e+02 3.248937999999999826e-03
3.985000000000000000e+02 3.371750000000000181e-03
3.990000000000000000e+02 2.550030999999999912e-03
3.995000000000000000e+02 2.613982999999999845e-03
4.000000000000000000e+02 3.037577000000000072e-03
4.005000000000000000e+02 1.953770999999999980e-03
4.010000000000000000e+02 2.445782000000000077e-03
4.015000000000000000e+02 2.227821999999999962e-03
4.020000000000000000e+02 2.014586000000000068e-03
4.025000000000000000e+02 3.664928000000000023e-03
4.030000000000000000e+02 3.067335999999999934e-03
4.035000000000000000e+02 2.399258999999999940e-03
4.040000000000000000e+02 2.391541999999999973e-03
4.045000000000000000e+02 2.170403999999999910e-03
4.050000000000000000e+02 2.937607999999999973e-03
4.055000000000000000e+02 3.062328999999999919e-03
4.060000000000000000e+02 1.747092000000000003e-03
4.065000000000000000e+02 2.191001000000000146e-03
4.070000000000000000e+02 1.967848999999999814e-03
4.075000000000000000e+02 3.610809999999999888e-03
4.080000000000000000e+02 3.305248000000000214e-03
4.085000000000000000e+02 1.397528000000000095e-03
4.090000000000000000e+02 2.325325000000000048e-03
4.095000000000000000e+02 1.534764000000000093e-03
4.100000000000000000e+02 1.827290999999999985e-03
4.105000000000000000e+02 1.968896999999999835e-03
4.110000000000000000e+02 1.752108999999999958e-03
4.115000000000000000e+02 1.680878999999999924e-03
4.120000000000000000e+02 2.760368999999999930e-03
4.125000000000000000e+02 3.750511000000000209e-03
4.130000000000000000e+02 4.087030000000000177e-03
4.135000000000000000e+02 3.122119999999999930e-03
4.140000000000000000e+02 2.676959000000000023e-03
4.145000000000000000e+02 2.992925000000000012e-03
4.150000000000000000e+02 3.475113000000000160e-03
4.155000000000000000e+02 1.688290999999999967e-03
4.160000000000000000e+02 2.122510000000000195e-03
4.165000000000000000e+02 3.903203000000000054e-03
4.170000000000000000e+02 1.686947999999999963e-03
4.175000000000000000e+02 2.842487999999999786e-03
4.180000000000000000e+02 2.060306999999999937e-03
4.185000000000000000e+02 1.180999999999999975e-03
4.190000000000000000e+02 2.624744999999999943e-03
4.195000000000000000e+02 2.470711999999999908e-03
4.200000000000000000e+02 1.982475000000000036e-03
4.205000000000000000e+02 1.694484000000000008e-03
4.210000000000000000e+02 2.502241000000000101e-03
4.215000000000000000e+02 1.112930000000000039e-03
4.220000000000000000e+02 1.979269999999999988e-03
4.225000000000000000e+02 2.612493000000000020e-03
4.230000000000000000e+02 2.130387999999999987e-03
4.235000000000000000e+02 2.143933000000000210e-03
4.240000000000000000e+02 2.505456000000000089e-03
4.245000000000000000e+02 2.132508999999999880e-03
4.250000000000000000e+02 1.983679999999999818e-03
4.255000000000000000e+02 3.402624999999999834e-03
4.260000000000000000e+02 1.770695000000000081e-03
4.265000000000000000e+02 1.774710000000000090e-03
4.270000000000000000e+02 2.809372999999999992e-03
4.275000000000000000e+02 2.798238000000000201e-03
4.280000000000000000e+02 2.787155999999999835e-03
4.285000000000000000e+02 1.627142000000000041e-03
4.290000000000000000e+02 2.125365000000000153e-03
4.295000000000000000e+02 3.450052999999999800e-03
4.300000000000000000e+02 1.329104999999999913e-03
4.305000000000000000e+02 1.925092999999999900e-03
4.310000000000000000e+02 2.951680999999999836e-03
4.315000000000000000e+02 3.597336000000000023e-03
4.320000000000000000e+02 9.069269999999999719e-04
4.325000000000000000e+02 2.706066999999999934e-03
4.330000000000000000e+02 1.843985999999999932e-03
4.335000000000000000e+02 3.383229000000000184e-03
4.340000000000000000e+02 3.433073999999999935e-03
4.345000000000000000e+02 2.898249999999999785e-03
4.350000000000000000e+02 3.259989999999999936e-03
4.355000000000000000e+02 1.852829999999999972e-03
4.360000000000000000e+02 1.997766000000000212e-03
4.365000000000000000e+02 2.503365000000000017e-03
4.370000000000000000e+02 2.929699999999999926e-03
4.375000000000000000e+02 2.707600000000000111e-03
4.380000000000000000e+02 3.768787000000000005e-03
4.385000000000000000e+02 3.261186000000000119e-03
4.390000000000000000e+02 3.955387000000000312e-03
4.395000000000000000e+02 1.780626999999999904e-03
4.400000000000000000e+02 2.012145999999999813e-03
4.405000000000000000e+02 3.582650000000000157e-03
4.410000000000000000e+02 3.051565000000000007e-03
4.415000000000000000e+02 4.008104000000000181e-03
4.420000000000000000e+02 3.923796000000000228e-03
4.425000000000000000e+02 2.298357999999999911e-03
4.430000000000000000e+02 3.026749999999999927e-03
4.435000000000000000e+02 3.093886000000000119e-03
4.440000000000000000e+02 2.145938999999999919e-03
4.445000000000000000e+02 2.721804999999999884e-03
4.450000000000000000e+02 3.436802000000000086e-03
4.455000000000000000e+02 2.499065999999999874e-03
4.460000000000000000e+02 1.426104999999999994e-03
4.465000000000000000e+02 2.066951000000000031e-03
4.470000000000000000e+02 2.300019999999999842e-03
4.475000000000000000e+02 3.301989999999999873e-03
4.480000000000000000e+02 3.071560999999999996e-03
4.485000000000000000e+02 1.567119999999999971e-03
4.490000000000000000e+02 2.988941000000000167e-03
4.495000000000000000e+02 3.060109000000000093e-03
4.500000000000000000e+02 3.205409000000000209e-03
4.505000000000000000e+02 3.869638999999999805e-03
4.510000000000000000e+02 2.828150000000000195e-03
4.515000000000000000e+02 2.529813000000000114e-03
4.520000000000000000e+02 2.675629000000000115e-03
4.525000000000000000e+02 3.188350999999999859e-03
4.530000000000000000e+02 1.717673000000000073e-03
4.535000000000000000e+02 3.035424000000000108e-03
4.540000000000000000e+02 2.302292999999999961e-03
4.545000000000000000e+02 1.864236999999999925e-03
4.550000000000000000e+02 3.173740999999999889e-03
4.555000000000000000e+02 3.244074999999999910e-03
4.560000000000000000e+02 3.313364000000000066e-03
4.565000000000000000e+02 3.600161000000000160e-03
4.570000000000000000e+02 3.813351999999999888e-03
4.575000000000000000e+02 3.089786000000000182e-03
4.580000000000000000e+02 3.447180000000000209e-03
4.585000000000000000e+02 2.941610999999999792e-03
4.590000000000000000e+02 2.867877999999999920e-03
4.595000000000000000e+02 3.368446000000000200e-03
4.600000000000000000e+02 2.721881000000000213e-03
4.605000000000000000e+02 3.648992000000000208e-03
4.610000000000000000e+02 5.182029999999999796e-03
4.615000000000000000e+02 5.597630999999999614e-03
4.620000000000000000e+02 4.303025000000000252e-03
4.625000000000000000e+02 3.617445999999999856e-03
4.630000000000000000e+02 6.034468000000000297e-03
4.635000000000000000e+02 4.367732000000000038e-03
4.640000000000000000e+02 5.796439999999999926e-03
4.645000000000000000e+02 5.865356000000000389e-03
4.650000000000000000e+02 7.889392999999999753e-03
4.655000000000000000e+02 7.204430999999999856e-03
4.660000000000000000e+02 7.196636000000000179e-03
4.665000000000000000e+02 9.358375999999999847e-03
4.670000000000000000e+02 1.054440199999999959e-02
4.675000000000000000e+02 1.232057400000000080e-02
4.680000000000000000e+02 1.312689000000000043e-02
4.685000000000000000e+02 1.608684299999999998e-02
4.690000000000000000e+02 1.718678300000000062e-02
4.695000000000000000e+02 1.960691800000000096e-02
4.700000000000000000e+02 2.380677700000000119e-02
4.705000000000000000e+02 2.658503300000000097e-02
4.710000000000000000e+02 3.142155700000000274e-02
4.715000000000000000e+02 3.625679400000000191e-02
4.720000000000000000e+02 4.392932399999999876e-02
4.725000000000000000e+02 5.263655300000000259e-02
4.730000000000000000e+02 5.984113700000000258e-02
4.735000000000000000e+02 7.109980300000000308e-02
4.740000000000000000e+02 8.574200399999999667e-02
4.745000000000000000e+02 1.016168590000000038e-01
4.750000000000000000e+02 1.222751440000000023e-01
4.755000000000000000e+02 1.448626219999999964e-01
4.760000000000000000e+02 1.768216489999999974e-01
4.765000000000000000e+02 2.156529580000000057e-01
4.770000000000000000e+02 2.619352340000000168e-01
4.775000000000000000e+02 3.176616429999999935e-01
4.780000000000000000e+02 3.863662179999999835e-01
4.785000000000000000e+02 4.747672980000000043e-01
4.790000000000000000e+02 5.783324840000000355e-01
4.795000000000000000e+02 7.108396289999999729e-01
4.800000000000000000e+02 8.725535869999999639e-01
4.805000000000000000e+02 1.064752936000000094e+00
4.810000000000000000e+02 1.307706118000000028e+00
4.815000000000000000e+02 1.595857142999999922e+00
4.820000000000000000e+02 1.943384170999999938e+00
4.825000000000000000e+02 2.370754718999999788e+00
4.830000000000000000e+02 2.872772217000000072e+00
4.835000000000000000e+02 3.464089631999999863e+00
4.840000000000000000e+02 4.167230606000000392e+00
4.845000000000000000e+02 4.966032505000000263e+00
4.850000000000000000e+02 5.919353485000000248e+00
4.855000000000000000e+02 6.992929458999999959e+00
4.860000000000000000e+02 8.217963218999999597e+00
4.865000000000000000e+02 9.620521545000000785e+00
4.870000000000000000e+02 1.114160155999999979e+01
4.875000000000000000e+02 1.281472300999999980e+01
4.880000000000000000e+02 1.471142292000000040e+01
4.885000000000000000e+02 1.669654845999999893e+01
4.890000000000000000e+02 1.889259338000000099e+01
4.895000000000000000e+02 2.120778274999999979e+01
4.900000000000000000e+02 2.362485313000000176e+01
4.905000000000000000e+02 2.618263625999999888e+01
4.910000000000000000e+02 2.877396965000000151e+01
4.915000000000000000e+02 3.142494201999999959e+01
4.920000000000000000e+02 3.422417830999999921e+01
4.925000000000000000e+02 3.695867538000000252e+01
4.930000000000000000e+02 3.977479172000000318e+01
4.935000000000000000e+02 4.255845261000000335e+01
4.940000000000000000e+02 4.528088378999999719e+01
4.945000000000000000e+02 4.806955718999999760e+01
4.950000000000000000e+02 5.073743438999999711e+01
4.955000000000000000e+02 5.331735610999999864e+01
4.960000000000000000e+02 5.595597075999999959e+01
4.965000000000000000e+02 5.834102630999999661e+01
4.970000000000000000e+02 6.068194961999999748e+01
4.975000000000000000e+02 6.298374557000000351e+01
4.980000000000000000e+02 6.514392852999999661e+01
4.985000000000000000e+02 6.726944733000000554e+01
4.990000000000000000e+02 6.921595001000000025e+01
4.995000000000000000e+02 7.108501434000000074e+01
5.000000000000000000e+02 7.284253692999999430e+01
5.005000000000000000e+02 7.446763611000000083e+01
5.010000000000000000e+02 7.599686432000000025e+01
5.015000000000000000e+02 7.743934631000000479e+01
5.020000000000000000e+02 7.880669403000000273e+01
5.025000000000000000e+02 8.006488036999999736e+01
5.030000000000000000e+02 8.124348449999999389e+01
5.035000000000000000e+02 8.232234191999999950e+01
5.040000000000000000e+02 8.338137054000000603e+01
5.045000000000000000e+02 8.429095458999999835e+01
5.050000000000000000e+02 8.516732788000000198e+01
5.055000000000000000e+02 8.601041411999999298e+01
5.060000000000000000e+02 8.671925353999999686e+01
5.065000000000000000e+02 8.742018889999999942e+01
5.070000000000000000e+02 8.803078460999999777e+01
5.075000000000000000e+02 8.863916779000000190e+01
5.080000000000000000e+02 8.917706298999999603e+01
5.085000000000000000e+02 8.966380309999999554e+01
5.090000000000000000e+02 9.010810089000000289e+01
5.095000000000000000e+02 9.051336670000000595e+01
5.100000000000000000e+02 9.090045166000000165e+01
5.105000000000000000e+02 9.124517821999999967e+01
5.110000000000000000e+02 9.154041290000000686e+01
5.115000000000000000e+02 9.185337067000000388e+01
5.120000000000000000e+02 9.212495422000000644e+01
5.125000000000000000e+02 9.234123993000000041e+01
5.130000000000000000e+02 9.257933807000000570e+01
5.135000000000000000e+02 9.279024506000000372e+01
5.140000000000000000e+02 9.296917725000000132e+01
5.145000000000000000e+02 9.311759186000000454e+01
5.150000000000000000e+02 9.325953674000000149e+01
5.155000000000000000e+02 9.338522338999999306e+01
5.160000000000000000e+02 9.350623321999999860e+01
5.165000000000000000e+02 9.360092926000000091e+01
5.170000000000000000e+02 9.369736480999999628e+01
5.175000000000000000e+02 9.376205444000000000e+01
5.180000000000000000e+02 9.384767150999999785e+01
5.185000000000000000e+02 9.389930725000000677e+01
5.190000000000000000e+02 9.393641662999999653e+01
5.195000000000000000e+02 9.398028564000000529e+01
5.200000000000000000e+02 9.404483795000000157e+01
5.205000000000000000e+02 9.407440185999999471e+01
5.210000000000000000e+02 9.410150145999999438e+01
5.215000000000000000e+02 9.412832641999999339e+01
5.220000000000000000e+02 9.411099242999999603e+01
5.225000000000000000e+02 9.410169983000000116e+01
5.230000000000000000e+02 9.409174346999999727e+01
5.235000000000000000e+02 9.409336853000000644e+01
5.240000000000000000e+02 9.408493042000000628e+01
5.245000000000000000e+02 9.403474425999999653e+01
5.250000000000000000e+02 9.398947144000000264e+01
5.255000000000000000e+02 9.398835753999999554e+01
5.260000000000000000e+02 9.394245911000000149e+01
5.265000000000000000e+02 9.390195464999999331e+01
5.270000000000000000e+02 9.384949493000000587e+01
5.275000000000000000e+02 9.380600739000000488e+01
5.280000000000000000e+02 9.375413512999999455e+01
5.285000000000000000e+02 9.371824646000000314e+01
5.290000000000000000e+02 9.363430022999999380e+01
5.295000000000000000e+02 9.360139465000000314e+01
5.300000000000000000e+02 9.352339172000000644e+01
5.305000000000000000e+02 9.346012115000000620e+01
5.310000000000000000e+02 9.338285827999999356e+01
5.315000000000000000e+02 9.330584717000000694e+01
5.320000000000000000e+02 9.320334624999999562e+01
5.325000000000000000e+02 9.313159942999999430e+01
5.330000000000000000e+02 9.302169800000000066e+01
5.335000000000000000e+02 9.295490264999999397e+01
5.340000000000000000e+02 9.283392333999999835e+01
5.345000000000000000e+02 9.271817780000000653e+01
5.350000000000000000e+02 9.264871979000000124e+01
5.355000000000000000e+02 9.252713013000000331e+01
5.360000000000000000e+02 9.242010498000000496e+01
5.365000000000000000e+02 9.231174468999999760e+01
5.370000000000000000e+02 9.218958281999999826e+01
5.375000000000000000e+02 9.206368256000000372e+01
5.380000000000000000e+02 9.193492888999999479e+01
5.385000000000000000e+02 9.181449127000000487e+01
5.390000000000000000e+02 9.169980621000000554e+01
5.395000000000000000e+02 9.156217956999999785e+01
5.400000000000000000e+02 9.140821837999999389e+01
5.405000000000000000e+02 9.127336121000000446e+01
5.410000000000000000e+02 9.112490081999999347e+01
5.415000000000000000e+02 9.094870758000000421e+01
5.420000000000000000e+02 9.079370117000000562e+01
5.425000000000000000e+02 9.064783477999999661e+01
5.430000000000000000e+02 9.049147034000000644e+01
5.435000000000000000e+02 9.030392455999999868e+01
5.440000000000000000e+02 9.014329528999999752e+01
5.445000000000000000e+02 8.999219512999999893e+01
5.450000000000000000e+02 8.978933716000000231e+01
5.455000000000000000e+02 8.963648224000000653e+01
5.460000000000000000e+02 8.944308472000000165e+01
5.465000000000000000e+02 8.925012207000000330e+01
5.470000000000000000e+02 8.908204650999999785e+01
5.475000000000000000e+02 8.886943053999999620e+01
5.480000000000000000e+02 8.868076324000000454e+01
5.485000000000000000e+02 8.847526550000000611e+01
5.490000000000000000e+02 8.826218414000000223e+01
5.495000000000000000e+02 8.806379699999999389e+01
5.500000000000000000e+02 8.783351134999999488e+01
5.505000000000000000e+02 8.761248779000000297e+01
5.510000000000000000e+02 8.737770080999999323e+01
5.515000000000000000e+02 8.715773772999999380e+01
5.520000000000000000e+02 8.692105103000000099e+01
5.525000000000000000e+02 8.666313171000000182e+01
5.530000000000000000e+02 8.643718719000000306e+01
5.535000000000000000e+02 8.617847442999999430e+01
5.540000000000000000e+02 8.593344116000000099e+01
5.545000000000000000e+02 8.569258118000000479e+01
5.550000000000000000e+02 8.542190551999999570e+01
5.555000000000000000e+02 8.516398621000000446e+01
5.560000000000000000e+02 8.490670013000000438e+01
5.565000000000000000e+02 8.462279510000000471e+01
5.570000000000000000e+02 8.434403992000000017e+01
5.575000000000000000e+02 8.409331511999999975e+01
5.580000000000000000e+02 8.378134154999999339e+01
5.585000000000000000e+02 8.351097869999999546e+01
5.590000000000000000e+02 8.321211243000000479e+01
5.595000000000000000e+02 8.292044067000000496e+01
5.600000000000000000e+02 8.260502624999999455e+01
5.605000000000000000e+02 8.229939269999999851e+01
5.610000000000000000e+02 8.200279236000000083e+01
5.615000000000000000e+02 8.167664336999999364e+01
5.620000000000000000e+02 8.133264923000000124e+01
5.625000000000000000e+02 8.103628539999999703e+01
5.630000000000000000e+02 8.069631194999999479e+01
5.635000000000000000e+02 8.036809540000000140e+01
5.640000000000000000e+02 8.002459717000000694e+01
5.645000000000000000e+02 7.968193053999999620e+01
5.650000000000000000e+02 7.934845733999999595e+01
5.655000000000000000e+02 7.899034881999999413e+01
5.660000000000000000e+02 7.864210509999999488e+01
5.665000000000000000e+02 7.824949646000000314e+01
5.670000000000000000e+02 7.788956450999999959e+01
5.675000000000000000e+02 7.753103638000000331e+01
5.680000000000000000e+02 7.714204406999999719e+01
5.685000000000000000e+02 7.677945708999999397e+01
5.690000000000000000e+02 7.637065886999999975e+01
5.695000000000000000e+02 7.599425506999999413e+01
5.700000000000000000e+02 7.560439300999999546e+01
5.705000000000000000e+02 7.523031616000000099e+01
5.710000000000000000e+02 7.480906677000000116e+01
5.715000000000000000e+02 7.440753936999999496e+01
5.720000000000000000e+02 7.399610900999999785e+01
5.725000000000000000e+02 7.358251190000000008e+01
5.730000000000000000e+02 7.319715881000000479e+01
5.735000000000000000e+02 7.275607300000000066e+01
5.740000000000000000e+02 7.233641052000000116e+01
5.745000000000000000e+02 7.191138458000000355e+01
5.750000000000000000e+02 7.146160125999999480e+01
5.755000000000000000e+02 7.101899718999999322e+01
5.760000000000000000e+02 7.057722472999999752e+01
5.765000000000000000e+02 7.013635254000000430e+01
5.770000000000000000e+02 6.968399048000000562e+01
5.775000000000000000e+02 6.922498321999999860e+01
5.780000000000000000e+02 6.877945708999999397e+01
5.785000000000000000e+02 6.832111358999999595e+01
5.790000000000000000e+02 6.783309174000000041e+01
5.795000000000000000e+02 6.740032195999999942e+01
5.800000000000000000e+02 6.691707610999999645e+01
5.805000000000000000e+02 6.643858337000000347e+01
5.810000000000000000e+02 6.599272156000000678e+01
5.815000000000000000e+02 6.548167419000000677e+01
5.820000000000000000e+02 6.499062347000000273e+01
5.825000000000000000e+02 6.452198792000000083e+01
5.830000000000000000e+02 6.401839447000000405e+01
5.835000000000000000e+02 6.355472945999999723e+01
5.840000000000000000e+02 6.305037689000000256e+01
5.845000000000000000e+02 6.252296447999999884e+01
5.850000000000000000e+02 6.203679275999999732e+01
5.855000000000000000e+02 6.151489638999999698e+01
5.860000000000000000e+02 6.100577163999999897e+01
5.865000000000000000e+02 6.052293015000000054e+01
5.870000000000000000e+02 6.001616287000000227e+01
5.875000000000000000e+02 5.951968383999999901e+01
5.880000000000000000e+02 5.896548461999999802e+01
5.885000000000000000e+02 5.844565201000000343e+01
5.890000000000000000e+02 5.793376540999999946e+01
5.895000000000000000e+02 5.743334961000000050e+01
5.900000000000000000e+02 5.689231872999999950e+01
5.905000000000000000e+02 5.635796356000000173e+01
5.910000000000000000e+02 5.581464766999999938e+01
5.915000000000000000e+02 5.531253815000000174e+01
5.920000000000000000e+02 5.477048873999999756e+01
5.925000000000000000e+02 5.423473740000000021e+01
5.930000000000000000e+02 5.372424697999999665e+01
5.935000000000000000e+02 5.315848160000000178e+01
5.940000000000000000e+02 5.263497162000000174e+01
5.945000000000000000e+02 5.211079025000000087e+01
5.950000000000000000e+02 5.154794311999999934e+01
5.955000000000000000e+02 5.102602767999999855e+01
5.960000000000000000e+02 5.049496460000000297e+01
5.965000000000000000e+02 4.994016265999999860e+01
5.970000000000000000e+02 4.939841842999999955e+01
5.975000000000000000e+02 4.885216903999999971e+01
5.980000000000000000e+02 4.831216812000000260e+01
5.985000000000000000e+02 4.778041840000000207e+01
5.990000000000000000e+02 4.722030258000000202e+01
5.995000000000000000e+02 4.670011519999999905e+01
6.000000000000000000e+02 4.615642548000000289e+01
6.005000000000000000e+02 4.562159728999999686e+01
6.010000000000000000e+02 4.510167313000000178e+01
6.015000000000000000e+02 4.454005813999999930e+01
6.020000000000000000e+02 4.400843811000000017e+01
6.025000000000000000e+02 4.347232437000000260e+01
6.030000000000000000e+02 4.291197205000000281e+01
6.035000000000000000e+02 4.239346313000000066e+01
6.040000000000000000e+02 4.186786270000000343e+01
6.045000000000000000e+02 4.132099151999999975e+01
6.050000000000000000e+02 4.079430770999999822e+01
6.055000000000000000e+02 4.026528931000000000e+01
6.060000000000000000e+02 3.972542191000000145e+01
6.065000000000000000e+02 3.921229552999999868e+01
6.070000000000000000e+02 3.865452575999999851e+01
6.075000000000000000e+02 3.813853455000000281e+01
6.080000000000000000e+02 3.761058426000000310e+01
6.085000000000000000e+02 3.706977844000000033e+01
6.090000000000000000e+02 3.656022644000000099e+01
6.095000000000000000e+02 3.604383468999999707e+01
6.100000000000000000e+02 3.551765823000000211e+01
6.105000000000000000e+02 3.500779342999999955e+01
6.110000000000000000e+02 3.447874832000000112e+01
6.115000000000000000e+02 3.398717498999999975e+01
6.120000000000000000e+02 3.347045134999999760e+01
6.125000000000000000e+02 3.295908736999999888e+01
6.130000000000000000e+02 3.244970322000000351e+01
6.135000000000000000e+02 3.195314407000000045e+01
6.140000000000000000e+02 3.145994186000000070e+01
6.145000000000000000e+02 3.096417809000000076e+01
6.150000000000000000e+02 3.046535491999999934e+01
6.155000000000000000e+02 2.998902512000000087e+01
6.160000000000000000e+02 2.950261306999999888e+01
6.165000000000000000e+02 2.900625228999999905e+01
6.170000000000000000e+02 2.853107071000000161e+01
6.175000000000000000e+02 2.804386901999999893e+01
6.180000000000000000e+02 2.757245255000000128e+01
6.185000000000000000e+02 2.711061477999999880e+01
6.190000000000000000e+02 2.664542769999999905e+01
6.195000000000000000e+02 2.620016097999999971e+01
6.200000000000000000e+02 2.573279761999999948e+01
6.205000000000000000e+02 2.527009582999999893e+01
6.210000000000000000e+02 2.482754325999999878e+01
6.215000000000000000e+02 2.437682724000000078e+01
6.220000000000000000e+02 2.393500328000000010e+01
6.225000000000000000e+02 2.351421738000000161e+01
6.230000000000000000e+02 2.307086371999999841e+01
6.235000000000000000e+02 2.264685249000000056e+01
6.240000000000000000e+02 2.222656822000000076e+01
6.245000000000000000e+02 2.180422782999999853e+01
6.250000000000000000e+02 2.139551544000000050e+01
6.255000000000000000e+02 2.098151207000000085e+01
6.260000000000000000e+02 2.056886672999999988e+01
6.265000000000000000e+02 2.017553519999999878e+01
6.270000000000000000e+02 1.977576256000000043e+01
6.275000000000000000e+02 1.938134765999999942e+01
6.280000000000000000e+02 1.899664496999999841e+01
6.285000000000000000e+02 1.860237503000000103e+01
6.290000000000000000e+02 1.823073387000000167e+01
6.295000000000000000e+02 1.785336875999999862e+01
6.300000000000000000e+02 1.747761154000000161e+01
6.305000000000000000e+02 1.711199570000000136e+01
6.310000000000000000e+02 1.674389457999999919e+01
6.315000000000000000e+02 1.639802360999999919e+01
6.320000000000000000e+02 1.605159378000000103e+01
6.325000000000000000e+02 1.569801997999999976e+01
6.330000000000000000e+02 1.535726069999999943e+01
6.335000000000000000e+02 1.502117347999999986e+01
6.340000000000000000e+02 1.468571281000000006e+01
6.345000000000000000e+02 1.436459731999999967e+01
6.350000000000000000e+02 1.404292582999999972e+01
6.355000000000000000e+02 1.373028563999999996e+01
6.360000000000000000e+02 1.341743278999999944e+01
6.365000000000000000e+02 1.310345650000000006e+01
6.370000000000000000e+02 1.281057548999999973e+01
6.375000000000000000e+02 1.251053523999999939e+01
6.380000000000000000e+02 1.221404839000000031e+01
6.385000000000000000e+02 1.193331242000000003e+01
6.390000000000000000e+02 1.163498116000000060e+01
6.395000000000000000e+02 1.135905265999999969e+01
6.400000000000000000e+02 1.108197688999999997e+01
6.405000000000000000e+02 1.081656933000000009e+01
6.410000000000000000e+02 1.055175685999999935e+01
6.415000000000000000e+02 1.029586029000000025e+01
6.420000000000000000e+02 1.003351020999999932e+01
6.425000000000000000e+02 9.785835265999999422e+00
6.430000000000000000e+02 9.535349846000000795e+00
6.435000000000000000e+02 9.292846680000000248e+00
6.440000000000000000e+02 9.059548378000000568e+00
6.445000000000000000e+02 8.821162224000000052e+00
6.450000000000000000e+02 8.600567818000000031e+00
6.455000000000000000e+02 8.377114296000000238e+00
6.460000000000000000e+02 8.151580811000000537e+00
6.465000000000000000e+02 7.941412925999999928e+00
6.470000000000000000e+02 7.730145931000000026e+00
6.475000000000000000e+02 7.523646355000000341e+00
6.480000000000000000e+02 7.322494507000000041e+00
6.485000000000000000e+02 7.114603995999999597e+00
6.490000000000000000e+02 6.924304961999999897e+00
6.495000000000000000e+02 6.734839916000000315e+00
6.500000000000000000e+02 6.542395114999999706e+00
6.505000000000000000e+02 6.363815783999999809e+00
6.510000000000000000e+02 6.184886456000000088e+00
6.515000000000000000e+02 6.007678508999999778e+00
6.520000000000000000e+02 5.839880942999999824e+00
6.525000000000000000e+02 5.661710261999999716e+00
6.530000000000000000e+02 5.499404430000000232e+00
6.535000000000000000e+02 5.342235565000000186e+00
6.540000000000000000e+02 5.183220862999999845e+00
6.545000000000000000e+02 5.034593582000000289e+00
6.550000000000000000e+02 4.884883881000000372e+00
6.555000000000000000e+02 4.736843108999999608e+00
6.560000000000000000e+02 4.596109867000000015e+00
6.565000000000000000e+02 4.456466674999999711e+00
6.570000000000000000e+02 4.324138641000000227e+00
6.575000000000000000e+02 4.192415236999999628e+00
6.580000000000000000e+02 4.061268329999999871e+00
6.585000000000000000e+02 3.938443184000000041e+00
6.590000000000000000e+02 3.814199448000000103e+00
6.595000000000000000e+02 3.698195934000000129e+00
6.600000000000000000e+02 3.582280159000000186e+00
6.605000000000000000e+02 3.465288876999999879e+00
6.610000000000000000e+02 3.358360767000000191e+00
6.615000000000000000e+02 3.248572349999999886e+00
6.620000000000000000e+02 3.139234303999999920e+00
6.625000000000000000e+02 3.040783404999999995e+00
6.630000000000000000e+02 2.939777374000000165e+00
6.635000000000000000e+02 2.842942714999999954e+00
6.640000000000000000e+02 2.752418040999999871e+00
6.645000000000000000e+02 2.660189629000000000e+00
6.650000000000000000e+02 2.572211026999999817e+00
6.655000000000000000e+02 2.487024306999999990e+00
6.660000000000000000e+02 2.400501966000000209e+00
6.665000000000000000e+02 2.321756839999999933e+00
6.670000000000000000e+02 2.241935015000000142e+00
6.675000000000000000e+02 2.163750171999999861e+00
6.680000000000000000e+02 2.091055154999999832e+00
6.685000000000000000e+02 2.018538712999999873e+00
6.690000000000000000e+02 1.948992132999999960e+00
6.695000000000000000e+02 1.881644725999999990e+00
6.700000000000000000e+02 1.815524101000000057e+00
6.705000000000000000e+02 1.752704143999999964e+00
6.710000000000000000e+02 1.689406275999999929e+00
6.715000000000000000e+02 1.626974939999999981e+00
6.720000000000000000e+02 1.569044231999999983e+00
6.725000000000000000e+02 1.512484788999999941e+00
6.730000000000000000e+02 1.458825110999999897e+00
6.735000000000000000e+02 1.405288219000000005e+00
6.740000000000000000e+02 1.351974130000000107e+00
6.745000000000000000e+02 1.304362655000000037e+00
6.750000000000000000e+02 1.254968762000000071e+00
6.755000000000000000e+02 1.209162830999999994e+00
6.760000000000000000e+02 1.162640928999999934e+00
6.765000000000000000e+02 1.118885040000000108e+00
6.770000000000000000e+02 1.076592683999999966e+00
6.775000000000000000e+02 1.036977290999999912e+00
6.780000000000000000e+02 9.979104399999999542e-01
6.785000000000000000e+02 9.609588390000000091e-01
6.790000000000000000e+02 9.251480699999999890e-01
6.795000000000000000e+02 8.895671960000000045e-01
6.800000000000000000e+02 8.545501229999999948e-01
6.805000000000000000e+02 8.205834629999999574e-01
6.810000000000000000e+02 7.870061990000000174e-01
6.815000000000000000e+02 7.580930000000000168e-01
6.820000000000000000e+02 7.275595070000000497e-01
6.825000000000000000e+02 6.999080180000000206e-01
6.830000000000000000e+02 6.718543169999999787e-01
6.835000000000000000e+02 6.434995529999999464e-01
6.840000000000000000e+02 6.185379030000000000e-01
6.845000000000000000e+02 5.939288139999999716e-01
6.850000000000000000e+02 5.686691400000000174e-01
6.855000000000000000e+02 5.461114049999999942e-01
6.860000000000000000e+02 5.237742659999999884e-01
6.865000000000000000e+02 5.023167130000000258e-01
6.870000000000000000e+02 4.831154349999999820e-01
6.875000000000000000e+02 4.623278379999999910e-01
6.880000000000000000e+02 4.429370759999999851e-01
6.885000000000000000e+02 4.262070059999999994e-01
6.890000000000000000e+02 4.063568410000000242e-01
6.895000000000000000e+02 3.909850120000000206e-01
6.900000000000000000e+02 3.746866879999999900e-01
6.905000000000000000e+02 3.579723539999999926e-01
6.910000000000000000e+02 3.437285720000000100e-01
6.915000000000000000e+02 3.281105759999999871e-01
6.920000000000000000e+02 3.150385319999999822e-01
6.925000000000000000e+02 3.019884829999999742e-01
6.930000000000000000e+02 2.878604830000000003e-01
6.935000000000000000e+02 2.751411799999999852e-01
6.940000000000000000e+02 2.641680840000000252e-01
6.945000000000000000e+02 2.514045839999999865e-01
6.950000000000000000e+02 2.410411389999999876e-01
6.955000000000000000e+02 2.310222979999999871e-01
6.960000000000000000e+02 2.209272979999999942e-01
6.965000000000000000e+02 2.108749000000000040e-01
6.970000000000000000e+02 2.014548780000000039e-01
6.975000000000000000e+02 1.914071139999999893e-01
6.980000000000000000e+02 1.841531550000000128e-01
6.985000000000000000e+02 1.767204850000000105e-01
6.990000000000000000e+02 1.678446229999999983e-01
6.995000000000000000e+02 1.618480379999999996e-01
7.000000000000000000e+02 1.542958319999999939e-01
7.005000000000000000e+02 1.476275469999999979e-01
7.010000000000000000e+02 1.405917849999999969e-01
7.015000000000000000e+02 1.349100769999999894e-01
7.020000000000000000e+02 1.288873550000000090e-01
7.025000000000000000e+02 1.230943349999999992e-01
7.030000000000000000e+02 1.158861290000000044e-01
7.035000000000000000e+02 1.115656790000000009e-01
7.040000000000000000e+02 1.064121719999999993e-01
7.045000000000000000e+02 1.017842439999999959e-01
7.050000000000000000e+02 9.750812500000000105e-02
7.055000000000000000e+02 9.241529599999999400e-02
7.060000000000000000e+02 8.877730400000000133e-02
7.065000000000000000e+02 8.372211499999999973e-02
7.070000000000000000e+02 8.066307799999999917e-02
7.075000000000000000e+02 7.602337000000000677e-02
7.080000000000000000e+02 7.262976499999999891e-02
7.085000000000000000e+02 6.942156700000000347e-02
7.090000000000000000e+02 6.488440199999999380e-02
7.095000000000000000e+02 6.347589200000000598e-02
7.100000000000000000e+02 5.972382400000000174e-02
7.105000000000000000e+02 5.700497300000000045e-02
7.110000000000000000e+02 5.576164299999999963e-02
7.115000000000000000e+02 5.191517999999999827e-02
7.120000000000000000e+02 4.969535399999999714e-02
7.125000000000000000e+02 4.642322699999999747e-02
7.130000000000000000e+02 4.547053899999999732e-02
7.135000000000000000e+02 4.427110399999999862e-02
7.140000000000000000e+02 4.126747699999999686e-02
7.145000000000000000e+02 3.915402700000000097e-02
7.150000000000000000e+02 3.734147499999999897e-02
7.155000000000000000e+02 3.623700500000000269e-02
7.160000000000000000e+02 3.316207599999999867e-02
7.165000000000000000e+02 3.119247600000000023e-02
7.170000000000000000e+02 3.010478100000000060e-02
7.175000000000000000e+02 2.999715099999999968e-02
7.180000000000000000e+02 2.807784799999999900e-02
7.185000000000000000e+02 2.589896900000000085e-02
7.190000000000000000e+02 2.373005300000000095e-02
7.195000000000000000e+02 2.310331900000000063e-02
7.200000000000000000e+02 2.272481800000000079e-02
7.205000000000000000e+02 2.044674599999999828e-02
7.210000000000000000e+02 2.108818700000000129e-02
7.215000000000000000e+02 2.016950400000000129e-02
7.220000000000000000e+02 1.978550299999999942e-02
7.225000000000000000e+02 1.773924400000000123e-02
7.230000000000000000e+02 1.730625100000000166e-02
7.235000000000000000e+02 1.595323300000000069e-02
7.240000000000000000e+02 1.540535099999999942e-02
7.245000000000000000e+02 1.602330800000000000e-02
7.250000000000000000e+02 1.438957700000000062e-02
7.255000000000000000e+02 1.236871900000000024e-02
7.260000000000000000e+02 1.132808299999999921e-02
7.265000000000000000e+02 1.081816900000000074e-02
7.270000000000000000e+02 1.050244799999999930e-02
7.275000000000000000e+02 1.127752100000000042e-02
7.280000000000000000e+02 8.693795000000000689e-03
7.285000000000000000e+02 1.005342600000000072e-02
7.290000000000000000e+02 9.066743999999999845e-03
7.295000000000000000e+02 7.776665999999999787e-03
7.300000000000000000e+02 8.614629000000000383e-03
7.305000000000000000e+02 6.935090999999999999e-03
7.310000000000000000e+02 7.131087000000000363e-03
7.315000000000000000e+02 6.988946000000000221e-03
7.320000000000000000e+02 5.904776999999999942e-03
7.325000000000000000e+02 6.090624999999999685e-03
7.330000000000000000e+02 5.867291000000000173e-03
7.335000000000000000e+02 5.635982999999999792e-03
7.340000000000000000e+02 5.330533999999999620e-03
7.345000000000000000e+02 6.047783999999999625e-03
7.350000000000000000e+02 4.326884999999999933e-03
7.355000000000000000e+02 4.763795000000000356e-03
7.360000000000000000e+02 4.664319999999999578e-03
7.365000000000000000e+02 4.007995999999999781e-03
7.370000000000000000e+02 3.059163000000000160e-03
7.375000000000000000e+02 3.146588999999999983e-03
7.380000000000000000e+02 3.716399000000000005e-03
7.385000000000000000e+02 3.655887000000000026e-03
7.390000000000000000e+02 3.411354000000000122e-03
7.395000000000000000e+02 1.326467999999999918e-03
7.400000000000000000e+02 1.871973999999999990e-03
7.405000000000000000e+02 2.569255999999999797e-03
7.410000000000000000e+02 1.737094999999999915e-03
7.415000000000000000e+02 3.714564999999999968e-03
7.420000000000000000e+02 2.197890999999999994e-03
7.425000000000000000e+02 1.534114999999999958e-03
7.430000000000000000e+02 3.024989000000000063e-03
7.435000000000000000e+02 1.668837999999999962e-03
7.440000000000000000e+02 1.946706000000000087e-03
7.445000000000000000e+02 2.722600999999999841e-03
7.450000000000000000e+02 1.386143000000000054e-03
7.455000000000000000e+02 1.670250999999999984e-03
7.460000000000000000e+02 2.006152000000000196e-03
7.465000000000000000e+02 2.213468000000000119e-03
7.470000000000000000e+02 2.700703999999999952e-03
7.475000000000000000e+02 2.019010999999999809e-03
7.480000000000000000e+02 1.111093999999999971e-03
7.485000000000000000e+02 7.503530000000000443e-04
7.490000000000000000e+02 1.742075999999999954e-03
7.495000000000000000e+02 3.358120000000000029e-04
7.500000000000000000e+02 9.979520000000000838e-04
7.505000000000000000e+02 2.016745999999999817e-03
7.510000000000000000e+02 1.052514000000000054e-03
7.515000000000000000e+02 6.957390000000000145e-04
7.520000000000000000e+02 2.242108000000000035e-03
7.525000000000000000e+02 1.604780000000000095e-03
7.530000000000000000e+02 0.000000000000000000e+00
7.535000000000000000e+02 0.000000000000000000e+00
7.540000000000000000e+02 4.519689999999999819e-04
7.545000000000000000e+02 1.333919000000000033e-03
7.550000000000000000e+02 3.555720000000000170e-04
7.555000000000000000e+02 0.000000000000000000e+00
7.560000000000000000e+02 0.000000000000000000e+00
7.565000000000000000e+02 0.000000000000000000e+00
7.570000000000000000e+02 0.000000000000000000e+00
7.575000000000000000e+02 1.816509999999999913e-03
7.580000000000000000e+02 5.832660000000000362e-04
7.585000000000000000e+02 1.056885999999999937e-03
7.590000000000000000e+02 8.384959999999999896e-04
7.595000000000000000e+02 0.000000000000000000e+00
7.600000000000000000e+02 6.446829999999999531e-04
7.605000000000000000e+02 0.000000000000000000e+00
7.610000000000000000e+02 2.545350000000000151e-04
7.615000000000000000e+02 0.000000000000000000e+00
7.620000000000000000e+02 0.000000000000000000e+00
7.625000000000000000e+02 4.212159999999999732e-04
7.630000000000000000e+02 3.365989999999999802e-04
7.635000000000000000e+02 0.000000000000000000e+00
7.640000000000000000e+02 0.000000000000000000e+00
7.645000000000000000e+02 0.000000000000000000e+00
7.650000000000000000e+02 0.000000000000000000e+00
7.655000000000000000e+02 3.778019999999999989e-04
7.660000000000000000e+02 0.000000000000000000e+00
7.665000000000000000e+02 0.000000000000000000e+00
7.670000000000000000e+02 5.220000000000000166e-05
7.675000000000000000e+02 0.000000000000000000e+00
7.680000000000000000e+02 0.000000000000000000e+00
7.685000000000000000e+02 0.000000000000000000e+00
7.690000000000000000e+02 0.000000000000000000e+00
7.695000000000000000e+02 0.000000000000000000e+00
7.700000000000000000e+02 0.000000000000000000e+00
7.705000000000000000e+02 0.000000000000000000e+00
7.710000000000000000e+02 0.000000000000000000e+00
7.715000000000000000e+02 0.000000000000000000e+00
7.720000000000000000e+02 0.000000000000000000e+00
7.725000000000000000e+02 0.000000000000000000e+00
7.730000000000000000e+02 0.000000000000000000e+00
7.735000000000000000e+02 0.000000000000000000e+00
7.740000000000000000e+02 9.950250000000000761e-04
7.745000000000000000e+02 0.000000000000000000e+00
7.750000000000000000e+02 0.000000000000000000e+00
7.755000000000000000e+02 0.000000000000000000e+00
7.760000000000000000e+02 0.000000000000000000e+00
7.765000000000000000e+02 0.000000000000000000e+00
7.770000000000000000e+02 0.000000000000000000e+00
7.775000000000000000e+02 0.000000000000000000e+00
7.780000000000000000e+02 9.253380000000000502e-04
7.785000000000000000e+02 0.000000000000000000e+00
7.790000000000000000e+02 0.000000000000000000e+00
7.795000000000000000e+02 0.000000000000000000e+00
7.800000000000000000e+02 1.362450999999999983e-03
7.805000000000000000e+02 0.000000000000000000e+00
7.810000000000000000e+02 6.669589999999999547e-04
7.815000000000000000e+02 0.000000000000000000e+00
7.820000000000000000e+02 0.000000000000000000e+00
7.825000000000000000e+02 0.000000000000000000e+00
7.830000000000000000e+02 1.947879999999999924e-04
7.835000000000000000e+02 0.000000000000000000e+00
7.840000000000000000e+02 0.000000000000000000e+00
7.845000000000000000e+02 0.000000000000000000e+00
7.850000000000000000e+02 0.000000000000000000e+00
7.855000000000000000e+02 5.230599999999999963e-04
7.860000000000000000e+02 3.713260000000000020e-04
7.865000000000000000e+02 2.870859999999999818e-04
7.870000000000000000e+02 2.020040000000000128e-04
7.875000000000000000e+02 3.321430000000000216e-04
7.880000000000000000e+02 9.490000000000000280e-05
7.885000000000000000e+02 0.000000000000000000e+00
7.890000000000000000e+02 6.088330000000000304e-04
7.895000000000000000e+02 0.000000000000000000e+00
7.900000000000000000e+02 0.000000000000000000e+00
7.905000000000000000e+02 0.000000000000000000e+00
7.910000000000000000e+02 4.959330000000000509e-04
7.915000000000000000e+02 0.000000000000000000e+00
7.920000000000000000e+02 0.000000000000000000e+00
7.925000000000000000e+02 0.000000000000000000e+00
7.930000000000000000e+02 1.025152000000000094e-03
7.935000000000000000e+02 0.000000000000000000e+00
7.940000000000000000e+02 3.539999999999999988e-05
7.945000000000000000e+02 8.980000000000000081e-05
7.950000000000000000e+02 0.000000000000000000e+00
7.955000000000000000e+02 0.000000000000000000e+00
7.960000000000000000e+02 0.000000000000000000e+00
7.965000000000000000e+02 0.000000000000000000e+00
7.970000000000000000e+02 5.309559999999999627e-04
7.975000000000000000e+02 0.000000000000000000e+00
7.980000000000000000e+02 0.000000000000000000e+00
7.985000000000000000e+02 0.000000000000000000e+00
7.990000000000000000e+02 3.337929999999999803e-04
7.995000000000000000e+02 0.000000000000000000e+00
8.000000000000000000e+02 0.000000000000000000e+00
8.005000000000000000e+02 0.000000000000000000e+00
8.010000000000000000e+02 0.000000000000000000e+00
8.015000000000000000e+02 0.000000000000000000e+00
8.020000000000000000e+02 0.000000000000000000e+00
8.025000000000000000e+02 0.000000000000000000e+00
8.030000000000000000e+02 0.000000000000000000e+00
8.035000000000000000e+02 0.000000000000000000e+00
8.040000000000000000e+02 0.000000000000000000e+00
8.045000000000000000e+02 0.000000000000000000e+00
8.050000000000000000e+02 0.000000000000000000e+00
8.055000000000000000e+02 0.000000000000000000e+00
8.060000000000000000e+02 0.000000000000000000e+00
8.065000000000000000e+02 0.000000000000000000e+00
8.070000000000000000e+02 1.857307000000000098e-03
8.075000000000000000e+02 0.000000000000000000e+00
8.080000000000000000e+02 3.655980000000000189e-04
8.085000000000000000e+02 0.000000000000000000e+00
8.090000000000000000e+02 0.000000000000000000e+00
8.095000000000000000e+02 0.000000000000000000e+00
8.100000000000000000e+02 0.000000000000000000e+00
8.105000000000000000e+02 0.000000000000000000e+00
8.110000000000000000e+02 0.000000000000000000e+00
8.115000000000000000e+02 0.000000000000000000e+00
8.120000000000000000e+02 5.550000000000000056e-05
8.125000000000000000e+02 0.000000000000000000e+00
8.130000000000000000e+02 0.000000000000000000e+00
8.135000000000000000e+02 0.000000000000000000e+00
8.140000000000000000e+02 6.442470000000000271e-04
8.145000000000000000e+02 0.000000000000000000e+00
8.150000000000000000e+02 0.000000000000000000e+00
8.155000000000000000e+02 0.000000000000000000e+00
8.160000000000000000e+02 0.000000000000000000e+00
8.165000000000000000e+02 1.576235000000000049e-03
8.170000000000000000e+02 1.781519999999999979e-04
8.175000000000000000e+02 0.000000000000000000e+00
8.180000000000000000e+02 2.148999999999999923e-04
8.185000000000000000e+02 0.000000000000000000e+00
8.190000000000000000e+02 9.940000000000000376e-05
8.195000000000000000e+02 0.000000000000000000e+00
8.200000000000000000e+02 0.000000000000000000e+00
8.205000000000000000e+02 0.000000000000000000e+00
8.210000000000000000e+02 3.599540000000000031e-04
8.215000000000000000e+02 5.080000000000000151e-05
8.220000000000000000e+02 0.000000000000000000e+00
8.225000000000000000e+02 3.326329999999999847e-04
8.230000000000000000e+02 0.000000000000000000e+00
8.235000000000000000e+02 7.128380000000000350e-04
8.240000000000000000e+02 3.185360000000000144e-04
8.245000000000000000e+02 0.000000000000000000e+00
8.250000000000000000e+02 0.000000000000000000e+00
8.255000000000000000e+02 0.000000000000000000e+00
8.260000000000000000e+02 0.000000000000000000e+00
8.265000000000000000e+02 0.000000000000000000e+00
8.270000000000000000e+02 1.147989000000000084e-03
8.275000000000000000e+02 0.000000000000000000e+00
8.280000000000000000e+02 0.000000000000000000e+00
8.285000000000000000e+02 0.000000000000000000e+00
8.290000000000000000e+02 0.000000000000000000e+00
8.295000000000000000e+02 0.000000000000000000e+00
8.300000000000000000e+02 7.490000000000000455e-05
8.305000000000000000e+02 0.000000000000000000e+00
8.310000000000000000e+02 0.000000000000000000e+00
8.315000000000000000e+02 2.775170000000000197e-04
8.320000000000000000e+02 0.000000000000000000e+00
8.325000000000000000e+02 0.000000000000000000e+00
8.330000000000000000e+02 0.000000000000000000e+00
8.335000000000000000e+02 0.000000000000000000e+00
8.340000000000000000e+02 0.000000000000000000e+00
8.345000000000000000e+02 0.000000000000000000e+00
8.350000000000000000e+02 0.000000000000000000e+00
8.355000000000000000e+02 1.431790000000000059e-04
8.360000000000000000e+02 0.000000000000000000e+00
8.365000000000000000e+02 0.000000000000000000e+00
8.370000000000000000e+02 0.000000000000000000e+00
8.375000000000000000e+02 0.000000000000000000e+00
8.380000000000000000e+02 2.662459999999999848e-04
8.385000000000000000e+02 3.541589999999999951e-04
8.390000000000000000e+02 0.000000000000000000e+00
8.395000000000000000e+02 0.000000000000000000e+00
8.400000000000000000e+02 9.073209999999999956e-04
8.405000000000000000e+02 0.000000000000000000e+00
8.410000000000000000e+02 5.048410000000000137e-04
8.415000000000000000e+02 0.000000000000000000e+00
8.420000000000000000e+02 0.000000000000000000e+00
8.425000000000000000e+02 0.000000000000000000e+00
8.430000000000000000e+02 0.000000000000000000e+00
8.435000000000000000e+02 3.718090000000000175e-04
8.440000000000000000e+02 3.030779999999999737e-04
8.445000000000000000e+02 0.000000000000000000e+00
8.450000000000000000e+02 0.000000000000000000e+00
8.455000000000000000e+02 2.780000000000000149e-05
8.460000000000000000e+02 0.000000000000000000e+00
8.465000000000000000e+02 0.000000000000000000e+00
8.470000000000000000e+02 2.200020000000000122e-04
8.475000000000000000e+02 0.000000000000000000e+00
8.480000000000000000e+02 0.000000000000000000e+00
8.485000000000000000e+02 3.229470000000000235e-04
8.490000000000000000e+02 0.000000000000000000e+00
8.495000000000000000e+02 0.000000000000000000e+00
8.500000000000000000e+02 0.000000000000000000e+00
8.505000000000000000e+02 0.000000000000000000e+00
8.510000000000000000e+02 0.000000000000000000e+00
8.515000000000000000e+02 0.000000000000000000e+00
8.520000000000000000e+02 0.000000000000000000e+00
8.525000000000000000e+02 0.000000000000000000e+00
8.530000000000000000e+02 0.000000000000000000e+00
8.535000000000000000e+02 0.000000000000000000e+00
8.540000000000000000e+02 3.890330000000000003e-04
8.545000000000000000e+02 0.000000000000000000e+00
8.550000000000000000e+02 1.177519999999999934e-04
8.555000000000000000e+02 0.000000000000000000e+00
8.560000000000000000e+02 6.187739999999999950e-04
8.565000000000000000e+02 0.000000000000000000e+00
8.570000000000000000e+02 0.000000000000000000e+00
8.575000000000000000e+02 0.000000000000000000e+00
8.580000000000000000e+02 0.000000000000000000e+00
8.585000000000000000e+02 0.000000000000000000e+00
8.590000000000000000e+02 0.000000000000000000e+00
8.595000000000000000e+02 1.005215999999999965e-03
8.600000000000000000e+02 0.000000000000000000e+00
8.605000000000000000e+02 1.556980000000000126e-04
8.610000000000000000e+02 0.000000000000000000e+00
8.615000000000000000e+02 7.515449999999999475e-04
8.620000000000000000e+02 0.000000000000000000e+00
8.625000000000000000e+02 0.000000000000000000e+00
8.630000000000000000e+02 5.592950000000000178e-04
8.635000000000000000e+02 1.699559999999999970e-04
8.640000000000000000e+02 1.661330000000000033e-04
8.645000000000000000e+02 0.000000000000000000e+00
8.650000000000000000e+02 9.939910000000000585e-04
8.655000000000000000e+02 1.635561999999999910e-03
8.660000000000000000e+02 0.000000000000000000e+00
8.665000000000000000e+02 4.432859999999999839e-04
8.670000000000000000e+02 3.740859999999999823e-04
8.675000000000000000e+02 6.895049999999999790e-04
8.680000000000000000e+02 4.354599999999999812e-04
8.685000000000000000e+02 4.960729999999999784e-04
8.690000000000000000e+02 0.000000000000000000e+00
8.695000000000000000e+02 0.000000000000000000e+00
8.700000000000000000e+02 8.025740000000000174e-04
8.705000000000000000e+02 0.000000000000000000e+00
8.710000000000000000e+02 0.000000000000000000e+00
8.715000000000000000e+02 0.000000000000000000e+00
8.720000000000000000e+02 0.000000000000000000e+00
8.725000000000000000e+02 0.000000000000000000e+00
8.730000000000000000e+02 5.449909999999999867e-04
8.735000000000000000e+02 0.000000000000000000e+00
8.740000000000000000e+02 2.869419999999999913e-04
8.745000000000000000e+02 0.000000000000000000e+00
8.750000000000000000e+02 0.000000000000000000e+00
8.755000000000000000e+02 0.000000000000000000e+00
8.760000000000000000e+02 0.000000000000000000e+00
8.765000000000000000e+02 0.000000000000000000e+00
8.770000000000000000e+02 0.000000000000000000e+00
8.775000000000000000e+02 0.000000000000000000e+00
8.780000000000000000e+02 3.085760000000000217e-04
8.785000000000000000e+02 0.000000000000000000e+00
8.790000000000000000e+02 5.019959999999999960e-04
8.795000000000000000e+02 0.000000000000000000e+00
8.800000000000000000e+02 0.000000000000000000e+00
8.805000000000000000e+02 4.740179999999999871e-04
8.810000000000000000e+02 1.005649999999999968e-04
8.815000000000000000e+02 2.971590000000000190e-04
8.820000000000000000e+02 0.000000000000000000e+00
8.825000000000000000e+02 0.000000000000000000e+00
8.830000000000000000e+02 0.000000000000000000e+00
8.835000000000000000e+02 2.129309999999999981e-04
8.840000000000000000e+02 0.000000000000000000e+00
8.845000000000000000e+02 4.387390000000000018e-04
8.850000000000000000e+02 0.000000000000000000e+00
8.855000000000000000e+02 2.938519999999999912e-04
8.860000000000000000e+02 0.000000000000000000e+00
8.865000000000000000e+02 0.000000000000000000e+00
8.870000000000000000e+02 1.560144999999999978e-03
8.875000000000000000e+02 0.000000000000000000e+00
8.880000000000000000e+02 1.745536000000000006e-03
8.885000000000000000e+02 0.000000000000000000e+00
8.890000000000000000e+02 0.000000000000000000e+00
8.895000000000000000e+02 0.000000000000000000e+00
8.900000000000000000e+02 1.615897999999999944e-03
8.905000000000000000e+02 0.000000000000000000e+00
8.910000000000000000e+02 1.048940000000000023e-04
8.915000000000000000e+02 0.000000000000000000e+00
8.920000000000000000e+02 0.000000000000000000e+00
8.925000000000000000e+02 2.817495000000000156e-03
8.930000000000000000e+02 1.925759999999999939e-04
8.935000000000000000e+02 1.429352000000000053e-03
8.940000000000000000e+02 1.244323000000000087e-03
8.945000000000000000e+02 0.000000000000000000e+00
8.950000000000000000e+02 0.000000000000000000e+00
8.955000000000000000e+02 1.617278999999999895e-03
8.960000000000000000e+02 0.000000000000000000e+00
8.965000000000000000e+02 3.336227000000000203e-03
8.970000000000000000e+02 3.048771999999999940e-03
8.975000000000000000e+02 1.305331000000000069e-03
8.980000000000000000e+02 6.250000000000000130e-05
8.985000000000000000e+02 0.000000000000000000e+00
8.990000000000000000e+02 0.000000000000000000e+00
8.995000000000000000e+02 0.000000000000000000e+00
9.000000000000000000e+02 0.000000000000000000e+00
9.005000000000000000e+02 0.000000000000000000e+00
9.010000000000000000e+02 0.000000000000000000e+00
9.015000000000000000e+02 0.000000000000000000e+00
9.020000000000000000e+02 0.000000000000000000e+00
9.025000000000000000e+02 0.000000000000000000e+00
9.030000000000000000e+02 3.239032000000000196e-03
9.035000000000000000e+02 0.000000000000000000e+00
9.040000000000000000e+02 0.000000000000000000e+00
9.045000000000000000e+02 9.605570000000000124e-04
9.050000000000000000e+02 0.000000000000000000e+00
9.055000000000000000e+02 0.000000000000000000e+00
9.060000000000000000e+02 0.000000000000000000e+00
9.065000000000000000e+02 0.000000000000000000e+00
9.070000000000000000e+02 0.000000000000000000e+00
9.075000000000000000e+02 0.000000000000000000e+00
9.080000000000000000e+02 0.000000000000000000e+00
9.085000000000000000e+02 0.000000000000000000e+00
9.090000000000000000e+02 0.000000000000000000e+00
9.095000000000000000e+02 0.000000000000000000e+00
9.100000000000000000e+02 0.000000000000000000e+00
9.105000000000000000e+02 0.000000000000000000e+00
9.110000000000000000e+02 0.000000000000000000e+00
9.115000000000000000e+02 0.000000000000000000e+00
9.120000000000000000e+02 0.000000000000000000e+00
9.125000000000000000e+02 0.000000000000000000e+00
9.130000000000000000e+02 0.000000000000000000e+00
9.135000000000000000e+02 0.000000000000000000e+00
9.140000000000000000e+02 0.000000000000000000e+00
9.145000000000000000e+02 0.000000000000000000e+00
9.150000000000000000e+02 0.000000000000000000e+00
9.155000000000000000e+02 0.000000000000000000e+00
9.160000000000000000e+02 0.000000000000000000e+00
9.165000000000000000e+02 0.000000000000000000e+00
9.170000000000000000e+02 0.000000000000000000e+00
9.175000000000000000e+02 0.000000000000000000e+00
9.180000000000000000e+02 0.000000000000000000e+00
9.185000000000000000e+02 0.000000000000000000e+00
9.190000000000000000e+02 0.000000000000000000e+00
9.195000000000000000e+02 0.000000000000000000e+00
9.200000000000000000e+02 0.000000000000000000e+00
9.205000000000000000e+02 0.000000000000000000e+00
9.210000000000000000e+02 0.000000000000000000e+00
9.215000000000000000e+02 0.000000000000000000e+00
9.220000000000000000e+02 0.000000000000000000e+00
9.225000000000000000e+02 0.000000000000000000e+00
9.230000000000000000e+02 0.000000000000000000e+00
9.235000000000000000e+02 0.000000000000000000e+00
9.240000000000000000e+02 0.000000000000000000e+00
9.245000000000000000e+02 0.000000000000000000e+00
9.250000000000000000e+02 0.000000000000000000e+00
9.255000000000000000e+02 7.489509999999999787e-04
9.260000000000000000e+02 0.000000000000000000e+00
9.265000000000000000e+02 0.000000000000000000e+00
9.270000000000000000e+02 0.000000000000000000e+00
9.275000000000000000e+02 0.000000000000000000e+00
9.280000000000000000e+02 0.000000000000000000e+00
9.285000000000000000e+02 0.000000000000000000e+00
9.290000000000000000e+02 0.000000000000000000e+00
9.295000000000000000e+02 0.000000000000000000e+00
9.300000000000000000e+02 0.000000000000000000e+00
9.305000000000000000e+02 0.000000000000000000e+00
9.310000000000000000e+02 0.000000000000000000e+00
9.315000000000000000e+02 0.000000000000000000e+00
9.320000000000000000e+02 0.000000000000000000e+00
9.325000000000000000e+02 0.000000000000000000e+00
9.330000000000000000e+02 0.000000000000000000e+00
9.335000000000000000e+02 0.000000000000000000e+00
9.340000000000000000e+02 0.000000000000000000e+00
9.345000000000000000e+02 0.000000000000000000e+00
9.350000000000000000e+02 0.000000000000000000e+00
9.355000000000000000e+02 0.000000000000000000e+00
9.360000000000000000e+02 0.000000000000000000e+00
9.365000000000000000e+02 0.000000000000000000e+00
9.370000000000000000e+02 0.000000000000000000e+00
9.375000000000000000e+02 0.000000000000000000e+00
9.380000000000000000e+02 0.000000000000000000e+00
9.385000000000000000e+02 0.000000000000000000e+00
9.390000000000000000e+02 0.000000000000000000e+00
9.395000000000000000e+02 0.000000000000000000e+00
9.400000000000000000e+02 0.000000000000000000e+00
9.405000000000000000e+02 0.000000000000000000e+00
9.410000000000000000e+02 0.000000000000000000e+00
9.415000000000000000e+02 0.000000000000000000e+00
9.420000000000000000e+02 0.000000000000000000e+00
9.425000000000000000e+02 0.000000000000000000e+00
9.430000000000000000e+02 0.000000000000000000e+00
9.435000000000000000e+02 0.000000000000000000e+00
9.440000000000000000e+02 0.000000000000000000e+00
9.445000000000000000e+02 0.000000000000000000e+00
9.450000000000000000e+02 0.000000000000000000e+00
9.455000000000000000e+02 0.000000000000000000e+00
9.460000000000000000e+02 0.000000000000000000e+00
9.465000000000000000e+02 0.000000000000000000e+00
9.470000000000000000e+02 0.000000000000000000e+00
9.475000000000000000e+02 0.000000000000000000e+00
9.480000000000000000e+02 0.000000000000000000e+00
9.485000000000000000e+02 0.000000000000000000e+00
9.490000000000000000e+02 0.000000000000000000e+00
9.495000000000000000e+02 0.000000000000000000e+00
9.500000000000000000e+02 0.000000000000000000e+00
9.505000000000000000e+02 0.000000000000000000e+00
9.510000000000000000e+02 0.000000000000000000e+00
9.515000000000000000e+02 0.000000000000000000e+00
9.520000000000000000e+02 0.000000000000000000e+00
9.525000000000000000e+02 0.000000000000000000e+00
9.530000000000000000e+02 0.000000000000000000e+00
9.535000000000000000e+02 0.000000000000000000e+00
9.540000000000000000e+02 0.000000000000000000e+00
9.545000000000000000e+02 0.000000000000000000e+00
9.550000000000000000e+02 0.000000000000000000e+00
9.555000000000000000e+02 0.000000000000000000e+00
9.560000000000000000e+02 0.000000000000000000e+00
9.565000000000000000e+02 0.000000000000000000e+00
9.570000000000000000e+02 0.000000000000000000e+00
9.575000000000000000e+02 0.000000000000000000e+00
9.580000000000000000e+02 0.000000000000000000e+00
9.585000000000000000e+02 0.000000000000000000e+00
9.590000000000000000e+02 0.000000000000000000e+00
9.595000000000000000e+02 0.000000000000000000e+00
9.600000000000000000e+02 0.000000000000000000e+00
9.605000000000000000e+02 2.985290000000000144e-04
9.610000000000000000e+02 1.205039999999999969e-04
9.615000000000000000e+02 0.000000000000000000e+00
9.620000000000000000e+02 0.000000000000000000e+00
9.625000000000000000e+02 0.000000000000000000e+00
9.630000000000000000e+02 0.000000000000000000e+00
9.635000000000000000e+02 0.000000000000000000e+00
9.640000000000000000e+02 0.000000000000000000e+00
9.645000000000000000e+02 0.000000000000000000e+00
9.650000000000000000e+02 0.000000000000000000e+00
9.655000000000000000e+02 0.000000000000000000e+00
9.660000000000000000e+02 0.000000000000000000e+00
9.665000000000000000e+02 0.000000000000000000e+00
9.670000000000000000e+02 0.000000000000000000e+00
9.675000000000000000e+02 0.000000000000000000e+00
9.680000000000000000e+02 0.000000000000000000e+00
9.685000000000000000e+02 0.000000000000000000e+00
9.690000000000000000e+02 0.000000000000000000e+00
9.695000000000000000e+02 0.000000000000000000e+00
9.700000000000000000e+02 0.000000000000000000e+00
9.705000000000000000e+02 0.000000000000000000e+00
9.710000000000000000e+02 0.000000000000000000e+00
9.715000000000000000e+02 0.000000000000000000e+00
9.720000000000000000e+02 0.000000000000000000e+00
9.725000000000000000e+02 0.000000000000000000e+00
9.730000000000000000e+02 0.000000000000000000e+00
9.735000000000000000e+02 0.000000000000000000e+00
9.740000000000000000e+02 0.000000000000000000e+00
9.745000000000000000e+02 0.000000000000000000e+00
9.750000000000000000e+02 0.000000000000000000e+00
9.755000000000000000e+02 0.000000000000000000e+00
9.760000000000000000e+02 0.000000000000000000e+00
9.765000000000000000e+02 0.000000000000000000e+00
9.770000000000000000e+02 0.000000000000000000e+00
9.775000000000000000e+02 0.000000000000000000e+00
9.780000000000000000e+02 0.000000000000000000e+00
9.785000000000000000e+02 0.000000000000000000e+00
9.790000000000000000e+02 0.000000000000000000e+00
9.795000000000000000e+02 0.000000000000000000e+00
9.800000000000000000e+02 0.000000000000000000e+00
9.805000000000000000e+02 0.000000000000000000e+00
9.810000000000000000e+02 0.000000000000000000e+00
9.815000000000000000e+02 0.000000000000000000e+00
9.820000000000000000e+02 0.000000000000000000e+00
9.825000000000000000e+02 0.000000000000000000e+00
9.830000000000000000e+02 0.000000000000000000e+00
9.835000000000000000e+02 0.000000000000000000e+00
9.840000000000000000e+02 0.000000000000000000e+00
9.845000000000000000e+02 0.000000000000000000e+00
9.850000000000000000e+02 0.000000000000000000e+00
9.855000000000000000e+02 0.000000000000000000e+00
9.860000000000000000e+02 0.000000000000000000e+00
9.865000000000000000e+02 0.000000000000000000e+00
9.870000000000000000e+02 0.000000000000000000e+00
9.875000000000000000e+02 0.000000000000000000e+00
9.880000000000000000e+02 0.000000000000000000e+00
9.885000000000000000e+02 0.000000000000000000e+00
9.890000000000000000e+02 0.000000000000000000e+00
9.895000000000000000e+02 0.000000000000000000e+00
9.900000000000000000e+02 0.000000000000000000e+00
9.905000000000000000e+02 0.000000000000000000e+00
9.910000000000000000e+02 0.000000000000000000e+00
9.915000000000000000e+02 0.000000000000000000e+00
9.920000000000000000e+02 0.000000000000000000e+00
9.925000000000000000e+02 0.000000000000000000e+00
9.930000000000000000e+02 0.000000000000000000e+00
9.935000000000000000e+02 0.000000000000000000e+00
9.940000000000000000e+02 0.000000000000000000e+00
9.945000000000000000e+02 0.000000000000000000e+00
9.950000000000000000e+02 0.000000000000000000e+00
9.955000000000000000e+02 0.000000000000000000e+00
9.960000000000000000e+02 0.000000000000000000e+00
9.965000000000000000e+02 0.000000000000000000e+00
9.970000000000000000e+02 0.000000000000000000e+00
9.975000000000000000e+02 0.000000000000000000e+00
9.980000000000000000e+02 0.000000000000000000e+00
9.985000000000000000e+02 0.000000000000000000e+00
9.990000000000000000e+02 0.000000000000000000e+00
9.995000000000000000e+02 0.000000000000000000e+00
1.000000000000000000e+03 0.000000000000000000e+00
1.000500000000000000e+03 0.000000000000000000e+00
1.001000000000000000e+03 0.000000000000000000e+00
1.001500000000000000e+03 0.000000000000000000e+00
1.002000000000000000e+03 0.000000000000000000e+00
1.002500000000000000e+03 0.000000000000000000e+00
1.003000000000000000e+03 0.000000000000000000e+00
1.003500000000000000e+03 0.000000000000000000e+00
1.004000000000000000e+03 0.000000000000000000e+00
1.004500000000000000e+03 0.000000000000000000e+00
1.005000000000000000e+03 0.000000000000000000e+00
1.005500000000000000e+03 0.000000000000000000e+00
1.006000000000000000e+03 0.000000000000000000e+00
1.006500000000000000e+03 0.000000000000000000e+00
1.007000000000000000e+03 0.000000000000000000e+00
1.007500000000000000e+03 0.000000000000000000e+00
1.008000000000000000e+03 0.000000000000000000e+00
1.008500000000000000e+03 0.000000000000000000e+00
1.009000000000000000e+03 0.000000000000000000e+00
1.009500000000000000e+03 0.000000000000000000e+00
1.010000000000000000e+03 0.000000000000000000e+00
1.010500000000000000e+03 0.000000000000000000e+00
1.011000000000000000e+03 0.000000000000000000e+00
1.011500000000000000e+03 0.000000000000000000e+00
1.012000000000000000e+03 4.355660000000000239e-04
1.012500000000000000e+03 0.000000000000000000e+00
1.013000000000000000e+03 0.000000000000000000e+00
1.013500000000000000e+03 0.000000000000000000e+00
1.014000000000000000e+03 0.000000000000000000e+00
1.014500000000000000e+03 0.000000000000000000e+00
1.015000000000000000e+03 0.000000000000000000e+00
1.015500000000000000e+03 0.000000000000000000e+00
1.016000000000000000e+03 0.000000000000000000e+00
1.016500000000000000e+03 0.000000000000000000e+00
1.017000000000000000e+03 0.000000000000000000e+00
1.017500000000000000e+03 0.000000000000000000e+00
1.018000000000000000e+03 0.000000000000000000e+00
1.018500000000000000e+03 0.000000000000000000e+00
1.019000000000000000e+03 0.000000000000000000e+00
1.019500000000000000e+03 0.000000000000000000e+00
1.020000000000000000e+03 0.000000000000000000e+00
1.020500000000000000e+03 0.000000000000000000e+00
1.021000000000000000e+03 0.000000000000000000e+00
1.021500000000000000e+03 0.000000000000000000e+00
1.022000000000000000e+03 0.000000000000000000e+00
1.022500000000000000e+03 0.000000000000000000e+00
1.023000000000000000e+03 0.000000000000000000e+00
1.023500000000000000e+03 0.000000000000000000e+00
1.024000000000000000e+03 0.000000000000000000e+00
1.024500000000000000e+03 0.000000000000000000e+00
1.025000000000000000e+03 0.000000000000000000e+00
1.025500000000000000e+03 0.000000000000000000e+00
1.026000000000000000e+03 0.000000000000000000e+00
1.026500000000000000e+03 0.000000000000000000e+00
1.027000000000000000e+03 0.000000000000000000e+00
1.027500000000000000e+03 0.000000000000000000e+00
1.028000000000000000e+03 0.000000000000000000e+00
1.028500000000000000e+03 0.000000000000000000e+00
1.029000000000000000e+03 0.000000000000000000e+00
1.029500000000000000e+03 0.000000000000000000e+00
1.030000000000000000e+03 0.000000000000000000e+00
1.030500000000000000e+03 0.000000000000000000e+00
1.031000000000000000e+03 0.000000000000000000e+00
1.031500000000000000e+03 0.000000000000000000e+00
1.032000000000000000e+03 0.000000000000000000e+00
1.032500000000000000e+03 0.000000000000000000e+00
1.033000000000000000e+03 0.000000000000000000e+00
1.033500000000000000e+03 0.000000000000000000e+00
1.034000000000000000e+03 0.000000000000000000e+00
1.034500000000000000e+03 0.000000000000000000e+00
1.035000000000000000e+03 0.000000000000000000e+00
1.035500000000000000e+03 0.000000000000000000e+00
1.036000000000000000e+03 0.000000000000000000e+00
1.036500000000000000e+03 0.000000000000000000e+00
1.037000000000000000e+03 0.000000000000000000e+00
1.037500000000000000e+03 0.000000000000000000e+00
1.038000000000000000e+03 0.000000000000000000e+00
1.038500000000000000e+03 0.000000000000000000e+00
1.039000000000000000e+03 0.000000000000000000e+00
1.039500000000000000e+03 0.000000000000000000e+00
1.040000000000000000e+03 0.000000000000000000e+00
1.040500000000000000e+03 0.000000000000000000e+00
1.041000000000000000e+03 0.000000000000000000e+00
1.041500000000000000e+03 0.000000000000000000e+00
1.042000000000000000e+03 0.000000000000000000e+00
1.042500000000000000e+03 0.000000000000000000e+00
1.043000000000000000e+03 0.000000000000000000e+00
1.043500000000000000e+03 0.000000000000000000e+00
1.044000000000000000e+03 0.000000000000000000e+00
1.044500000000000000e+03 0.000000000000000000e+00
1.045000000000000000e+03 0.000000000000000000e+00
1.045500000000000000e+03 0.000000000000000000e+00
1.046000000000000000e+03 0.000000000000000000e+00
1.046500000000000000e+03 0.000000000000000000e+00
1.047000000000000000e+03 0.000000000000000000e+00
1.047500000000000000e+03 0.000000000000000000e+00
1.048000000000000000e+03 0.000000000000000000e+00
1.048500000000000000e+03 0.000000000000000000e+00
1.049000000000000000e+03 0.000000000000000000e+00
1.049500000000000000e+03 0.000000000000000000e+00
1.050000000000000000e+03 0.000000000000000000e+00
1.050500000000000000e+03 0.000000000000000000e+00
1.051000000000000000e+03 0.000000000000000000e+00
1.051500000000000000e+03 0.000000000000000000e+00
1.052000000000000000e+03 0.000000000000000000e+00
1.052500000000000000e+03 0.000000000000000000e+00
1.053000000000000000e+03 0.000000000000000000e+00
1.053500000000000000e+03 0.000000000000000000e+00
1.054000000000000000e+03 0.000000000000000000e+00
1.054500000000000000e+03 0.000000000000000000e+00
1.055000000000000000e+03 0.000000000000000000e+00
1.055500000000000000e+03 0.000000000000000000e+00
1.056000000000000000e+03 0.000000000000000000e+00
1.056500000000000000e+03 0.000000000000000000e+00
1.057000000000000000e+03 0.000000000000000000e+00
1.057500000000000000e+03 0.000000000000000000e+00
1.058000000000000000e+03 0.000000000000000000e+00
1.058500000000000000e+03 0.000000000000000000e+00
1.059000000000000000e+03 0.000000000000000000e+00
1.059500000000000000e+03 0.000000000000000000e+00
1.060000000000000000e+03 0.000000000000000000e+00
1.060500000000000000e+03 0.000000000000000000e+00
1.061000000000000000e+03 0.000000000000000000e+00
1.061500000000000000e+03 0.000000000000000000e+00
1.062000000000000000e+03 0.000000000000000000e+00
1.062500000000000000e+03 0.000000000000000000e+00
1.063000000000000000e+03 0.000000000000000000e+00
1.063500000000000000e+03 0.000000000000000000e+00
1.064000000000000000e+03 0.000000000000000000e+00
1.064500000000000000e+03 0.000000000000000000e+00
1.065000000000000000e+03 0.000000000000000000e+00
1.065500000000000000e+03 0.000000000000000000e+00
1.066000000000000000e+03 0.000000000000000000e+00
1.066500000000000000e+03 0.000000000000000000e+00
1.067000000000000000e+03 0.000000000000000000e+00
1.067500000000000000e+03 0.000000000000000000e+00
1.068000000000000000e+03 0.000000000000000000e+00
1.068500000000000000e+03 0.000000000000000000e+00
1.069000000000000000e+03 0.000000000000000000e+00
1.069500000000000000e+03 0.000000000000000000e+00
1.070000000000000000e+03 0.000000000000000000e+00
1.070500000000000000e+03 0.000000000000000000e+00
1.071000000000000000e+03 1.673725999999999946e-03
1.071500000000000000e+03 0.000000000000000000e+00
1.072000000000000000e+03 0.000000000000000000e+00
1.072500000000000000e+03 0.000000000000000000e+00
1.073000000000000000e+03 0.000000000000000000e+00
1.073500000000000000e+03 0.000000000000000000e+00
1.074000000000000000e+03 0.000000000000000000e+00
1.074500000000000000e+03 0.000000000000000000e+00
1.075000000000000000e+03 0.000000000000000000e+00
1.075500000000000000e+03 0.000000000000000000e+00
1.076000000000000000e+03 0.000000000000000000e+00
1.076500000000000000e+03 0.000000000000000000e+00
1.077000000000000000e+03 0.000000000000000000e+00
1.077500000000000000e+03 0.000000000000000000e+00
1.078000000000000000e+03 0.000000000000000000e+00
1.078500000000000000e+03 0.000000000000000000e+00
1.079000000000000000e+03 0.000000000000000000e+00
1.079500000000000000e+03 0.000000000000000000e+00
1.080000000000000000e+03 0.000000000000000000e+00
1.080500000000000000e+03 0.000000000000000000e+00
1.081000000000000000e+03 0.000000000000000000e+00
1.081500000000000000e+03 0.000000000000000000e+00
1.082000000000000000e+03 0.000000000000000000e+00
1.082500000000000000e+03 0.000000000000000000e+00
1.083000000000000000e+03 0.000000000000000000e+00
1.083500000000000000e+03 0.000000000000000000e+00
1.084000000000000000e+03 0.000000000000000000e+00
1.084500000000000000e+03 0.000000000000000000e+00
1.085000000000000000e+03 0.000000000000000000e+00
1.085500000000000000e+03 0.000000000000000000e+00
1.086000000000000000e+03 0.000000000000000000e+00
1.086500000000000000e+03 0.000000000000000000e+00
1.087000000000000000e+03 0.000000000000000000e+00
1.087500000000000000e+03 0.000000000000000000e+00
1.088000000000000000e+03 0.000000000000000000e+00
1.088500000000000000e+03 0.000000000000000000e+00
1.089000000000000000e+03 0.000000000000000000e+00
1.089500000000000000e+03 0.000000000000000000e+00
1.090000000000000000e+03 0.000000000000000000e+00
1.090500000000000000e+03 0.000000000000000000e+00
1.091000000000000000e+03 0.000000000000000000e+00
1.091500000000000000e+03 0.000000000000000000e+00
1.092000000000000000e+03 0.000000000000000000e+00
1.092500000000000000e+03 0.000000000000000000e+00
1.093000000000000000e+03 0.000000000000000000e+00
1.093500000000000000e+03 0.000000000000000000e+00
1.094000000000000000e+03 0.000000000000000000e+00
1.094500000000000000e+03 0.000000000000000000e+00
1.095000000000000000e+03 0.000000000000000000e+00
1.095500000000000000e+03 0.000000000000000000e+00
1.096000000000000000e+03 0.000000000000000000e+00
1.096500000000000000e+03 0.000000000000000000e+00
1.097000000000000000e+03 0.000000000000000000e+00
1.097500000000000000e+03 0.000000000000000000e+00
1.098000000000000000e+03 0.000000000000000000e+00
1.098500000000000000e+03 0.000000000000000000e+00
1.099000000000000000e+03 0.000000000000000000e+00
1.099500000000000000e+03 0.000000000000000000e+00
1.100000000000000000e+03 0.000000000000000000e+00
