wavelength 	relativeIntensity
2.730000000000000000e+02 0.000000000000000000e+00
2.735000000000000000e+02 0.000000000000000000e+00
2.740000000000000000e+02 0.000000000000000000e+00
2.745000000000000000e+02 0.000000000000000000e+00
2.750000000000000000e+02 0.000000000000000000e+00
2.755000000000000000e+02 0.000000000000000000e+00
2.760000000000000000e+02 0.000000000000000000e+00
2.765000000000000000e+02 0.000000000000000000e+00
2.770000000000000000e+02 0.000000000000000000e+00
2.775000000000000000e+02 0.000000000000000000e+00
2.780000000000000000e+02 0.000000000000000000e+00
2.785000000000000000e+02 0.000000000000000000e+00
2.790000000000000000e+02 0.000000000000000000e+00
2.795000000000000000e+02 0.000000000000000000e+00
2.800000000000000000e+02 0.000000000000000000e+00
2.805000000000000000e+02 0.000000000000000000e+00
2.810000000000000000e+02 0.000000000000000000e+00
2.815000000000000000e+02 0.000000000000000000e+00
2.820000000000000000e+02 0.000000000000000000e+00
2.825000000000000000e+02 0.000000000000000000e+00
2.830000000000000000e+02 0.000000000000000000e+00
2.835000000000000000e+02 0.000000000000000000e+00
2.840000000000000000e+02 0.000000000000000000e+00
2.845000000000000000e+02 0.000000000000000000e+00
2.850000000000000000e+02 0.000000000000000000e+00
2.855000000000000000e+02 0.000000000000000000e+00
2.860000000000000000e+02 0.000000000000000000e+00
2.865000000000000000e+02 0.000000000000000000e+00
2.870000000000000000e+02 0.000000000000000000e+00
2.875000000000000000e+02 0.000000000000000000e+00
2.880000000000000000e+02 0.000000000000000000e+00
2.885000000000000000e+02 0.000000000000000000e+00
2.890000000000000000e+02 0.000000000000000000e+00
2.895000000000000000e+02 0.000000000000000000e+00
2.900000000000000000e+02 0.000000000000000000e+00
2.905000000000000000e+02 0.000000000000000000e+00
2.910000000000000000e+02 0.000000000000000000e+00
2.915000000000000000e+02 0.000000000000000000e+00
2.920000000000000000e+02 0.000000000000000000e+00
2.925000000000000000e+02 0.000000000000000000e+00
2.930000000000000000e+02 0.000000000000000000e+00
2.935000000000000000e+02 0.000000000000000000e+00
2.940000000000000000e+02 0.000000000000000000e+00
2.945000000000000000e+02 0.000000000000000000e+00
2.950000000000000000e+02 0.000000000000000000e+00
2.955000000000000000e+02 0.000000000000000000e+00
2.960000000000000000e+02 0.000000000000000000e+00
2.965000000000000000e+02 0.000000000000000000e+00
2.970000000000000000e+02 0.000000000000000000e+00
2.975000000000000000e+02 0.000000000000000000e+00
2.980000000000000000e+02 0.000000000000000000e+00
2.985000000000000000e+02 0.000000000000000000e+00
2.990000000000000000e+02 0.000000000000000000e+00
2.995000000000000000e+02 0.000000000000000000e+00
3.000000000000000000e+02 0.000000000000000000e+00
3.005000000000000000e+02 0.000000000000000000e+00
3.010000000000000000e+02 0.000000000000000000e+00
3.015000000000000000e+02 0.000000000000000000e+00
3.020000000000000000e+02 0.000000000000000000e+00
3.025000000000000000e+02 0.000000000000000000e+00
3.030000000000000000e+02 0.000000000000000000e+00
3.035000000000000000e+02 0.000000000000000000e+00
3.040000000000000000e+02 0.000000000000000000e+00
3.045000000000000000e+02 0.000000000000000000e+00
3.050000000000000000e+02 0.000000000000000000e+00
3.055000000000000000e+02 0.000000000000000000e+00
3.060000000000000000e+02 0.000000000000000000e+00
3.065000000000000000e+02 0.000000000000000000e+00
3.070000000000000000e+02 0.000000000000000000e+00
3.075000000000000000e+02 0.000000000000000000e+00
3.080000000000000000e+02 0.000000000000000000e+00
3.085000000000000000e+02 0.000000000000000000e+00
3.090000000000000000e+02 0.000000000000000000e+00
3.095000000000000000e+02 0.000000000000000000e+00
3.100000000000000000e+02 0.000000000000000000e+00
3.105000000000000000e+02 0.000000000000000000e+00
3.110000000000000000e+02 0.000000000000000000e+00
3.115000000000000000e+02 0.000000000000000000e+00
3.120000000000000000e+02 0.000000000000000000e+00
3.125000000000000000e+02 0.000000000000000000e+00
3.130000000000000000e+02 0.000000000000000000e+00
3.135000000000000000e+02 0.000000000000000000e+00
3.140000000000000000e+02 0.000000000000000000e+00
3.145000000000000000e+02 0.000000000000000000e+00
3.150000000000000000e+02 0.000000000000000000e+00
3.155000000000000000e+02 0.000000000000000000e+00
3.160000000000000000e+02 0.000000000000000000e+00
3.165000000000000000e+02 0.000000000000000000e+00
3.170000000000000000e+02 0.000000000000000000e+00
3.175000000000000000e+02 0.000000000000000000e+00
3.180000000000000000e+02 0.000000000000000000e+00
3.185000000000000000e+02 0.000000000000000000e+00
3.190000000000000000e+02 0.000000000000000000e+00
3.195000000000000000e+02 0.000000000000000000e+00
3.200000000000000000e+02 0.000000000000000000e+00
3.205000000000000000e+02 0.000000000000000000e+00
3.210000000000000000e+02 0.000000000000000000e+00
3.215000000000000000e+02 0.000000000000000000e+00
3.220000000000000000e+02 0.000000000000000000e+00
3.225000000000000000e+02 0.000000000000000000e+00
3.230000000000000000e+02 0.000000000000000000e+00
3.235000000000000000e+02 0.000000000000000000e+00
3.240000000000000000e+02 0.000000000000000000e+00
3.245000000000000000e+02 0.000000000000000000e+00
3.250000000000000000e+02 0.000000000000000000e+00
3.255000000000000000e+02 0.000000000000000000e+00
3.260000000000000000e+02 0.000000000000000000e+00
3.265000000000000000e+02 0.000000000000000000e+00
3.270000000000000000e+02 0.000000000000000000e+00
3.275000000000000000e+02 0.000000000000000000e+00
3.280000000000000000e+02 0.000000000000000000e+00
3.285000000000000000e+02 0.000000000000000000e+00
3.290000000000000000e+02 0.000000000000000000e+00
3.295000000000000000e+02 0.000000000000000000e+00
3.300000000000000000e+02 0.000000000000000000e+00
3.305000000000000000e+02 0.000000000000000000e+00
3.310000000000000000e+02 0.000000000000000000e+00
3.315000000000000000e+02 0.000000000000000000e+00
3.320000000000000000e+02 0.000000000000000000e+00
3.325000000000000000e+02 0.000000000000000000e+00
3.330000000000000000e+02 0.000000000000000000e+00
3.335000000000000000e+02 0.000000000000000000e+00
3.340000000000000000e+02 0.000000000000000000e+00
3.345000000000000000e+02 0.000000000000000000e+00
3.350000000000000000e+02 0.000000000000000000e+00
3.355000000000000000e+02 0.000000000000000000e+00
3.360000000000000000e+02 0.000000000000000000e+00
3.365000000000000000e+02 0.000000000000000000e+00
3.370000000000000000e+02 0.000000000000000000e+00
3.375000000000000000e+02 0.000000000000000000e+00
3.380000000000000000e+02 0.000000000000000000e+00
3.385000000000000000e+02 0.000000000000000000e+00
3.390000000000000000e+02 0.000000000000000000e+00
3.395000000000000000e+02 0.000000000000000000e+00
3.400000000000000000e+02 0.000000000000000000e+00
3.405000000000000000e+02 0.000000000000000000e+00
3.410000000000000000e+02 0.000000000000000000e+00
3.415000000000000000e+02 0.000000000000000000e+00
3.420000000000000000e+02 0.000000000000000000e+00
3.425000000000000000e+02 0.000000000000000000e+00
3.430000000000000000e+02 0.000000000000000000e+00
3.435000000000000000e+02 0.000000000000000000e+00
3.440000000000000000e+02 0.000000000000000000e+00
3.445000000000000000e+02 0.000000000000000000e+00
3.450000000000000000e+02 0.000000000000000000e+00
3.455000000000000000e+02 0.000000000000000000e+00
3.460000000000000000e+02 0.000000000000000000e+00
3.465000000000000000e+02 0.000000000000000000e+00
3.470000000000000000e+02 0.000000000000000000e+00
3.475000000000000000e+02 0.000000000000000000e+00
3.480000000000000000e+02 0.000000000000000000e+00
3.485000000000000000e+02 0.000000000000000000e+00
3.490000000000000000e+02 0.000000000000000000e+00
3.495000000000000000e+02 0.000000000000000000e+00
3.500000000000000000e+02 0.000000000000000000e+00
3.505000000000000000e+02 0.000000000000000000e+00
3.510000000000000000e+02 0.000000000000000000e+00
3.515000000000000000e+02 0.000000000000000000e+00
3.520000000000000000e+02 0.000000000000000000e+00
3.525000000000000000e+02 0.000000000000000000e+00
3.530000000000000000e+02 0.000000000000000000e+00
3.535000000000000000e+02 0.000000000000000000e+00
3.540000000000000000e+02 0.000000000000000000e+00
3.545000000000000000e+02 0.000000000000000000e+00
3.550000000000000000e+02 0.000000000000000000e+00
3.555000000000000000e+02 0.000000000000000000e+00
3.560000000000000000e+02 0.000000000000000000e+00
3.565000000000000000e+02 0.000000000000000000e+00
3.570000000000000000e+02 0.000000000000000000e+00
3.575000000000000000e+02 0.000000000000000000e+00
3.580000000000000000e+02 0.000000000000000000e+00
3.585000000000000000e+02 0.000000000000000000e+00
3.590000000000000000e+02 0.000000000000000000e+00
3.595000000000000000e+02 0.000000000000000000e+00
3.600000000000000000e+02 0.000000000000000000e+00
3.605000000000000000e+02 0.000000000000000000e+00
3.610000000000000000e+02 0.000000000000000000e+00
3.615000000000000000e+02 0.000000000000000000e+00
3.620000000000000000e+02 0.000000000000000000e+00
3.625000000000000000e+02 0.000000000000000000e+00
3.630000000000000000e+02 0.000000000000000000e+00
3.635000000000000000e+02 0.000000000000000000e+00
3.640000000000000000e+02 0.000000000000000000e+00
3.645000000000000000e+02 0.000000000000000000e+00
3.650000000000000000e+02 0.000000000000000000e+00
3.655000000000000000e+02 0.000000000000000000e+00
3.660000000000000000e+02 0.000000000000000000e+00
3.665000000000000000e+02 0.000000000000000000e+00
3.670000000000000000e+02 0.000000000000000000e+00
3.675000000000000000e+02 0.000000000000000000e+00
3.680000000000000000e+02 0.000000000000000000e+00
3.685000000000000000e+02 0.000000000000000000e+00
3.690000000000000000e+02 0.000000000000000000e+00
3.695000000000000000e+02 0.000000000000000000e+00
3.700000000000000000e+02 0.000000000000000000e+00
3.705000000000000000e+02 0.000000000000000000e+00
3.710000000000000000e+02 0.000000000000000000e+00
3.715000000000000000e+02 0.000000000000000000e+00
3.720000000000000000e+02 0.000000000000000000e+00
3.725000000000000000e+02 0.000000000000000000e+00
3.730000000000000000e+02 0.000000000000000000e+00
3.735000000000000000e+02 0.000000000000000000e+00
3.740000000000000000e+02 0.000000000000000000e+00
3.745000000000000000e+02 0.000000000000000000e+00
3.750000000000000000e+02 0.000000000000000000e+00
3.755000000000000000e+02 0.000000000000000000e+00
3.760000000000000000e+02 0.000000000000000000e+00
3.765000000000000000e+02 0.000000000000000000e+00
3.770000000000000000e+02 0.000000000000000000e+00
3.775000000000000000e+02 0.000000000000000000e+00
3.780000000000000000e+02 0.000000000000000000e+00
3.785000000000000000e+02 0.000000000000000000e+00
3.790000000000000000e+02 0.000000000000000000e+00
3.795000000000000000e+02 0.000000000000000000e+00
3.800000000000000000e+02 0.000000000000000000e+00
3.805000000000000000e+02 0.000000000000000000e+00
3.810000000000000000e+02 0.000000000000000000e+00
3.815000000000000000e+02 0.000000000000000000e+00
3.820000000000000000e+02 0.000000000000000000e+00
3.825000000000000000e+02 0.000000000000000000e+00
3.830000000000000000e+02 0.000000000000000000e+00
3.835000000000000000e+02 0.000000000000000000e+00
3.840000000000000000e+02 0.000000000000000000e+00
3.845000000000000000e+02 0.000000000000000000e+00
3.850000000000000000e+02 0.000000000000000000e+00
3.855000000000000000e+02 0.000000000000000000e+00
3.860000000000000000e+02 0.000000000000000000e+00
3.865000000000000000e+02 0.000000000000000000e+00
3.870000000000000000e+02 0.000000000000000000e+00
3.875000000000000000e+02 0.000000000000000000e+00
3.880000000000000000e+02 0.000000000000000000e+00
3.885000000000000000e+02 0.000000000000000000e+00
3.890000000000000000e+02 0.000000000000000000e+00
3.895000000000000000e+02 0.000000000000000000e+00
3.900000000000000000e+02 0.000000000000000000e+00
3.905000000000000000e+02 0.000000000000000000e+00
3.910000000000000000e+02 0.000000000000000000e+00
3.915000000000000000e+02 0.000000000000000000e+00
3.920000000000000000e+02 0.000000000000000000e+00
3.925000000000000000e+02 0.000000000000000000e+00
3.930000000000000000e+02 0.000000000000000000e+00
3.935000000000000000e+02 0.000000000000000000e+00
3.940000000000000000e+02 0.000000000000000000e+00
3.945000000000000000e+02 0.000000000000000000e+00
3.950000000000000000e+02 0.000000000000000000e+00
3.955000000000000000e+02 0.000000000000000000e+00
3.960000000000000000e+02 0.000000000000000000e+00
3.965000000000000000e+02 0.000000000000000000e+00
3.970000000000000000e+02 0.000000000000000000e+00
3.975000000000000000e+02 0.000000000000000000e+00
3.980000000000000000e+02 0.000000000000000000e+00
3.985000000000000000e+02 0.000000000000000000e+00
3.990000000000000000e+02 0.000000000000000000e+00
3.995000000000000000e+02 0.000000000000000000e+00
4.000000000000000000e+02 0.000000000000000000e+00
4.005000000000000000e+02 0.000000000000000000e+00
4.010000000000000000e+02 0.000000000000000000e+00
4.015000000000000000e+02 0.000000000000000000e+00
4.020000000000000000e+02 0.000000000000000000e+00
4.025000000000000000e+02 0.000000000000000000e+00
4.030000000000000000e+02 0.000000000000000000e+00
4.035000000000000000e+02 0.000000000000000000e+00
4.040000000000000000e+02 3.062612175497805996e-04
4.045000000000000000e+02 3.077079607154910475e-04
4.050000000000000000e+02 3.091547038812014411e-04
4.055000000000000000e+02 3.106014470469119432e-04
4.060000000000000000e+02 3.120481902126223369e-04
4.065000000000000000e+02 3.134949333783327305e-04
4.070000000000000000e+02 3.149416765440431784e-04
4.075000000000000000e+02 3.163884197097536263e-04
4.080000000000000000e+02 3.178351628754640199e-04
4.085000000000000000e+02 3.192819060411744678e-04
4.090000000000000000e+02 3.207286492068849157e-04
4.095000000000000000e+02 3.221753923725953093e-04
4.100000000000000000e+02 3.236221355383057030e-04
4.105000000000000000e+02 3.250688787040162051e-04
4.110000000000000000e+02 3.265156218697265987e-04
4.115000000000000000e+02 3.279623650354370466e-04
4.120000000000000000e+02 3.294091082011474944e-04
4.125000000000000000e+02 3.308558513668578881e-04
4.130000000000000000e+02 3.323025945325682818e-04
4.135000000000000000e+02 3.337493376982787838e-04
4.140000000000000000e+02 3.351960808639891775e-04
4.145000000000000000e+02 3.366428240296995712e-04
4.150000000000000000e+02 3.380895671954100190e-04
4.155000000000000000e+02 3.395363103611204669e-04
4.160000000000000000e+02 3.409830535268309148e-04
4.165000000000000000e+02 3.424297966925413084e-04
4.170000000000000000e+02 3.438765398582517563e-04
4.175000000000000000e+02 3.453232830239622042e-04
4.180000000000000000e+02 3.467700261896726520e-04
4.185000000000000000e+02 3.482167693553830457e-04
4.190000000000000000e+02 3.496635327153270944e-04
4.195000000000000000e+02 3.511102971829717714e-04
4.200000000000000000e+02 3.525570616506164484e-04
4.205000000000000000e+02 3.540038261182611255e-04
4.210000000000000000e+02 3.554505905859058025e-04
4.215000000000000000e+02 3.568973550535504795e-04
4.220000000000000000e+02 3.583441195211952107e-04
4.225000000000000000e+02 3.597908839888398335e-04
4.230000000000000000e+02 3.612376484564845105e-04
4.235000000000000000e+02 3.626844129241291875e-04
4.240000000000000000e+02 3.641311773917738645e-04
4.245000000000000000e+02 3.655779418594185416e-04
4.250000000000000000e+02 3.670247063270632186e-04
4.255000000000000000e+02 3.684714707947078956e-04
4.260000000000000000e+02 3.699182352623525726e-04
4.265000000000000000e+02 3.713649997299972496e-04
4.270000000000000000e+02 3.728117641976419808e-04
4.275000000000000000e+02 3.742585286652866036e-04
4.280000000000000000e+02 3.757052931329313348e-04
4.285000000000000000e+02 3.771520576005759576e-04
4.290000000000000000e+02 3.785988220682206889e-04
4.295000000000000000e+02 3.800455865358653659e-04
4.300000000000000000e+02 3.814923819360064076e-04
4.305000000000000000e+02 3.829391890103955517e-04
4.310000000000000000e+02 3.843859960847846417e-04
4.315000000000000000e+02 3.858328031591737317e-04
4.320000000000000000e+02 3.872796102335628217e-04
4.325000000000000000e+02 3.887264173079519117e-04
4.330000000000000000e+02 3.901732243823410017e-04
4.335000000000000000e+02 3.916200314567300916e-04
4.340000000000000000e+02 3.930668385311191816e-04
4.345000000000000000e+02 3.945136456055082716e-04
4.350000000000000000e+02 3.959604526798974158e-04
4.355000000000000000e+02 3.974072597542865058e-04
4.360000000000000000e+02 3.988540668286755957e-04
4.365000000000000000e+02 4.003008739030646857e-04
4.370000000000000000e+02 4.017476809774537215e-04
4.375000000000000000e+02 4.031945496152288737e-04
4.380000000000000000e+02 4.046414241933306527e-04
4.385000000000000000e+02 4.060882987714324317e-04
4.390000000000000000e+02 4.075351733495342649e-04
4.395000000000000000e+02 4.089820479276359898e-04
4.400000000000000000e+02 4.104289225057378230e-04
4.405000000000000000e+02 4.118757970838396020e-04
4.410000000000000000e+02 4.133226716619414353e-04
4.415000000000000000e+02 4.147695462400431601e-04
4.420000000000000000e+02 4.162164208181449391e-04
4.425000000000000000e+02 4.176632953962467723e-04
4.430000000000000000e+02 4.191101699743485513e-04
4.435000000000000000e+02 4.205570445524503846e-04
4.440000000000000000e+02 4.220039191305521094e-04
4.445000000000000000e+02 4.332967614969091561e-04
4.450000000000000000e+02 5.352126951388846846e-04
4.455000000000000000e+02 6.371286287808601047e-04
4.460000000000000000e+02 7.390445624228356332e-04
4.465000000000000000e+02 8.409604960648110533e-04
4.470000000000000000e+02 9.428764297067864734e-04
4.475000000000000000e+02 1.044792363348762002e-03
4.480000000000000000e+02 1.146708296990737530e-03
4.485000000000000000e+02 1.248624230632713059e-03
4.490000000000000000e+02 1.350540164274688371e-03
4.495000000000000000e+02 1.452456097916663899e-03
4.500000000000000000e+02 1.554372031558639428e-03
4.505000000000000000e+02 1.656287965200614956e-03
4.510000000000000000e+02 1.758203898842590268e-03
4.515000000000000000e+02 1.860119832484565796e-03
4.520000000000000000e+02 1.962035766126541108e-03
4.525000000000000000e+02 2.063951699768516636e-03
4.530000000000000000e+02 2.165867633410492599e-03
4.535000000000000000e+02 2.267783567052468127e-03
4.540000000000000000e+02 2.369699500694443222e-03
4.545000000000000000e+02 2.471615434336418751e-03
4.550000000000000000e+02 2.573531367978394279e-03
4.555000000000000000e+02 2.675447301620369808e-03
4.560000000000000000e+02 2.777363235262345336e-03
4.565000000000000000e+02 2.879279168904320865e-03
4.570000000000000000e+02 2.981195102546296393e-03
4.575000000000000000e+02 3.023534680338191630e-03
4.580000000000000000e+02 2.790751985608924506e-03
4.585000000000000000e+02 2.557969290879657815e-03
4.590000000000000000e+02 2.325186596150391125e-03
4.595000000000000000e+02 2.092403901421124434e-03
4.600000000000000000e+02 1.859621206691857527e-03
4.605000000000000000e+02 1.626838511962590619e-03
4.610000000000000000e+02 1.394055817233323929e-03
4.615000000000000000e+02 1.161273122504057238e-03
4.620000000000000000e+02 9.284904277747902225e-04
4.625000000000000000e+02 6.957077330455234236e-04
4.630000000000000000e+02 4.769788045899426036e-04
4.635000000000000000e+02 4.784255477556529431e-04
4.640000000000000000e+02 4.798722909213633909e-04
4.645000000000000000e+02 4.813190340870738388e-04
4.650000000000000000e+02 4.827657772527842867e-04
4.655000000000000000e+02 4.842125204184946803e-04
4.660000000000000000e+02 4.856592635842051282e-04
4.665000000000000000e+02 4.871060067499155218e-04
4.670000000000000000e+02 4.885527499156259697e-04
4.675000000000000000e+02 4.899994930813363634e-04
4.680000000000000000e+02 4.914462362470468654e-04
4.685000000000000000e+02 4.928929794127572591e-04
4.690000000000000000e+02 4.943397225784676528e-04
4.695000000000000000e+02 4.957864657441780464e-04
4.700000000000000000e+02 4.972332089098885485e-04
4.705000000000000000e+02 4.986799520755989422e-04
4.710000000000000000e+02 5.001266952413094442e-04
4.715000000000000000e+02 5.015734384070198379e-04
4.720000000000000000e+02 5.030201815727302316e-04
4.725000000000000000e+02 5.044669247384406252e-04
4.730000000000000000e+02 5.059136679041511273e-04
4.735000000000000000e+02 5.073604110698615209e-04
4.740000000000000000e+02 5.088071542355720230e-04
4.745000000000000000e+02 5.102538974012824167e-04
4.750000000000000000e+02 5.117006405669928103e-04
4.755000000000000000e+02 5.131473837327032040e-04
4.760000000000000000e+02 5.145941268984137061e-04
4.765000000000000000e+02 5.160408700641240997e-04
4.770000000000000000e+02 5.174876132298344934e-04
4.775000000000000000e+02 5.189343563955449955e-04
4.780000000000000000e+02 1.356556353540056253e-03
4.785000000000000000e+02 3.302596710610181032e-03
4.790000000000000000e+02 5.248637067680306245e-03
4.795000000000000000e+02 7.194677424750431025e-03
4.800000000000000000e+02 9.140717781820555804e-03
4.805000000000000000e+02 1.108675813889068058e-02
4.810000000000000000e+02 1.303279849596080536e-02
4.815000000000000000e+02 1.497883885303093014e-02
4.820000000000000000e+02 1.692487921010105492e-02
4.825000000000000000e+02 1.887091956717118491e-02
4.830000000000000000e+02 2.081695992424130448e-02
4.835000000000000000e+02 2.276300028131143099e-02
4.840000000000000000e+02 2.470904063838155404e-02
4.845000000000000000e+02 2.665508099545168055e-02
4.850000000000000000e+02 2.860112135252180707e-02
4.855000000000000000e+02 3.054716170959193358e-02
4.860000000000000000e+02 3.249320206666205663e-02
4.865000000000000000e+02 3.443924242373217620e-02
4.870000000000000000e+02 3.638528278080230965e-02
4.875000000000000000e+02 3.833132313787242923e-02
4.880000000000000000e+02 4.027736349494256268e-02
4.885000000000000000e+02 4.222340385201268226e-02
4.890000000000000000e+02 4.416944420908280183e-02
4.895000000000000000e+02 4.611548456615292835e-02
4.900000000000000000e+02 4.806152492322305486e-02
4.905000000000000000e+02 5.000756528029318138e-02
4.910000000000000000e+02 5.195360563736330789e-02
4.915000000000000000e+02 5.389964599443342053e-02
4.920000000000000000e+02 5.584568635150355398e-02
4.925000000000000000e+02 5.779172670857367355e-02
4.930000000000000000e+02 8.240146763901450011e-02
4.935000000000000000e+02 1.077604218115511547e-01
4.940000000000000000e+02 1.331193759840878232e-01
4.945000000000000000e+02 1.584783301566244640e-01
4.950000000000000000e+02 1.838372843291611325e-01
4.955000000000000000e+02 2.091962385016977732e-01
4.960000000000000000e+02 2.345551926742344140e-01
4.965000000000000000e+02 2.599141468467710547e-01
4.970000000000000000e+02 2.852731010193077510e-01
4.975000000000000000e+02 3.106320551918443917e-01
4.980000000000000000e+02 3.359910093643810880e-01
4.985000000000000000e+02 3.613499635369177287e-01
4.990000000000000000e+02 3.867089177094543695e-01
4.995000000000000000e+02 4.120678718819910102e-01
5.000000000000000000e+02 4.374268260545277065e-01
5.005000000000000000e+02 4.627857802270643472e-01
5.010000000000000000e+02 4.881447343996010435e-01
5.015000000000000000e+02 5.135036885721376843e-01
5.020000000000000000e+02 5.388626427446742140e-01
5.025000000000000000e+02 5.642215969172108547e-01
5.030000000000000000e+02 5.895805510897476065e-01
5.035000000000000000e+02 6.149395052622842472e-01
5.040000000000000000e+02 6.402984594348208880e-01
5.045000000000000000e+02 6.656574136073575287e-01
5.050000000000000000e+02 6.709801805204191893e-01
5.055000000000000000e+02 6.723149293458619002e-01
5.060000000000000000e+02 6.736496781713047222e-01
5.065000000000000000e+02 6.749844269967473220e-01
5.070000000000000000e+02 6.763191758221901440e-01
5.075000000000000000e+02 6.776539246476327438e-01
5.080000000000000000e+02 6.789886734730755657e-01
5.085000000000000000e+02 6.803234222985182766e-01
5.090000000000000000e+02 6.816581711239609875e-01
5.095000000000000000e+02 6.829929199494038095e-01
5.100000000000000000e+02 6.843276687748464093e-01
5.105000000000000000e+02 6.856624176002891202e-01
5.110000000000000000e+02 6.869971664257319421e-01
5.115000000000000000e+02 6.883319152511746530e-01
5.120000000000000000e+02 6.896666640766173639e-01
5.125000000000000000e+02 6.910014129020600748e-01
5.130000000000000000e+02 6.923361617275027857e-01
5.135000000000000000e+02 6.936709105529454966e-01
5.140000000000000000e+02 6.950056593783882075e-01
5.145000000000000000e+02 6.963404082038309184e-01
5.150000000000000000e+02 6.976751570292736293e-01
5.155000000000000000e+02 6.990099058547163402e-01
5.160000000000000000e+02 7.003446546801590511e-01
5.165000000000000000e+02 7.016794035056019840e-01
5.170000000000000000e+02 7.030141523310445839e-01
5.175000000000000000e+02 7.043489011564872948e-01
5.180000000000000000e+02 7.056836499819301167e-01
5.185000000000000000e+02 7.070183988073727166e-01
5.190000000000000000e+02 7.083531476328155385e-01
5.195000000000000000e+02 7.096878964582581384e-01
5.200000000000000000e+02 7.110226452837008493e-01
5.205000000000000000e+02 7.123573941091436712e-01
5.210000000000000000e+02 7.136921429345863821e-01
5.215000000000000000e+02 7.143346769738817548e-01
5.220000000000000000e+02 7.145706721705193942e-01
5.225000000000000000e+02 7.148066673671569227e-01
5.230000000000000000e+02 7.150426625637945621e-01
5.235000000000000000e+02 7.152786577604323126e-01
5.240000000000000000e+02 7.155146529570699521e-01
5.245000000000000000e+02 7.157506481537075915e-01
5.250000000000000000e+02 7.159866433503452310e-01
5.255000000000000000e+02 7.162226385469829815e-01
5.260000000000000000e+02 7.164586337436205099e-01
5.265000000000000000e+02 7.166946289402582604e-01
5.270000000000000000e+02 7.169306241368958998e-01
5.275000000000000000e+02 7.171666193335335393e-01
5.280000000000000000e+02 7.174026145301711788e-01
5.285000000000000000e+02 7.176386097268088182e-01
5.290000000000000000e+02 7.178746049234464577e-01
5.295000000000000000e+02 7.181106001200840971e-01
5.300000000000000000e+02 7.183465953167216256e-01
5.305000000000000000e+02 7.185825905133593761e-01
5.310000000000000000e+02 7.188185857099970155e-01
5.315000000000000000e+02 7.190545809066346550e-01
5.320000000000000000e+02 7.192905761032721834e-01
5.325000000000000000e+02 7.195265712999099339e-01
5.330000000000000000e+02 7.197625664965475734e-01
5.335000000000000000e+02 7.199985616931852128e-01
5.340000000000000000e+02 7.202345568898228523e-01
5.345000000000000000e+02 7.204705520864604917e-01
5.350000000000000000e+02 7.207065472830982422e-01
5.355000000000000000e+02 7.209425424797358817e-01
5.360000000000000000e+02 7.211785376763735211e-01
5.365000000000000000e+02 7.214145328730110496e-01
5.370000000000000000e+02 7.216505280696486890e-01
5.375000000000000000e+02 7.218865232662863285e-01
5.380000000000000000e+02 7.227266553597763155e-01
5.385000000000000000e+02 7.248505783590778462e-01
5.390000000000000000e+02 7.269745013583791549e-01
5.395000000000000000e+02 7.290984243576805746e-01
5.400000000000000000e+02 7.312223473569819943e-01
5.405000000000000000e+02 7.333462703562834140e-01
5.410000000000000000e+02 7.354701933555848337e-01
5.415000000000000000e+02 7.375941163548862534e-01
5.420000000000000000e+02 7.397180393541876731e-01
5.425000000000000000e+02 7.418419623534890928e-01
5.430000000000000000e+02 7.439658853527905125e-01
5.435000000000000000e+02 7.460898083520919322e-01
5.440000000000000000e+02 7.482137313513934629e-01
5.445000000000000000e+02 7.503376543506947716e-01
5.450000000000000000e+02 7.524615773499961913e-01
5.455000000000000000e+02 7.545855003492976110e-01
5.460000000000000000e+02 7.567094233485990307e-01
5.465000000000000000e+02 7.588333463479004504e-01
5.470000000000000000e+02 7.609572693472017590e-01
5.475000000000000000e+02 7.630811923465032898e-01
5.480000000000000000e+02 7.652051153458045984e-01
5.485000000000000000e+02 7.673290383451061292e-01
5.490000000000000000e+02 7.694529613444075489e-01
5.495000000000000000e+02 7.715768843437089686e-01
5.500000000000000000e+02 7.737008073430103883e-01
5.505000000000000000e+02 7.758247303423118080e-01
5.510000000000000000e+02 7.768160859389066086e-01
5.515000000000000000e+02 7.768956634459581734e-01
5.520000000000000000e+02 7.769752409530096271e-01
5.525000000000000000e+02 7.770548184600613029e-01
5.530000000000000000e+02 7.771343959671128676e-01
5.535000000000000000e+02 7.772139734741643213e-01
5.540000000000000000e+02 7.772935509812158861e-01
5.545000000000000000e+02 7.773731284882674508e-01
5.550000000000000000e+02 7.774527059953190156e-01
5.555000000000000000e+02 7.775322835023705803e-01
5.560000000000000000e+02 7.776118610094221451e-01
5.565000000000000000e+02 7.776914385164737098e-01
5.570000000000000000e+02 7.777710160235252745e-01
5.575000000000000000e+02 7.778505935305768393e-01
5.580000000000000000e+02 7.779301710376282930e-01
5.585000000000000000e+02 7.780097485446798578e-01
5.590000000000000000e+02 7.780893260517314225e-01
5.595000000000000000e+02 7.781689035587829872e-01
5.600000000000000000e+02 7.782484810658345520e-01
5.605000000000000000e+02 7.783280585728860057e-01
5.610000000000000000e+02 7.784076360799375705e-01
5.615000000000000000e+02 7.784872135869891352e-01
5.620000000000000000e+02 7.785667910940408110e-01
5.625000000000000000e+02 7.786463686010922647e-01
5.630000000000000000e+02 7.787259461081438294e-01
5.635000000000000000e+02 7.788055236151953942e-01
5.640000000000000000e+02 7.788851011222469589e-01
5.645000000000000000e+02 7.789646786292985237e-01
5.650000000000000000e+02 7.790442561363499774e-01
5.655000000000000000e+02 7.791238336434016531e-01
5.660000000000000000e+02 7.792034111504531069e-01
5.665000000000000000e+02 7.792829886575046716e-01
5.670000000000000000e+02 7.793625661645562364e-01
5.675000000000000000e+02 7.795045680113520392e-01
5.680000000000000000e+02 7.798579364821948134e-01
5.685000000000000000e+02 7.802113049530372546e-01
5.690000000000000000e+02 7.805646734238800288e-01
5.695000000000000000e+02 7.809180418947225810e-01
5.700000000000000000e+02 7.812714103655652442e-01
5.705000000000000000e+02 7.816247788364077964e-01
5.710000000000000000e+02 7.819781473072505706e-01
5.715000000000000000e+02 7.823315157780931228e-01
5.720000000000000000e+02 7.826848842489357860e-01
5.725000000000000000e+02 7.830382527197783382e-01
5.730000000000000000e+02 7.833916211906210014e-01
5.735000000000000000e+02 7.837449896614636646e-01
5.740000000000000000e+02 7.840983581323062168e-01
5.745000000000000000e+02 7.844517266031487690e-01
5.750000000000000000e+02 7.848050950739915432e-01
5.755000000000000000e+02 7.851584635448340954e-01
5.760000000000000000e+02 7.855118320156766476e-01
5.765000000000000000e+02 7.858652004865193108e-01
5.770000000000000000e+02 7.862185689573619740e-01
5.775000000000000000e+02 7.865719374282046372e-01
5.780000000000000000e+02 7.869253058990471894e-01
5.785000000000000000e+02 7.872786743698897416e-01
5.790000000000000000e+02 7.876320428407324048e-01
5.795000000000000000e+02 7.879854113115750680e-01
5.800000000000000000e+02 7.883387797824177312e-01
5.805000000000000000e+02 7.886921482532602834e-01
5.810000000000000000e+02 7.890455167241029466e-01
5.815000000000000000e+02 7.893988851949454988e-01
5.820000000000000000e+02 7.897522536657882730e-01
5.825000000000000000e+02 7.906618792169083365e-01
5.830000000000000000e+02 7.918981954342230178e-01
5.835000000000000000e+02 7.931345116515379212e-01
5.840000000000000000e+02 7.943708278688526025e-01
5.845000000000000000e+02 7.956071440861671729e-01
5.850000000000000000e+02 7.968434603034819652e-01
5.855000000000000000e+02 7.980797765207967576e-01
5.860000000000000000e+02 7.993160927381114389e-01
5.865000000000000000e+02 8.005524089554261202e-01
5.870000000000000000e+02 8.017887251727409126e-01
5.875000000000000000e+02 8.030250413900555939e-01
5.880000000000000000e+02 8.042613576073702752e-01
5.885000000000000000e+02 8.054976738246850676e-01
5.890000000000000000e+02 8.067339900419996379e-01
5.895000000000000000e+02 8.079703062593145413e-01
5.900000000000000000e+02 8.092066224766292226e-01
5.905000000000000000e+02 8.104429386939437929e-01
5.910000000000000000e+02 8.116792549112585853e-01
5.915000000000000000e+02 8.129155711285733776e-01
5.920000000000000000e+02 8.141518873458881700e-01
5.925000000000000000e+02 8.153882035632027403e-01
5.930000000000000000e+02 8.166245197805175327e-01
5.935000000000000000e+02 8.178608359978322140e-01
5.940000000000000000e+02 8.190971522151470063e-01
5.945000000000000000e+02 8.203334684324615766e-01
5.950000000000000000e+02 8.215697846497763690e-01
5.955000000000000000e+02 8.228061008670910503e-01
5.960000000000000000e+02 8.240424170844059537e-01
5.965000000000000000e+02 8.252787333017205240e-01
5.970000000000000000e+02 8.266469099809627963e-01
5.975000000000000000e+02 8.291271928202339492e-01
5.980000000000000000e+02 8.316074756595049911e-01
5.985000000000000000e+02 8.340877584987762550e-01
5.990000000000000000e+02 8.365680413380474079e-01
5.995000000000000000e+02 8.390483241773185608e-01
6.000000000000000000e+02 8.415286070165897137e-01
6.005000000000000000e+02 8.440088898558608665e-01
6.010000000000000000e+02 8.464891726951320194e-01
6.015000000000000000e+02 8.489694555344031723e-01
6.020000000000000000e+02 8.514497383736743252e-01
6.025000000000000000e+02 8.539300212129454781e-01
6.030000000000000000e+02 8.564103040522166310e-01
6.035000000000000000e+02 8.588905868914877839e-01
6.040000000000000000e+02 8.613708697307589368e-01
6.045000000000000000e+02 8.638511525700300897e-01
6.050000000000000000e+02 8.663314354093012426e-01
6.055000000000000000e+02 8.688117182485723955e-01
6.060000000000000000e+02 8.712920010878435484e-01
6.065000000000000000e+02 8.737722839271147013e-01
6.070000000000000000e+02 8.762525667663858542e-01
6.075000000000000000e+02 8.787328496056570071e-01
6.080000000000000000e+02 8.812131324449281600e-01
6.085000000000000000e+02 8.836934152841993129e-01
6.090000000000000000e+02 8.861736981234704658e-01
6.095000000000000000e+02 8.886539809627416187e-01
6.100000000000000000e+02 8.911342638020127715e-01
6.105000000000000000e+02 8.936145466412838134e-01
6.110000000000000000e+02 8.960948294805550773e-01
6.115000000000000000e+02 8.985751123198261192e-01
6.120000000000000000e+02 9.000749729839528923e-01
6.125000000000000000e+02 9.011343541201165541e-01
6.130000000000000000e+02 9.021937352562801049e-01
6.135000000000000000e+02 9.032531163924437667e-01
6.140000000000000000e+02 9.043124975286073175e-01
6.145000000000000000e+02 9.053718786647708683e-01
6.150000000000000000e+02 9.064312598009344191e-01
6.155000000000000000e+02 9.074906409370980809e-01
6.160000000000000000e+02 9.085500220732616317e-01
6.165000000000000000e+02 9.096094032094252935e-01
6.170000000000000000e+02 9.106687843455887332e-01
6.175000000000000000e+02 9.117281654817523950e-01
6.180000000000000000e+02 9.127875466179158348e-01
6.185000000000000000e+02 9.138469277540796076e-01
6.190000000000000000e+02 9.149063088902431584e-01
6.195000000000000000e+02 9.159656900264067092e-01
6.200000000000000000e+02 9.170250711625702600e-01
6.205000000000000000e+02 9.180844522987338108e-01
6.210000000000000000e+02 9.191438334348975836e-01
6.215000000000000000e+02 9.202032145710610234e-01
6.220000000000000000e+02 9.212625957072246852e-01
6.225000000000000000e+02 9.223219768433881249e-01
6.230000000000000000e+02 9.233813579795517867e-01
6.235000000000000000e+02 9.244407391157154485e-01
6.240000000000000000e+02 9.255001202518789993e-01
6.245000000000000000e+02 9.265595013880425501e-01
6.250000000000000000e+02 9.276188825242061009e-01
6.255000000000000000e+02 9.286782636603697627e-01
6.260000000000000000e+02 9.297376447965333135e-01
6.265000000000000000e+02 9.306243469706058091e-01
6.270000000000000000e+02 9.305476823035393474e-01
6.275000000000000000e+02 9.304710176364726637e-01
6.280000000000000000e+02 9.303943529694060910e-01
6.285000000000000000e+02 9.303176883023395183e-01
6.290000000000000000e+02 9.302410236352729456e-01
6.295000000000000000e+02 9.301643589682063729e-01
6.300000000000000000e+02 9.300876943011396891e-01
6.305000000000000000e+02 9.300110296340731164e-01
6.310000000000000000e+02 9.299343649670065437e-01
6.315000000000000000e+02 9.298577002999399710e-01
6.320000000000000000e+02 9.297810356328735093e-01
6.325000000000000000e+02 9.297043709658068256e-01
6.330000000000000000e+02 9.296277062987403639e-01
6.335000000000000000e+02 9.295510416316736801e-01
6.340000000000000000e+02 9.294743769646072185e-01
6.345000000000000000e+02 9.293977122975405347e-01
6.350000000000000000e+02 9.293210476304738510e-01
6.355000000000000000e+02 9.292443829634073893e-01
6.360000000000000000e+02 9.291677182963407056e-01
6.365000000000000000e+02 9.290910536292742439e-01
6.370000000000000000e+02 9.290143889622075601e-01
6.375000000000000000e+02 9.289377242951409874e-01
6.380000000000000000e+02 9.288610596280744147e-01
6.385000000000000000e+02 9.287843949610077310e-01
6.390000000000000000e+02 9.287077302939411583e-01
6.395000000000000000e+02 9.286310656268745856e-01
6.400000000000000000e+02 9.285544009598080128e-01
6.405000000000000000e+02 9.284777362927414401e-01
6.410000000000000000e+02 9.284010716256748674e-01
6.415000000000000000e+02 9.283244069586082947e-01
6.420000000000000000e+02 9.282477422915417220e-01
6.425000000000000000e+02 9.281710776244751493e-01
6.430000000000000000e+02 9.280944129574084656e-01
6.435000000000000000e+02 9.286533212121210745e-01
6.440000000000000000e+02 9.293593818181816735e-01
6.445000000000000000e+02 9.300654424242423834e-01
6.450000000000000000e+02 9.307715030303029824e-01
6.455000000000000000e+02 9.314775636363636924e-01
6.460000000000000000e+02 9.321836242424241803e-01
6.465000000000000000e+02 9.328896848484848903e-01
6.470000000000000000e+02 9.335957454545453782e-01
6.475000000000000000e+02 9.343018060606060882e-01
6.480000000000000000e+02 9.350078666666665761e-01
6.485000000000000000e+02 9.357139272727272861e-01
6.490000000000000000e+02 9.364199878787877740e-01
6.495000000000000000e+02 9.371260484848484840e-01
6.500000000000000000e+02 9.378321090909089719e-01
6.505000000000000000e+02 9.385381696969696819e-01
6.510000000000000000e+02 9.392442303030302808e-01
6.515000000000000000e+02 9.399502909090908798e-01
6.520000000000000000e+02 9.406563515151514787e-01
6.525000000000000000e+02 9.414797257769652594e-01
6.530000000000000000e+02 9.425391407678245237e-01
6.535000000000000000e+02 9.435985557586837880e-01
6.540000000000000000e+02 9.446579707495430522e-01
6.545000000000000000e+02 9.457173857404022055e-01
6.550000000000000000e+02 9.467768007312614698e-01
6.555000000000000000e+02 9.478362157221207340e-01
6.560000000000000000e+02 9.488956307129799983e-01
6.565000000000000000e+02 9.499550457038392626e-01
6.570000000000000000e+02 9.510144606946983048e-01
6.575000000000000000e+02 9.520738756855576801e-01
6.580000000000000000e+02 9.531332906764167223e-01
6.585000000000000000e+02 9.541927056672760976e-01
6.590000000000000000e+02 9.552521206581352509e-01
6.595000000000000000e+02 9.563115356489946262e-01
6.600000000000000000e+02 9.573709506398536684e-01
6.605000000000000000e+02 9.584303656307129327e-01
6.610000000000000000e+02 9.594897806215721969e-01
6.615000000000000000e+02 9.605491956124314612e-01
6.620000000000000000e+02 9.616086106032906144e-01
6.625000000000000000e+02 9.626680255941498787e-01
6.630000000000000000e+02 9.637274405850091430e-01
6.635000000000000000e+02 9.647868555758684073e-01
6.640000000000000000e+02 9.658462705667275605e-01
6.645000000000000000e+02 9.669056855575868248e-01
6.650000000000000000e+02 9.679651005484460891e-01
6.655000000000000000e+02 9.690245155393053533e-01
6.660000000000000000e+02 9.700839305301645066e-01
6.665000000000000000e+02 9.711433455210237708e-01
6.670000000000000000e+02 9.722027605118830351e-01
6.675000000000000000e+02 9.731418272101477474e-01
6.680000000000000000e+02 9.740496700440869349e-01
6.685000000000000000e+02 9.749575128780261224e-01
6.690000000000000000e+02 9.758653557119654209e-01
6.695000000000000000e+02 9.767731985459047195e-01
6.700000000000000000e+02 9.776810413798436850e-01
6.705000000000000000e+02 9.785888842137829835e-01
6.710000000000000000e+02 9.794967270477221710e-01
6.715000000000000000e+02 9.804045698816614696e-01
6.720000000000000000e+02 9.813124127156006571e-01
6.725000000000000000e+02 9.822202555495396226e-01
6.730000000000000000e+02 9.831280983834789211e-01
6.735000000000000000e+02 9.840359412174182197e-01
6.740000000000000000e+02 9.849437840513574072e-01
6.745000000000000000e+02 9.858516268852965947e-01
6.750000000000000000e+02 9.867594697192356712e-01
6.755000000000000000e+02 9.876673125531749697e-01
6.760000000000000000e+02 9.885751553871140462e-01
6.765000000000000000e+02 9.894829982210534558e-01
6.770000000000000000e+02 9.903908410549925323e-01
6.775000000000000000e+02 9.912986838889318308e-01
6.780000000000000000e+02 9.922065267228709073e-01
6.785000000000000000e+02 9.931143695568102059e-01
6.790000000000000000e+02 9.940222123907493934e-01
6.795000000000000000e+02 9.949300552246886920e-01
6.800000000000000000e+02 9.958378980586277684e-01
6.805000000000000000e+02 9.960620614574188236e-01
6.810000000000000000e+02 9.962394775444046724e-01
6.815000000000000000e+02 9.964168936313906322e-01
6.820000000000000000e+02 9.965943097183765920e-01
6.825000000000000000e+02 9.967717258053624407e-01
6.830000000000000000e+02 9.969491418923482895e-01
6.835000000000000000e+02 9.971265579793341383e-01
6.840000000000000000e+02 9.973039740663200980e-01
6.845000000000000000e+02 9.974813901533059468e-01
6.850000000000000000e+02 9.976588062402917956e-01
6.855000000000000000e+02 9.978362223272776443e-01
6.860000000000000000e+02 9.980136384142634931e-01
6.865000000000000000e+02 9.981910545012494529e-01
6.870000000000000000e+02 9.983684705882354127e-01
6.875000000000000000e+02 9.985458866752212614e-01
6.880000000000000000e+02 9.987233027622071102e-01
6.885000000000000000e+02 9.989007188491929590e-01
6.890000000000000000e+02 9.990781349361789188e-01
6.895000000000000000e+02 9.992555510231648785e-01
6.900000000000000000e+02 9.994329671101506163e-01
6.905000000000000000e+02 9.996103831971365761e-01
6.910000000000000000e+02 9.997877992841224248e-01
6.915000000000000000e+02 9.999652153711082736e-01
6.920000000000000000e+02 1.000142631458094122e+00
6.925000000000000000e+02 1.000320047545080193e+00
6.930000000000000000e+02 1.000497463632065820e+00
6.935000000000000000e+02 1.000674879719051891e+00
6.940000000000000000e+02 1.000852295806037739e+00
6.945000000000000000e+02 1.001029711893023588e+00
6.950000000000000000e+02 1.001150434694566327e+00
6.955000000000000000e+02 1.001151784677691614e+00
6.960000000000000000e+02 1.001153134660816679e+00
6.965000000000000000e+02 1.001154484643941966e+00
6.970000000000000000e+02 1.001155834627067254e+00
6.975000000000000000e+02 1.001157184610192541e+00
6.980000000000000000e+02 1.001158534593317606e+00
6.985000000000000000e+02 1.001159884576442893e+00
6.990000000000000000e+02 1.001161234559567959e+00
6.995000000000000000e+02 1.001162584542693246e+00
7.000000000000000000e+02 1.001163934525818533e+00
7.005000000000000000e+02 1.001165284508943820e+00
7.010000000000000000e+02 1.001166634492069107e+00
7.015000000000000000e+02 1.001167984475194173e+00
7.020000000000000000e+02 1.001169334458319460e+00
7.025000000000000000e+02 1.001170684441444525e+00
7.030000000000000000e+02 1.001172034424569812e+00
7.035000000000000000e+02 1.001173384407695099e+00
7.040000000000000000e+02 1.001174734390820165e+00
7.045000000000000000e+02 1.001176084373945452e+00
7.050000000000000000e+02 1.001177434357070517e+00
7.055000000000000000e+02 1.001178784340195804e+00
7.060000000000000000e+02 1.001180134323321091e+00
7.065000000000000000e+02 1.001181484306446379e+00
7.070000000000000000e+02 1.001182834289571444e+00
7.075000000000000000e+02 1.001184184272696731e+00
7.080000000000000000e+02 1.001185534255821796e+00
7.085000000000000000e+02 1.001186884238947084e+00
7.090000000000000000e+02 1.001188234222072371e+00
7.095000000000000000e+02 1.001189584205197658e+00
7.100000000000000000e+02 1.000101249613653209e+00
7.105000000000000000e+02 9.985279109050595459e-01
7.110000000000000000e+02 9.969545721964658824e-01
7.115000000000000000e+02 9.953812334878719970e-01
7.120000000000000000e+02 9.938078947792784446e-01
7.125000000000000000e+02 9.922345560706846701e-01
7.130000000000000000e+02 9.906612173620910067e-01
7.135000000000000000e+02 9.890878786534973433e-01
7.140000000000000000e+02 9.875145399449036798e-01
7.145000000000000000e+02 9.859412012363100164e-01
7.150000000000000000e+02 9.843678625277163530e-01
7.155000000000000000e+02 9.827945238191226895e-01
7.160000000000000000e+02 9.812211851105288041e-01
7.165000000000000000e+02 9.796478464019351406e-01
7.170000000000000000e+02 9.780745076933415882e-01
7.175000000000000000e+02 9.765011689847478138e-01
7.180000000000000000e+02 9.749278302761541504e-01
7.185000000000000000e+02 9.733544915675604869e-01
7.190000000000000000e+02 9.717811528589667125e-01
7.195000000000000000e+02 9.702078141503730491e-01
7.200000000000000000e+02 9.686344754417793856e-01
7.205000000000000000e+02 9.670611367331858332e-01
7.210000000000000000e+02 9.654877980245919478e-01
7.215000000000000000e+02 9.639144593159982843e-01
7.220000000000000000e+02 9.623411206074046209e-01
7.225000000000000000e+02 9.607677818988109575e-01
7.230000000000000000e+02 9.591944431902172941e-01
7.235000000000000000e+02 9.576211044816235196e-01
7.240000000000000000e+02 9.560477657730297452e-01
7.245000000000000000e+02 9.544744270644360817e-01
7.250000000000000000e+02 9.550117731481480021e-01
7.255000000000000000e+02 9.557177916666665940e-01
7.260000000000000000e+02 9.564238101851850749e-01
7.265000000000000000e+02 9.571298287037036667e-01
7.270000000000000000e+02 9.578358472222221476e-01
7.275000000000000000e+02 9.585418657407407395e-01
7.280000000000000000e+02 9.592478842592592203e-01
7.285000000000000000e+02 9.599539027777777012e-01
7.290000000000000000e+02 9.606599212962962930e-01
7.295000000000000000e+02 9.613659398148148849e-01
7.300000000000000000e+02 9.620719583333332547e-01
7.305000000000000000e+02 9.627779768518518466e-01
7.310000000000000000e+02 9.634839953703703275e-01
7.315000000000000000e+02 9.641900138888888083e-01
7.320000000000000000e+02 9.648960324074074002e-01
7.325000000000000000e+02 9.656020509259259921e-01
7.330000000000000000e+02 9.663080694444443619e-01
7.335000000000000000e+02 9.670140879629629538e-01
7.340000000000000000e+02 9.677201064814815457e-01
7.345000000000000000e+02 9.684261249999999155e-01
7.350000000000000000e+02 9.691321435185185074e-01
7.355000000000000000e+02 9.698381620370370992e-01
7.360000000000000000e+02 9.705441805555556911e-01
7.365000000000000000e+02 9.712501990740740609e-01
7.370000000000000000e+02 9.719562175925926528e-01
7.375000000000000000e+02 9.726622361111111337e-01
7.380000000000000000e+02 9.733682546296296145e-01
7.385000000000000000e+02 9.740742731481482064e-01
7.390000000000000000e+02 9.747802916666666873e-01
7.395000000000000000e+02 9.754863101851852791e-01
7.400000000000000000e+02 9.761923287037036490e-01
7.405000000000000000e+02 9.768983472222222408e-01
7.410000000000000000e+02 9.776043657407407217e-01
7.415000000000000000e+02 9.766863225893096523e-01
7.420000000000000000e+02 9.749390757453665346e-01
7.425000000000000000e+02 9.731918289014235279e-01
7.430000000000000000e+02 9.714445820574804102e-01
7.435000000000000000e+02 9.696973352135374036e-01
7.440000000000000000e+02 9.679500883695943969e-01
7.445000000000000000e+02 9.662028415256513902e-01
7.450000000000000000e+02 9.644555946817082726e-01
7.455000000000000000e+02 9.627083478377651549e-01
7.460000000000000000e+02 9.609611009938221482e-01
7.465000000000000000e+02 9.592138541498790305e-01
7.470000000000000000e+02 9.574666073059360238e-01
7.475000000000000000e+02 9.557193604619930172e-01
7.480000000000000000e+02 9.539721136180498995e-01
7.485000000000000000e+02 9.522248667741068928e-01
7.490000000000000000e+02 9.515151008629988416e-01
7.495000000000000000e+02 9.511152318539065620e-01
7.500000000000000000e+02 9.507153628448142824e-01
7.505000000000000000e+02 9.503154938357218917e-01
7.510000000000000000e+02 9.499156248266296121e-01
7.515000000000000000e+02 9.495157558175373325e-01
7.520000000000000000e+02 9.491158868084449418e-01
7.525000000000000000e+02 9.487160177993526622e-01
7.530000000000000000e+02 9.483161487902603826e-01
7.535000000000000000e+02 9.479162797811681029e-01
7.540000000000000000e+02 9.475164107720757123e-01
7.545000000000000000e+02 9.471165417629834327e-01
7.550000000000000000e+02 9.467166727538911530e-01
7.555000000000000000e+02 9.463168037447987624e-01
7.560000000000000000e+02 9.459169347357065938e-01
7.565000000000000000e+02 9.455170657266143142e-01
7.570000000000000000e+02 9.451171967175220345e-01
7.575000000000000000e+02 9.447173277084296439e-01
7.580000000000000000e+02 9.443174586993372532e-01
7.585000000000000000e+02 9.439175896902449736e-01
7.590000000000000000e+02 9.435177206811526940e-01
7.595000000000000000e+02 9.431178516720604144e-01
7.600000000000000000e+02 9.427179826629681347e-01
7.605000000000000000e+02 9.423181136538757441e-01
7.610000000000000000e+02 9.419182446447834645e-01
7.615000000000000000e+02 9.415183756356910738e-01
7.620000000000000000e+02 9.411185066265987942e-01
7.625000000000000000e+02 9.407186376175065146e-01
7.630000000000000000e+02 9.403187686084142349e-01
7.635000000000000000e+02 9.399188995993219553e-01
7.640000000000000000e+02 9.395190305902296757e-01
7.645000000000000000e+02 9.391191615811371740e-01
7.650000000000000000e+02 9.387192925720448944e-01
7.655000000000000000e+02 9.383194235629526148e-01
7.660000000000000000e+02 9.379195545538603351e-01
7.665000000000000000e+02 9.375196855447680555e-01
7.670000000000000000e+02 9.371198165356757759e-01
7.675000000000000000e+02 9.367199475265834963e-01
7.680000000000000000e+02 9.363200785174911056e-01
7.685000000000000000e+02 9.359202095083988260e-01
7.690000000000000000e+02 9.355203404993065464e-01
7.695000000000000000e+02 9.351204714902141557e-01
7.700000000000000000e+02 9.347206024811218761e-01
7.705000000000000000e+02 9.343207334720295965e-01
7.710000000000000000e+02 9.339208644629372058e-01
7.715000000000000000e+02 9.335209954538449262e-01
7.720000000000000000e+02 9.331211264447526466e-01
7.725000000000000000e+02 9.327212574356604780e-01
7.730000000000000000e+02 9.323213884265680873e-01
7.735000000000000000e+02 9.319215194174758077e-01
7.740000000000000000e+02 9.315216504083834170e-01
7.745000000000000000e+02 9.311217813992910264e-01
7.750000000000000000e+02 9.292677351757447912e-01
7.755000000000000000e+02 9.271730209283607360e-01
7.760000000000000000e+02 9.250783066809767918e-01
7.765000000000000000e+02 9.229835924335927366e-01
7.770000000000000000e+02 9.208888781862087924e-01
7.775000000000000000e+02 9.187941639388248483e-01
7.780000000000000000e+02 9.166994496914407931e-01
7.785000000000000000e+02 9.149626505234321749e-01
7.790000000000000000e+02 9.137538646903433648e-01
7.795000000000000000e+02 9.125450788572546656e-01
7.800000000000000000e+02 9.113362930241659665e-01
7.805000000000000000e+02 9.101275071910771564e-01
7.810000000000000000e+02 9.089187213579884572e-01
7.815000000000000000e+02 9.077099355248996471e-01
7.820000000000000000e+02 9.065011496918109479e-01
7.825000000000000000e+02 9.052923638587222488e-01
7.830000000000000000e+02 9.040835780256335497e-01
7.835000000000000000e+02 9.028747921925447395e-01
7.840000000000000000e+02 9.016660063594559293e-01
7.845000000000000000e+02 9.004572205263672302e-01
7.850000000000000000e+02 8.992484346932785311e-01
7.855000000000000000e+02 8.980396488601897209e-01
7.860000000000000000e+02 8.968308630271010218e-01
7.865000000000000000e+02 8.956220771940124337e-01
7.870000000000000000e+02 8.944132913609235125e-01
7.875000000000000000e+02 8.932045055278348133e-01
7.880000000000000000e+02 8.919957196947461142e-01
7.885000000000000000e+02 8.907869338616574151e-01
7.890000000000000000e+02 8.895781480285686049e-01
7.895000000000000000e+02 8.883693621954797948e-01
7.900000000000000000e+02 8.871605763623910956e-01
7.905000000000000000e+02 8.859517905293023965e-01
7.910000000000000000e+02 8.847430046962136974e-01
7.915000000000000000e+02 8.835342188631249982e-01
7.920000000000000000e+02 8.823254330300361881e-01
7.925000000000000000e+02 8.811166471969473779e-01
7.930000000000000000e+02 8.799078613638586788e-01
7.935000000000000000e+02 8.786990755307699796e-01
7.940000000000000000e+02 8.774902896976811695e-01
7.945000000000000000e+02 8.762815038645924703e-01
7.950000000000000000e+02 8.750727180315036602e-01
7.955000000000000000e+02 8.738639321984150721e-01
7.960000000000000000e+02 8.726551463653262619e-01
7.965000000000000000e+02 8.714463605322374518e-01
7.970000000000000000e+02 8.702375746991487526e-01
7.975000000000000000e+02 8.690287888660599425e-01
7.980000000000000000e+02 8.678200030329712433e-01
7.985000000000000000e+02 8.666112171998825442e-01
7.990000000000000000e+02 8.655213456816713835e-01
7.995000000000000000e+02 8.645412412233470789e-01
8.000000000000000000e+02 8.635611367650226633e-01
8.005000000000000000e+02 8.625810323066983587e-01
8.010000000000000000e+02 8.616009278483738321e-01
8.015000000000000000e+02 8.606208233900496385e-01
8.020000000000000000e+02 8.596407189317252229e-01
8.025000000000000000e+02 8.586606144734008073e-01
8.030000000000000000e+02 8.576805100150765027e-01
8.035000000000000000e+02 8.567004055567521981e-01
8.040000000000000000e+02 8.557203010984277824e-01
8.045000000000000000e+02 8.547401966401033668e-01
8.050000000000000000e+02 8.537600921817790622e-01
8.055000000000000000e+02 8.527799877234546466e-01
8.060000000000000000e+02 8.517998832651303420e-01
8.065000000000000000e+02 8.508197788068059264e-01
8.070000000000000000e+02 8.498396743484815108e-01
8.075000000000000000e+02 8.488595698901573172e-01
8.080000000000000000e+02 8.478794654318329016e-01
8.085000000000000000e+02 8.468993609735084860e-01
8.090000000000000000e+02 8.459192565151841814e-01
8.095000000000000000e+02 8.449391520568598768e-01
8.100000000000000000e+02 8.439590475985354612e-01
8.105000000000000000e+02 8.429789431402110456e-01
8.110000000000000000e+02 8.419988386818866299e-01
8.115000000000000000e+02 8.410187342235624364e-01
8.120000000000000000e+02 8.400386297652380208e-01
8.125000000000000000e+02 8.390585253069137162e-01
8.130000000000000000e+02 8.380784208485894116e-01
8.135000000000000000e+02 8.370983163902648849e-01
8.140000000000000000e+02 8.361182119319405803e-01
8.145000000000000000e+02 8.351381074736161647e-01
8.150000000000000000e+02 8.341580030152918601e-01
8.155000000000000000e+02 8.331778985569674445e-01
8.160000000000000000e+02 8.321977940986431399e-01
8.165000000000000000e+02 8.312176896403187243e-01
8.170000000000000000e+02 8.302375851819944197e-01
8.175000000000000000e+02 8.286148633093525229e-01
8.180000000000000000e+02 8.259256699831624138e-01
8.185000000000000000e+02 8.232364766569721937e-01
8.190000000000000000e+02 8.205472833307823066e-01
8.195000000000000000e+02 8.178580900045920865e-01
8.200000000000000000e+02 8.151688966784020884e-01
8.205000000000000000e+02 8.124797033522118683e-01
8.210000000000000000e+02 8.097905100260217592e-01
8.215000000000000000e+02 8.071013166998316501e-01
8.220000000000000000e+02 8.044121233736415411e-01
8.225000000000000000e+02 8.017229300474515430e-01
8.230000000000000000e+02 7.990337367212614339e-01
8.235000000000000000e+02 7.963445433950713248e-01
8.240000000000000000e+02 7.936553500688812157e-01
8.245000000000000000e+02 7.909661567426911066e-01
8.250000000000000000e+02 7.882769634165009975e-01
8.255000000000000000e+02 7.855877700903108884e-01
8.260000000000000000e+02 7.828985767641206683e-01
8.265000000000000000e+02 7.802093834379306703e-01
8.270000000000000000e+02 7.775201901117405612e-01
8.275000000000000000e+02 7.748309967855504521e-01
8.280000000000000000e+02 7.721418034593603430e-01
8.285000000000000000e+02 7.694526101331702339e-01
8.290000000000000000e+02 7.667634168069801248e-01
8.295000000000000000e+02 7.640742234807900157e-01
8.300000000000000000e+02 7.613850301545999066e-01
8.305000000000000000e+02 7.588832183368012796e-01
8.310000000000000000e+02 7.569619820122157616e-01
8.315000000000000000e+02 7.550407456876301326e-01
8.320000000000000000e+02 7.531195093630446147e-01
8.325000000000000000e+02 7.511982730384590967e-01
8.330000000000000000e+02 7.492770367138735788e-01
8.335000000000000000e+02 7.473558003892879498e-01
8.340000000000000000e+02 7.454345640647024318e-01
8.345000000000000000e+02 7.435133277401169138e-01
8.350000000000000000e+02 7.415920914155313959e-01
8.355000000000000000e+02 7.396708550909458779e-01
8.360000000000000000e+02 7.377496187663602489e-01
8.365000000000000000e+02 7.358283824417747310e-01
8.370000000000000000e+02 7.339071461171891020e-01
8.375000000000000000e+02 7.319859097926035840e-01
8.380000000000000000e+02 7.300646734680180661e-01
8.385000000000000000e+02 7.281434371434325481e-01
8.390000000000000000e+02 7.262222008188470301e-01
8.395000000000000000e+02 7.243009644942615122e-01
8.400000000000000000e+02 7.223797281696759942e-01
8.405000000000000000e+02 7.204584918450903652e-01
8.410000000000000000e+02 7.185372555205048473e-01
8.415000000000000000e+02 7.166160191959192183e-01
8.420000000000000000e+02 7.146947828713337003e-01
8.425000000000000000e+02 7.127735465467481824e-01
8.430000000000000000e+02 7.108523102221626644e-01
8.435000000000000000e+02 7.089310738975771464e-01
8.440000000000000000e+02 7.070098375729915174e-01
8.445000000000000000e+02 7.050886012484059995e-01
8.450000000000000000e+02 7.031673649238204815e-01
8.455000000000000000e+02 7.013236755758515129e-01
8.460000000000000000e+02 6.995763113961455115e-01
8.465000000000000000e+02 6.978289472164397322e-01
8.470000000000000000e+02 6.960815830367337309e-01
8.475000000000000000e+02 6.943342188570279516e-01
8.480000000000000000e+02 6.925868546773220613e-01
8.485000000000000000e+02 6.908394904976161710e-01
8.490000000000000000e+02 6.890921263179103917e-01
8.495000000000000000e+02 6.873447621382045014e-01
8.500000000000000000e+02 6.855973979584986111e-01
8.505000000000000000e+02 6.838500337787927208e-01
8.510000000000000000e+02 6.821026695990868305e-01
8.515000000000000000e+02 6.803553054193809402e-01
8.520000000000000000e+02 6.786079412396750499e-01
8.525000000000000000e+02 6.768605770599692706e-01
8.530000000000000000e+02 6.751132128802634913e-01
8.535000000000000000e+02 6.733658487005576010e-01
8.540000000000000000e+02 6.716184845208517107e-01
8.545000000000000000e+02 6.698711203411458204e-01
8.550000000000000000e+02 6.681237561614399301e-01
8.555000000000000000e+02 6.663763919817340398e-01
8.560000000000000000e+02 6.646290278020281495e-01
8.565000000000000000e+02 6.628816636223222591e-01
8.570000000000000000e+02 6.611342994426163688e-01
8.575000000000000000e+02 6.593869352629104785e-01
8.580000000000000000e+02 6.576395710832046992e-01
8.585000000000000000e+02 6.558922069034988089e-01
8.590000000000000000e+02 6.541448427237929186e-01
8.595000000000000000e+02 6.523974785440871393e-01
8.600000000000000000e+02 6.506501143643811380e-01
8.605000000000000000e+02 6.482627497619047885e-01
8.610000000000000000e+02 6.455515295238094531e-01
8.615000000000000000e+02 6.428403092857142287e-01
8.620000000000000000e+02 6.401290890476191153e-01
8.625000000000000000e+02 6.374178688095237799e-01
8.630000000000000000e+02 6.347066485714285555e-01
8.635000000000000000e+02 6.319954283333332201e-01
8.640000000000000000e+02 6.292842080952379957e-01
8.645000000000000000e+02 6.265729878571427713e-01
8.650000000000000000e+02 6.238617676190476580e-01
8.655000000000000000e+02 6.211505473809523226e-01
8.660000000000000000e+02 6.184393271428570982e-01
8.665000000000000000e+02 6.157281069047617628e-01
8.670000000000000000e+02 6.130168866666665384e-01
8.675000000000000000e+02 6.103056664285713140e-01
8.680000000000000000e+02 6.075944461904760896e-01
8.685000000000000000e+02 6.048832259523808652e-01
8.690000000000000000e+02 6.021720057142856408e-01
8.695000000000000000e+02 5.994607854761904164e-01
8.700000000000000000e+02 5.967495652380950810e-01
8.705000000000000000e+02 5.940383449999999677e-01
8.710000000000000000e+02 5.913271247619046322e-01
8.715000000000000000e+02 5.886159045238092968e-01
8.720000000000000000e+02 5.859046842857141835e-01
8.725000000000000000e+02 5.831934640476188481e-01
8.730000000000000000e+02 5.804822438095236237e-01
8.735000000000000000e+02 5.777710235714283993e-01
8.740000000000000000e+02 5.750598033333331749e-01
8.745000000000000000e+02 5.723485830952379505e-01
8.750000000000000000e+02 5.696373628571426151e-01
8.755000000000000000e+02 5.669261426190473907e-01
8.760000000000000000e+02 5.642149223809520553e-01
8.765000000000000000e+02 5.615037021428569419e-01
8.770000000000000000e+02 5.579163917737774980e-01
8.775000000000000000e+02 5.415162632390734254e-01
8.780000000000000000e+02 5.251161347043692418e-01
8.785000000000000000e+02 5.087160061696650581e-01
8.790000000000000000e+02 4.923158776349609300e-01
8.795000000000000000e+02 4.759157491002567464e-01
8.800000000000000000e+02 4.595156205655524517e-01
8.805000000000000000e+02 4.431154920308483236e-01
8.810000000000000000e+02 4.267153634961441400e-01
8.815000000000000000e+02 4.103152349614399563e-01
8.820000000000000000e+02 3.939151064267357727e-01
8.825000000000000000e+02 3.775149778920315891e-01
8.830000000000000000e+02 3.611148493573274054e-01
8.835000000000000000e+02 3.447147208226232218e-01
8.840000000000000000e+02 3.283145922879190381e-01
8.845000000000000000e+02 3.119144637532148545e-01
8.850000000000000000e+02 3.011060556506951480e-01
8.855000000000000000e+02 2.958006105131844587e-01
8.860000000000000000e+02 2.904951653756738805e-01
8.865000000000000000e+02 2.851897202381632468e-01
8.870000000000000000e+02 2.798842751006526131e-01
8.875000000000000000e+02 2.745788299631419793e-01
8.880000000000000000e+02 2.692733848256312901e-01
8.885000000000000000e+02 2.639679396881207118e-01
8.890000000000000000e+02 2.586624945506100781e-01
8.895000000000000000e+02 2.533570494130994999e-01
8.900000000000000000e+02 2.480516042755888106e-01
8.905000000000000000e+02 2.427461591380782047e-01
8.910000000000000000e+02 2.374407140005675709e-01
8.915000000000000000e+02 2.321352688630569372e-01
8.920000000000000000e+02 2.268298237255463035e-01
8.925000000000000000e+02 2.215243785880356420e-01
8.930000000000000000e+02 2.162189334505250360e-01
8.935000000000000000e+02 2.109134883130144023e-01
8.940000000000000000e+02 2.056080431755037685e-01
8.945000000000000000e+02 2.003025980379931625e-01
8.950000000000000000e+02 1.949971529004825010e-01
8.955000000000000000e+02 1.896917077629718951e-01
8.960000000000000000e+02 1.843862626254612613e-01
8.965000000000000000e+02 1.790808174879505998e-01
8.970000000000000000e+02 1.737753723504399939e-01
8.975000000000000000e+02 1.684699272129293601e-01
8.980000000000000000e+02 1.631644820754187541e-01
8.985000000000000000e+02 1.578590369379080927e-01
8.990000000000000000e+02 1.525535918003974867e-01
8.995000000000000000e+02 1.472481466628868529e-01
