 scat/ext  0.646740496    
           0   4.83006649E-02
           1   4.15813327E-02
           2   3.10733337E-02
           3   2.25846656E-02
           4   1.64813325E-02
           5   1.21933334E-02
           6   9.17866733E-03
           7   7.33516738E-03
           8   5.49166696E-03
           9   4.50736657E-03
          10   3.52306664E-03
          11   2.96670012E-03
          12   2.41033337E-03
          13   2.08000001E-03
          14   1.74966664E-03
          15   1.54306670E-03
          16   1.33646664E-03
          17   1.19994674E-03
          18   1.06342672E-03
          19   9.70180030E-04
          20   8.76933336E-04
          21   8.09896679E-04
          22   7.42860022E-04
          23   6.92059984E-04
          24   6.41260005E-04
          25   6.02523331E-04
          26   5.63786656E-04
          27   5.32859995E-04
          28   5.01933333E-04
          29   4.75819979E-04
          30   4.49706655E-04
          31   4.27529973E-04
          32   4.05353319E-04
          33   3.86296655E-04
          34   3.67239991E-04
          35   3.50713322E-04
          36   3.34186654E-04
          37   3.19520012E-04
          38   3.04853340E-04
          39   2.91936682E-04
          40   2.79019994E-04
          41   2.67383351E-04
          42   2.55746680E-04
          43   2.44783354E-04
          44   2.33819999E-04
          45   2.24079995E-04
          46   2.14339991E-04
          47   2.05656659E-04
          48   1.96973328E-04
          49   1.89176659E-04
          50   1.81379990E-04
          51   1.73973327E-04
          52   1.66566664E-04
          53   1.59939998E-04
          54   1.53313333E-04
          55   1.47320010E-04
          56   1.41326673E-04
          57   1.35866663E-04
          58   1.30406668E-04
          59   1.25310005E-04
          60   1.20213335E-04
          61   1.15513336E-04
          62   1.10813329E-04
          63   1.06575666E-04
          64   1.02338003E-04
          65   9.85693332E-05
          66   9.48006709E-05
          67   9.13546683E-05
          68   8.79086656E-05
          69   8.47863266E-05
          70   8.16639949E-05
          71   7.86106684E-05
          72   7.55573346E-05
          73   7.27389997E-05
          74   6.99206648E-05
          75   6.73793329E-05
          76   6.48380010E-05
          77   6.26440014E-05
          78   6.04500019E-05
          79   5.84276677E-05
          80   5.64053335E-05
          81   5.44243339E-05
          82   5.24433344E-05
          83   5.06340002E-05
          84   4.88246660E-05
          85   4.72123356E-05
          86   4.56000016E-05
          87   4.41276679E-05
          88   4.26553343E-05
          89   4.12680020E-05
          90   3.98806660E-05
          91   3.86326647E-05
          92   3.73846669E-05
          93   3.63469990E-05
          94   3.53093310E-05
          95   3.44119981E-05
          96   3.35146688E-05
          97   3.26029985E-05
          98   3.16913320E-05
          99   3.07596674E-05
         100   2.98280011E-05
         101   2.89710006E-05
         102   2.81140001E-05
         103   2.74366666E-05
         104   2.67593332E-05
         105   2.62506655E-05
         106   2.57419997E-05
         107   2.52966674E-05
         108   2.48513334E-05
         109   2.43893337E-05
         110   2.39273340E-05
         111   2.34376676E-05
         112   2.29479992E-05
         113   2.24743344E-05
         114   2.20006677E-05
         115   2.16750013E-05
         116   2.13493331E-05
         117   2.11993338E-05
         118   2.10493345E-05
         119   2.09326681E-05
         120   2.08160000E-05
         121   2.06690002E-05
         122   2.05220003E-05
         123   2.03813324E-05
         124   2.02406663E-05
         125   2.01709991E-05
         126   2.01013336E-05
         127   2.01479997E-05
         128   2.01946659E-05
         129   2.03693344E-05
         130   2.05440010E-05
         131   2.08130004E-05
         132   2.10819999E-05
         133   2.13773346E-05
         134   2.16726676E-05
         135   2.20466663E-05
         136   2.24206651E-05
         137   2.29759989E-05
         138   2.35313328E-05
         139   2.43756658E-05
         140   2.52200007E-05
         141   2.63256661E-05
         142   2.74313334E-05
         143   2.88126666E-05
         144   3.01939999E-05
         145   3.19329993E-05
         146   3.36720004E-05
         147   3.57999998E-05
         148   3.79279991E-05
         149   4.05460014E-05
         150   4.31640001E-05
         151   4.63913311E-05
         152   4.96186658E-05
         153   5.35253348E-05
         154   5.74320002E-05
         155   6.19663333E-05
         156   6.65006664E-05
         157   7.16380018E-05
         158   7.67753299E-05
         159   8.21099966E-05
         160   8.74446632E-05
         161   9.20746679E-05
         162   9.67046653E-05
         163   1.00193662E-04
         164   1.03682665E-04
         165   1.06856663E-04
         166   1.10030669E-04
         167   1.14127673E-04
         168   1.18224671E-04
         169   1.23539008E-04
         170   1.28853339E-04
         171   1.34953327E-04
         172   1.41053330E-04
         173   1.47216662E-04
         174   1.53379995E-04
         175   1.59703341E-04
         176   1.66026672E-04
         177   1.74356668E-04
         178   1.82686665E-04
         179   1.89323328E-04
         180   1.95960005E-04
