 scat/ext  0.672284961    
           0   4.25459966E-02
           1   3.72434296E-02
           2   2.85628568E-02
           3   2.12619994E-02
           4   1.58462860E-02
           5   1.19457142E-02
           6   9.13771428E-03
           7   7.37592857E-03
           8   5.61414286E-03
           9   4.64601442E-03
          10   3.67788575E-03
          11   3.11858580E-03
          12   2.55928584E-03
          13   2.21942854E-03
          14   1.87957135E-03
          15   1.66245713E-03
          16   1.44534279E-03
          17   1.30054855E-03
          18   1.15575432E-03
          19   1.05493434E-03
          20   9.54114308E-04
          21   8.81127198E-04
          22   8.08140030E-04
          23   7.53368600E-04
          24   6.98597170E-04
          25   6.55681477E-04
          26   6.12765725E-04
          27   5.78197185E-04
          28   5.43628586E-04
          29   5.15208580E-04
          30   4.86788573E-04
          31   4.62884287E-04
          32   4.38980001E-04
          33   4.18355718E-04
          34   3.97731434E-04
          35   3.79591424E-04
          36   3.61451413E-04
          37   3.45422857E-04
          38   3.29394301E-04
          39   3.15172860E-04
          40   3.00951418E-04
          41   2.88078561E-04
          42   2.75205704E-04
          43   2.63707130E-04
          44   2.52208556E-04
          45   2.41748552E-04
          46   2.31288563E-04
          47   2.21824273E-04
          48   2.12359999E-04
          49   2.03761418E-04
          50   1.95162851E-04
          51   1.87302852E-04
          52   1.79442854E-04
          53   1.72317144E-04
          54   1.65191435E-04
          55   1.58680006E-04
          56   1.52168577E-04
          57   1.46200007E-04
          58   1.40231437E-04
          59   1.34818576E-04
          60   1.29405715E-04
          61   1.24419996E-04
          62   1.19434284E-04
          63   1.14903858E-04
          64   1.10373432E-04
          65   1.06243999E-04
          66   1.02114573E-04
          67   9.83319987E-05
          68   9.45494248E-05
          69   9.10655654E-05
          70   8.75817132E-05
          71   8.44217138E-05
          72   8.12617145E-05
          73   7.83624273E-05
          74   7.54631401E-05
          75   7.27654260E-05
          76   7.00677119E-05
          77   6.76217169E-05
          78   6.51757146E-05
          79   6.29432907E-05
          80   6.07108595E-05
          81   5.86618589E-05
          82   5.66128583E-05
          83   5.47117161E-05
          84   5.28105702E-05
          85   5.10909995E-05
          86   4.93714288E-05
          87   4.77889989E-05
          88   4.62065727E-05
          89   4.47605707E-05
          90   4.33145724E-05
          91   4.20111464E-05
          92   4.07077168E-05
          93   3.94801427E-05
          94   3.82525686E-05
          95   3.71165697E-05
          96   3.59805708E-05
          97   3.49812835E-05
          98   3.39819999E-05
          99   3.31170013E-05
         100   3.22519991E-05
         101   3.14447134E-05
         102   3.06374277E-05
         103   2.99014282E-05
         104   2.91654287E-05
         105   2.85188580E-05
         106   2.78722855E-05
         107   2.72614288E-05
         108   2.66505722E-05
         109   2.60982852E-05
         110   2.55460000E-05
         111   2.51104284E-05
         112   2.46748568E-05
         113   2.43089999E-05
         114   2.39431429E-05
         115   2.36321430E-05
         116   2.33211431E-05
         117   2.30597143E-05
         118   2.27982873E-05
         119   2.25854292E-05
         120   2.23725710E-05
         121   2.22524286E-05
         122   2.21322862E-05
         123   2.21034279E-05
         124   2.20745715E-05
         125   2.20904294E-05
         126   2.21062855E-05
         127   2.21805712E-05
         128   2.22548570E-05
         129   2.24182859E-05
         130   2.25817148E-05
         131   2.28427143E-05
         132   2.31037138E-05
         133   2.35188563E-05
         134   2.39340006E-05
         135   2.45171432E-05
         136   2.51002857E-05
         137   2.58211421E-05
         138   2.65419985E-05
         139   2.74324284E-05
         140   2.83228583E-05
         141   2.94795718E-05
         142   3.06362854E-05
         143   3.20911422E-05
         144   3.35459990E-05
         145   3.53741416E-05
         146   3.72022878E-05
         147   3.95399984E-05
         148   4.18777126E-05
         149   4.48454302E-05
         150   4.78131442E-05
         151   5.14620006E-05
         152   5.51108569E-05
         153   5.95108577E-05
         154   6.39108548E-05
         155   6.90570014E-05
         156   7.42031407E-05
         157   7.97219982E-05
         158   8.52408557E-05
         159   9.05871420E-05
         160   9.59334284E-05
         161   1.00660574E-04
         162   1.05387713E-04
         163   1.09340137E-04
         164   1.13292568E-04
         165   1.17224285E-04
         166   1.21156001E-04
         167   1.26026149E-04
         168   1.30896296E-04
         169   1.36688148E-04
         170   1.42479999E-04
         171   1.48580002E-04
         172   1.54680005E-04
         173   1.60721422E-04
         174   1.66762853E-04
         175   1.73101434E-04
         176   1.79440001E-04
         177   1.87581434E-04
         178   1.95722852E-04
         179   2.02281430E-04
         180   2.08840007E-04
