 scat/ext  0.690636814    
           0   3.82299982E-02
           1   3.39899994E-02
           2   2.66800001E-02
           3   2.02699993E-02
           4   1.53700002E-02
           5   1.17600001E-02
           6   9.10700019E-03
           7   7.40650017E-03
           8   5.70600014E-03
           9   4.75000031E-03
          10   3.79400002E-03
          11   3.23250005E-03
          12   2.67100008E-03
          13   2.32400000E-03
          14   1.97699992E-03
          15   1.75199995E-03
          16   1.52699999E-03
          17   1.37600000E-03
          18   1.22500001E-03
          19   1.11850002E-03
          20   1.01200002E-03
          21   9.34550015E-04
          22   8.57100007E-04
          23   7.99349975E-04
          24   7.41600001E-04
          25   6.95549999E-04
          26   6.49499998E-04
          27   6.12200005E-04
          28   5.74900012E-04
          29   5.44750015E-04
          30   5.14600019E-04
          31   4.89400001E-04
          32   4.64200013E-04
          33   4.42399993E-04
          34   4.20600001E-04
          35   4.01249999E-04
          36   3.81899998E-04
          37   3.64849984E-04
          38   3.47800000E-04
          39   3.32600001E-04
          40   3.17400001E-04
          41   3.03599983E-04
          42   2.89799995E-04
          43   2.77899991E-04
          44   2.65999988E-04
          45   2.54999992E-04
          46   2.43999995E-04
          47   2.33950006E-04
          48   2.23900002E-04
          49   2.14700005E-04
          50   2.05499993E-04
          51   1.97299989E-04
          52   1.89099999E-04
          53   1.81600000E-04
          54   1.74100001E-04
          55   1.67199993E-04
          56   1.60299998E-04
          57   1.53950008E-04
          58   1.47600003E-04
          59   1.41950004E-04
          60   1.36300005E-04
          61   1.31100009E-04
          62   1.25899998E-04
          63   1.21149998E-04
          64   1.16399999E-04
          65   1.11999994E-04
          66   1.07599997E-04
          67   1.03564998E-04
          68   9.95299997E-05
          69   9.57750017E-05
          70   9.20199964E-05
          71   8.87799979E-05
          72   8.55399994E-05
          73   8.25799943E-05
          74   7.96199965E-05
          75   7.68049940E-05
          76   7.39899988E-05
          77   7.13549962E-05
          78   6.87200009E-05
          79   6.63300016E-05
          80   6.39400023E-05
          81   6.18400009E-05
          82   5.97399994E-05
          83   5.77699975E-05
          84   5.57999992E-05
          85   5.40000001E-05
          86   5.22000009E-05
          87   5.05349999E-05
          88   4.88699989E-05
          89   4.73799992E-05
          90   4.58899995E-05
          91   4.45449987E-05
          92   4.32000015E-05
          93   4.18300006E-05
          94   4.04599996E-05
          95   3.91450012E-05
          96   3.78299992E-05
          97   3.67649991E-05
          98   3.56999990E-05
          99   3.48850008E-05
         100   3.40699989E-05
         101   3.32999989E-05
         102   3.25299989E-05
         103   3.17500017E-05
         104   3.09700008E-05
         105   3.02200006E-05
         106   2.94700003E-05
         107   2.87350013E-05
         108   2.80000004E-05
         109   2.73799997E-05
         110   2.67600008E-05
         111   2.63649999E-05
         112   2.59699991E-05
         113   2.56849999E-05
         114   2.54000006E-05
         115   2.51000001E-05
         116   2.47999997E-05
         117   2.44549992E-05
         118   2.41100006E-05
         119   2.38249995E-05
         120   2.35400003E-05
         121   2.34399995E-05
         122   2.33400006E-05
         123   2.33950013E-05
         124   2.34500003E-05
         125   2.35299995E-05
         126   2.36100004E-05
         127   2.37050008E-05
         128   2.37999993E-05
         129   2.39549991E-05
         130   2.41100006E-05
         131   2.43649993E-05
         132   2.46199997E-05
         133   2.51250003E-05
         134   2.56300009E-05
         135   2.63700003E-05
         136   2.71099998E-05
         137   2.79550004E-05
         138   2.87999992E-05
         139   2.97250008E-05
         140   3.06500006E-05
         141   3.18450002E-05
         142   3.30399998E-05
         143   3.45500011E-05
         144   3.60599988E-05
         145   3.79550002E-05
         146   3.98500015E-05
         147   4.23450001E-05
         148   4.48399987E-05
         149   4.80700000E-05
         150   5.13000014E-05
         151   5.52650017E-05
         152   5.92299984E-05
         153   6.39999998E-05
         154   6.87700012E-05
         155   7.43749988E-05
         156   7.99799964E-05
         157   8.57849955E-05
         158   9.15900018E-05
         159   9.69450048E-05
         160   1.02300000E-04
         161   1.07100001E-04
         162   1.11900001E-04
         163   1.16199997E-04
         164   1.20500001E-04
         165   1.24999991E-04
         166   1.29499997E-04
         167   1.34950009E-04
         168   1.40400007E-04
         169   1.46550010E-04
         170   1.52699999E-04
         171   1.58800001E-04
         172   1.64900004E-04
         173   1.70849991E-04
         174   1.76799993E-04
         175   1.83149998E-04
         176   1.89500002E-04
         177   1.97499990E-04
         178   2.05499993E-04
         179   2.11999999E-04
         180   2.18500005E-04
