 scat/ext  0.665969789    
           0   4.43241410E-02
           1   3.85294259E-02
           2   2.92637143E-02
           3   2.16079988E-02
           4   1.59985721E-02
           5   1.19951423E-02
           6   9.13438573E-03
           7   7.35376449E-03
           8   5.57314325E-03
           9   4.60287184E-03
          10   3.63259995E-03
          11   3.07545718E-03
          12   2.51831440E-03
          13   2.18152162E-03
          14   1.84472860E-03
          15   1.63051498E-03
          16   1.41630135E-03
          17   1.27381494E-03
          18   1.13132852E-03
          19   1.03242206E-03
          20   9.33515723E-04
          21   8.62025714E-04
          22   7.90535705E-04
          23   7.36880000E-04
          24   6.83224294E-04
          25   6.41309307E-04
          26   5.99394320E-04
          27   5.65675728E-04
          28   5.31957136E-04
          29   5.04176423E-04
          30   4.76395711E-04
          31   4.53009998E-04
          32   4.29624284E-04
          33   4.09455010E-04
          34   3.89285735E-04
          35   3.71572154E-04
          36   3.53858573E-04
          37   3.38199286E-04
          38   3.22540000E-04
          39   3.08647141E-04
          40   2.94754282E-04
          41   2.82188586E-04
          42   2.69622862E-04
          43   2.58343585E-04
          44   2.47064279E-04
          45   2.36825712E-04
          46   2.26587144E-04
          47   2.17330002E-04
          48   2.08072859E-04
          49   1.99668575E-04
          50   1.91264277E-04
          51   1.83560711E-04
          52   1.75857145E-04
          53   1.68877144E-04
          54   1.61897144E-04
          55   1.55522357E-04
          56   1.49147570E-04
          57   1.43309357E-04
          58   1.37471143E-04
          59   1.32160072E-04
          60   1.26849001E-04
          61   1.21960140E-04
          62   1.17071286E-04
          63   1.12628855E-04
          64   1.08186432E-04
          65   1.04143000E-04
          66   1.00099569E-04
          67   9.63967832E-05
          68   9.26939974E-05
          69   8.92889948E-05
          70   8.58839921E-05
          71   8.27762851E-05
          72   7.96685781E-05
          73   7.68153623E-05
          74   7.39621464E-05
          75   7.13146437E-05
          76   6.86671410E-05
          77   6.62751409E-05
          78   6.38831407E-05
          79   6.16972829E-05
          80   5.95114325E-05
          81   5.74949299E-05
          82   5.54784274E-05
          83   5.36105726E-05
          84   5.17427143E-05
          85   5.00548558E-05
          86   4.83670010E-05
          87   4.68153594E-05
          88   4.52637141E-05
          89   4.38418574E-05
          90   4.24199970E-05
          91   4.11371439E-05
          92   3.98542870E-05
          93   3.86594256E-05
          94   3.74645679E-05
          95   3.63654981E-05
          96   3.52664283E-05
          97   3.42886415E-05
          98   3.33108546E-05
          99   3.24500688E-05
         100   3.15892830E-05
         101   3.07877126E-05
         102   2.99861422E-05
         103   2.92643563E-05
         104   2.85425704E-05
         105   2.79154992E-05
         106   2.72884281E-05
         107   2.67007854E-05
         108   2.61131427E-05
         109   2.55765717E-05
         110   2.50400008E-05
         111   2.46040709E-05
         112   2.41681410E-05
         113   2.37961431E-05
         114   2.34241434E-05
         115   2.31148570E-05
         116   2.28055706E-05
         117   2.25566437E-05
         118   2.23077150E-05
         119   2.21052142E-05
         120   2.19027133E-05
         121   2.17790712E-05
         122   2.16554290E-05
         123   2.16136432E-05
         124   2.15718574E-05
         125   2.15779291E-05
         126   2.15840009E-05
         127   2.16532862E-05
         128   2.17225715E-05
         129   2.18817149E-05
         130   2.20408583E-05
         131   2.22957860E-05
         132   2.25507138E-05
         133   2.29438574E-05
         134   2.33370010E-05
         135   2.38864995E-05
         136   2.44359999E-05
         137   2.51247839E-05
         138   2.58135697E-05
         139   2.66801417E-05
         140   2.75467137E-05
         141   2.86740706E-05
         142   2.98014274E-05
         143   3.12203556E-05
         144   3.26392837E-05
         145   3.44248547E-05
         146   3.62104292E-05
         147   3.84843588E-05
         148   4.07582847E-05
         149   4.36370719E-05
         150   4.65158591E-05
         151   5.00594288E-05
         152   5.36029984E-05
         153   5.78806430E-05
         154   6.21582876E-05
         155   6.71584276E-05
         156   7.21585675E-05
         157   7.75492808E-05
         158   8.29400014E-05
         159   8.82002860E-05
         160   9.34605705E-05
         161   9.81004268E-05
         162   1.02740290E-04
         163   1.06574356E-04
         164   1.10408429E-04
         165   1.14196715E-04
         166   1.17985001E-04
         167   1.22706071E-04
         168   1.27427149E-04
         169   1.33084002E-04
         170   1.38740856E-04
         171   1.44724705E-04
         172   1.50708569E-04
         173   1.56622991E-04
         174   1.62537428E-04
         175   1.68735423E-04
         176   1.74933433E-04
         177   1.82971358E-04
         178   1.91009283E-04
         179   1.97486777E-04
         180   2.03964286E-04
