 scat/ext  0.567169785    
           0   8.47439989E-02
           1   6.59980029E-02
           2   4.29919995E-02
           3   2.77539995E-02
           4   1.83279999E-02
           5   1.24580003E-02
           6   8.71280022E-03
           7   6.66890014E-03
           8   4.62500006E-03
           9   3.66699998E-03
          10   2.70899991E-03
          11   2.21919990E-03
          12   1.72940001E-03
          13   1.46030006E-03
          14   1.19119999E-03
          15   1.03354000E-03
          16   8.75880010E-04
          17   7.77399982E-04
          18   6.78920012E-04
          19   6.14210032E-04
          20   5.49499993E-04
          21   5.04620024E-04
          22   4.59739997E-04
          23   4.26889979E-04
          24   3.94039991E-04
          25   3.69240006E-04
          26   3.44439992E-04
          27   3.25019995E-04
          28   3.05599999E-04
          29   2.89670017E-04
          30   2.73740006E-04
          31   2.60369998E-04
          32   2.46999989E-04
          33   2.35579995E-04
          34   2.24160001E-04
          35   2.14290005E-04
          36   2.04420008E-04
          37   1.95650005E-04
          38   1.86880003E-04
          39   1.79070004E-04
          40   1.71260006E-04
          41   1.64290002E-04
          42   1.57319999E-04
          43   1.50899999E-04
          44   1.44480000E-04
          45   1.38680000E-04
          46   1.32879999E-04
          47   1.27601001E-04
          48   1.22322002E-04
          49   1.17552998E-04
          50   1.12783993E-04
          51   1.08365995E-04
          52   1.03947998E-04
          53   9.99440017E-05
          54   9.59400058E-05
          55   9.22800027E-05
          56   8.86199996E-05
          57   8.52559970E-05
          58   8.18919943E-05
          59   7.87449972E-05
          60   7.55980000E-05
          61   7.27330043E-05
          62   6.98680014E-05
          63   6.72580063E-05
          64   6.46480039E-05
          65   6.22750013E-05
          66   5.99019986E-05
          67   5.77089995E-05
          68   5.55160004E-05
          69   5.35159998E-05
          70   5.15159991E-05
          71   4.96479988E-05
          72   4.77799986E-05
          73   4.60539995E-05
          74   4.43280005E-05
          75   4.27449995E-05
          76   4.11620022E-05
          77   3.97370022E-05
          78   3.83120023E-05
          79   3.70140006E-05
          80   3.57159988E-05
          81   3.45039989E-05
          82   3.32919990E-05
          83   3.21709995E-05
          84   3.10500000E-05
          85   3.00180000E-05
          86   2.89860000E-05
          87   2.80589993E-05
          88   2.71320005E-05
          89   2.62860012E-05
          90   2.54400002E-05
          91   2.46599993E-05
          92   2.38800003E-05
          93   2.31880003E-05
          94   2.24960004E-05
          95   2.18839996E-05
          96   2.12720006E-05
          97   2.07009998E-05
          98   2.01299990E-05
          99   1.95769990E-05
         100   1.90239989E-05
         101   1.85079989E-05
         102   1.79920007E-05
         103   1.75390014E-05
         104   1.70860003E-05
         105   1.67069993E-05
         106   1.63280001E-05
         107   1.60090003E-05
         108   1.56900005E-05
         109   1.53870005E-05
         110   1.50839996E-05
         111   1.47819992E-05
         112   1.44799997E-05
         113   1.41940000E-05
         114   1.39080003E-05
         115   1.36890003E-05
         116   1.34700003E-05
         117   1.33240001E-05
         118   1.31779998E-05
         119   1.30520002E-05
         120   1.29260006E-05
         121   1.27980002E-05
         122   1.26699997E-05
         123   1.25610004E-05
         124   1.24520002E-05
         125   1.23720001E-05
         126   1.22919992E-05
         127   1.22759993E-05
         128   1.22599995E-05
         129   1.23009995E-05
         130   1.23419995E-05
         131   1.24369999E-05
         132   1.25320003E-05
         133   1.26369996E-05
         134   1.27419999E-05
         135   1.28909996E-05
         136   1.30399994E-05
         137   1.32629993E-05
         138   1.34860002E-05
         139   1.38189998E-05
         140   1.41519995E-05
         141   1.46249995E-05
         142   1.50979995E-05
         143   1.57209997E-05
         144   1.63440000E-05
         145   1.71579995E-05
         146   1.79719991E-05
         147   1.89689999E-05
         148   1.99659989E-05
         149   2.12019986E-05
         150   2.24380001E-05
         151   2.39959991E-05
         152   2.55539999E-05
         153   2.74920003E-05
         154   2.94300007E-05
         155   3.17090016E-05
         156   3.39880025E-05
         157   3.65040032E-05
         158   3.90200003E-05
         159   4.15350005E-05
         160   4.40500007E-05
         161   4.61599993E-05
         162   4.82699979E-05
         163   4.97609981E-05
         164   5.12519982E-05
         165   5.26609983E-05
         166   5.40699984E-05
         167   5.61499983E-05
         168   5.82300017E-05
         169   6.09819981E-05
         170   6.37339981E-05
         171   6.65549960E-05
         172   6.93759939E-05
         173   7.19309974E-05
         174   7.44860008E-05
         175   7.75000008E-05
         176   8.05140007E-05
         177   8.53590027E-05
         178   9.02040047E-05
         179   9.37660006E-05
         180   9.73279966E-05
