 scat/ext  0.559411228    
           0   4.58171405E-02
           1   4.72142845E-02
           2   3.41571420E-02
           3   2.42328569E-02
           4   1.74099989E-02
           5   1.27657149E-02
           6   9.56171472E-03
           7   7.00235739E-03
           8   4.44300007E-03
           9   3.50299990E-03
          10   2.56299996E-03
          11   2.09059985E-03
          12   1.61819998E-03
          13   1.36190001E-03
          14   1.10559992E-03
          15   9.56519973E-04
          16   8.07439967E-04
          17   7.15099974E-04
          18   6.22760039E-04
          19   5.62330009E-04
          20   5.01899980E-04
          21   4.60159965E-04
          22   4.18419979E-04
          23   3.88170010E-04
          24   3.57920013E-04
          25   3.35120014E-04
          26   3.12320015E-04
          27   2.94459984E-04
          28   2.76599982E-04
          29   2.62009969E-04
          30   2.47419986E-04
          31   2.35309999E-04
          32   2.23199997E-04
          33   2.12839994E-04
          34   2.02479991E-04
          35   1.93469998E-04
          36   1.84460005E-04
          37   1.76550006E-04
          38   1.68639992E-04
          39   1.61609991E-04
          40   1.54580004E-04
          41   1.48270003E-04
          42   1.41960001E-04
          43   1.36200004E-04
          44   1.30440007E-04
          45   1.25240011E-04
          46   1.20040000E-04
          47   1.15303003E-04
          48   1.10565998E-04
          49   1.06259002E-04
          50   1.01951999E-04
          51   9.79979959E-05
          52   9.40440004E-05
          53   9.04320041E-05
          54   8.68200004E-05
          55   8.35100000E-05
          56   8.01999995E-05
          57   7.71579944E-05
          58   7.41159965E-05
          59   7.13249974E-05
          60   6.85339983E-05
          61   6.59789948E-05
          62   6.34239987E-05
          63   6.10739953E-05
          64   5.87239992E-05
          65   5.65649971E-05
          66   5.44059985E-05
          67   5.24269999E-05
          68   5.04479976E-05
          69   4.86380013E-05
          70   4.68280014E-05
          71   4.51439992E-05
          72   4.34600006E-05
          73   4.19120006E-05
          74   4.03640006E-05
          75   3.89550005E-05
          76   3.75460004E-05
          77   3.62610008E-05
          78   3.49760012E-05
          79   3.37820020E-05
          80   3.25879992E-05
          81   3.14819990E-05
          82   3.03760007E-05
          83   2.93730009E-05
          84   2.83699992E-05
          85   2.74539998E-05
          86   2.65380004E-05
          87   2.56969997E-05
          88   2.48559991E-05
          89   2.40779991E-05
          90   2.33000010E-05
          91   2.25900003E-05
          92   2.18800014E-05
          93   2.12440009E-05
          94   2.06080003E-05
          95   2.00319992E-05
          96   1.94559998E-05
          97   1.89229995E-05
          98   1.83899992E-05
          99   1.78909995E-05
         100   1.73919998E-05
         101   1.69439991E-05
         102   1.64960002E-05
         103   1.61070002E-05
         104   1.57180002E-05
         105   1.53710007E-05
         106   1.50240003E-05
         107   1.47070004E-05
         108   1.43899997E-05
         109   1.41009996E-05
         110   1.38119995E-05
         111   1.35459995E-05
         112   1.32799996E-05
         113   1.30520002E-05
         114   1.28239999E-05
         115   1.26269997E-05
         116   1.24299995E-05
         117   1.22719994E-05
         118   1.21139992E-05
         119   1.19759998E-05
         120   1.18380003E-05
         121   1.17239997E-05
         122   1.16100000E-05
         123   1.15229996E-05
         124   1.14360000E-05
         125   1.13860006E-05
         126   1.13360002E-05
         127   1.13179995E-05
         128   1.12999996E-05
         129   1.13130000E-05
         130   1.13260003E-05
         131   1.13710003E-05
         132   1.14160002E-05
         133   1.15010007E-05
         134   1.15860003E-05
         135   1.17230002E-05
         136   1.18600001E-05
         137   1.20690001E-05
         138   1.22780002E-05
         139   1.25669994E-05
         140   1.28559996E-05
         141   1.32349996E-05
         142   1.36139997E-05
         143   1.41130004E-05
         144   1.46120001E-05
         145   1.52639986E-05
         146   1.59159990E-05
         147   1.67469989E-05
         148   1.75780006E-05
         149   1.86560010E-05
         150   1.97340014E-05
         151   2.10979997E-05
         152   2.24619998E-05
         153   2.41260004E-05
         154   2.57900010E-05
         155   2.77370018E-05
         156   2.96840008E-05
         157   3.18419989E-05
         158   3.39999970E-05
         159   3.61349958E-05
         160   3.82699982E-05
         161   3.99999990E-05
         162   4.17299998E-05
         163   4.29329993E-05
         164   4.41359989E-05
         165   4.53629982E-05
         166   4.65900011E-05
         167   4.84199991E-05
         168   5.02500006E-05
         169   5.25659998E-05
         170   5.48819989E-05
         171   5.72049976E-05
         172   5.95279998E-05
         173   6.16729958E-05
         174   6.38179990E-05
         175   6.64399995E-05
         176   6.90620000E-05
         177   7.32869958E-05
         178   7.75119988E-05
         179   8.05480013E-05
         180   8.35840037E-05
