 scat/ext  0.627550006    
           0   5.31300008E-02
           1   4.51599993E-02
           2   3.30700018E-02
           3   2.35900003E-02
           4   1.69300009E-02
           5   1.23399999E-02
           6   9.16600041E-03
           7   7.26350024E-03
           8   5.36100008E-03
           9   4.37000021E-03
          10   3.37899989E-03
          11   2.82850000E-03
          12   2.27800012E-03
          13   1.95550011E-03
          14   1.63299998E-03
          15   1.43499998E-03
          16   1.23699999E-03
          17   1.10805000E-03
          18   9.79100005E-04
          19   8.91649979E-04
          20   8.04200012E-04
          21   7.41850003E-04
          22   6.79499994E-04
          23   6.32749987E-04
          24   5.85999980E-04
          25   5.50049997E-04
          26   5.14100015E-04
          27   4.85600001E-04
          28   4.57099988E-04
          29   4.33599984E-04
          30   4.10100009E-04
          31   3.90000001E-04
          32   3.69899994E-04
          33   3.52650008E-04
          34   3.35399993E-04
          35   3.20699997E-04
          36   3.06000002E-04
          37   2.92700017E-04
          38   2.79400003E-04
          39   2.67449999E-04
          40   2.55499996E-04
          41   2.44850002E-04
          42   2.34199993E-04
          43   2.24449992E-04
          44   2.14700005E-04
          45   2.05899996E-04
          46   1.97100002E-04
          47   1.89049999E-04
          48   1.80999996E-04
          49   1.73749999E-04
          50   1.66500002E-04
          51   1.59699994E-04
          52   1.52900000E-04
          53   1.46949998E-04
          54   1.40999997E-04
          55   1.35549999E-04
          56   1.30100001E-04
          57   1.25149993E-04
          58   1.20199998E-04
          59   1.15349998E-04
          60   1.10499997E-04
          61   1.06199994E-04
          62   1.01899997E-04
          63   9.80199984E-05
          64   9.41399994E-05
          65   9.06799978E-05
          66   8.72200035E-05
          67   8.40050052E-05
          68   8.07899996E-05
          69   7.78550020E-05
          70   7.49199971E-05
          71   7.21499964E-05
          72   6.93800030E-05
          73   6.68150024E-05
          74   6.42500017E-05
          75   6.19249986E-05
          76   5.95999991E-05
          77   5.75300000E-05
          78   5.54600010E-05
          79   5.36049993E-05
          80   5.17500011E-05
          81   5.00050010E-05
          82   4.82600008E-05
          83   4.66199999E-05
          84   4.49799991E-05
          85   4.34499998E-05
          86   4.19200005E-05
          87   4.05249993E-05
          88   3.91299982E-05
          89   3.78900004E-05
          90   3.66499989E-05
          91   3.55550001E-05
          92   3.44600012E-05
          93   3.34950018E-05
          94   3.25299989E-05
          95   3.16699989E-05
          96   3.08099989E-05
          97   2.99899984E-05
          98   2.91699998E-05
          99   2.83449990E-05
         100   2.75200000E-05
         101   2.67350006E-05
         102   2.59499993E-05
         103   2.52499995E-05
         104   2.45499996E-05
         105   2.40049994E-05
         106   2.34599993E-05
         107   2.30549995E-05
         108   2.26499997E-05
         109   2.22550007E-05
         110   2.18599998E-05
         111   2.14249994E-05
         112   2.09900008E-05
         113   2.05450015E-05
         114   2.01000003E-05
         115   1.97800000E-05
         116   1.94599997E-05
         117   1.92949992E-05
         118   1.91300005E-05
         119   1.90100000E-05
         120   1.88899994E-05
         121   1.87400001E-05
         122   1.85900008E-05
         123   1.84550008E-05
         124   1.83200009E-05
         125   1.82200001E-05
         126   1.81199994E-05
         127   1.81299984E-05
         128   1.81399992E-05
         129   1.83099983E-05
         130   1.84799992E-05
         131   1.87699989E-05
         132   1.90600003E-05
         133   1.93249998E-05
         134   1.95899993E-05
         135   1.98950002E-05
         136   2.01999992E-05
         137   2.06349996E-05
         138   2.10700000E-05
         139   2.17249999E-05
         140   2.23799998E-05
         141   2.33249993E-05
         142   2.42700007E-05
         143   2.55350005E-05
         144   2.68000003E-05
         145   2.83949994E-05
         146   2.99900003E-05
         147   3.18749990E-05
         148   3.37599995E-05
         149   3.60150007E-05
         150   3.82699982E-05
         151   4.10399989E-05
         152   4.38099996E-05
         153   4.72249994E-05
         154   5.06399992E-05
         155   5.46849988E-05
         156   5.87299983E-05
         157   6.32399970E-05
         158   6.77499993E-05
         159   7.23150006E-05
         160   7.68800019E-05
         161   8.08149998E-05
         162   8.47499978E-05
         163   8.77650018E-05
         164   9.07799986E-05
         165   9.34900017E-05
         166   9.61999976E-05
         167   9.97500028E-05
         168   1.03300001E-04
         169   1.08150001E-04
         170   1.13000002E-04
         171   1.18450000E-04
         172   1.23899998E-04
         173   1.29199994E-04
         174   1.34500006E-04
         175   1.40000004E-04
         176   1.45500002E-04
         177   1.53050001E-04
         178   1.60600001E-04
         179   1.66450001E-04
         180   1.72300002E-04
