 scat/ext  0.712894976    
           0   3.42620015E-02
           1   3.08459997E-02
           2   2.47120000E-02
           3   1.91500001E-02
           4   1.47699993E-02
           5   1.14639997E-02
           6   8.99500027E-03
           7   7.37490039E-03
           8   5.75480005E-03
           9   4.81999991E-03
          10   3.88520001E-03
          11   3.32530006E-03
          12   2.76540010E-03
          13   2.41520023E-03
          14   2.06500012E-03
          15   1.83480000E-03
          16   1.60459999E-03
          17   1.44720008E-03
          18   1.28980004E-03
          19   1.17810001E-03
          20   1.06639997E-03
          21   9.84390033E-04
          22   9.02379979E-04
          23   8.40389985E-04
          24   7.78399990E-04
          25   7.30069994E-04
          26   6.81739999E-04
          27   6.42679981E-04
          28   6.03620021E-04
          29   5.71190030E-04
          30   5.38760039E-04
          31   5.11560007E-04
          32   4.84360004E-04
          33   4.60919982E-04
          34   4.37479990E-04
          35   4.16809984E-04
          36   3.96139978E-04
          37   3.78209981E-04
          38   3.60280013E-04
          39   3.44360014E-04
          40   3.28439986E-04
          41   3.14200006E-04
          42   2.99959996E-04
          43   2.87180010E-04
          44   2.74399994E-04
          45   2.62879999E-04
          46   2.51360005E-04
          47   2.41109999E-04
          48   2.30859994E-04
          49   2.21459995E-04
          50   2.12059997E-04
          51   2.03579999E-04
          52   1.95100001E-04
          53   1.87160011E-04
          54   1.79220006E-04
          55   1.71960011E-04
          56   1.64700003E-04
          57   1.58109993E-04
          58   1.51519998E-04
          59   1.45869999E-04
          60   1.40220000E-04
          61   1.35059992E-04
          62   1.29900000E-04
          63   1.25029997E-04
          64   1.20159995E-04
          65   1.15520001E-04
          66   1.10879999E-04
          67   1.06713000E-04
          68   1.02546001E-04
          69   9.88309985E-05
          70   9.51159964E-05
          71   9.17439975E-05
          72   8.83719986E-05
          73   8.53239981E-05
          74   8.22759976E-05
          75   7.94649968E-05
          76   7.66540034E-05
          77   7.39950046E-05
          78   7.13359987E-05
          79   6.87499996E-05
          80   6.61640006E-05
          81   6.38439960E-05
          82   6.15239987E-05
          83   5.95019992E-05
          84   5.74799997E-05
          85   5.57200001E-05
          86   5.39600005E-05
          87   5.23630006E-05
          88   5.07660006E-05
          89   4.92079998E-05
          90   4.76500027E-05
          91   4.61370000E-05
          92   4.46240010E-05
          93   4.32180022E-05
          94   4.18119998E-05
          95   4.05489991E-05
          96   3.92859984E-05
          97   3.81849968E-05
          98   3.70839989E-05
          99   3.61409984E-05
         100   3.51979979E-05
         101   3.44200016E-05
         102   3.36420017E-05
         103   3.29460017E-05
         104   3.22499982E-05
         105   3.15399993E-05
         106   3.08300005E-05
         107   3.01270011E-05
         108   2.94239999E-05
         109   2.88440006E-05
         110   2.82640012E-05
         111   2.78530006E-05
         112   2.74419999E-05
         113   2.71370009E-05
         114   2.68320000E-05
         115   2.65119997E-05
         116   2.61919995E-05
         117   2.58670007E-05
         118   2.55420000E-05
         119   2.53010003E-05
         120   2.50600006E-05
         121   2.49479999E-05
         122   2.48359993E-05
         123   2.48590004E-05
         124   2.48819997E-05
         125   2.50339999E-05
         126   2.51860001E-05
         127   2.53649996E-05
         128   2.55439991E-05
         129   2.56989988E-05
         130   2.58540003E-05
         131   2.60730012E-05
         132   2.62920003E-05
         133   2.67249998E-05
         134   2.71579993E-05
         135   2.78379994E-05
         136   2.85179995E-05
         137   2.94109996E-05
         138   3.03039997E-05
         139   3.13889977E-05
         140   3.24739995E-05
         141   3.37489982E-05
         142   3.50240007E-05
         143   3.65860033E-05
         144   3.81480022E-05
         145   4.01390025E-05
         146   4.21300028E-05
         147   4.47090024E-05
         148   4.72880020E-05
         149   5.05460011E-05
         150   5.38040003E-05
         151   5.78170002E-05
         152   6.18300037E-05
         153   6.65600019E-05
         154   7.12900001E-05
         155   7.65389996E-05
         156   8.17879991E-05
         157   8.73569952E-05
         158   9.29259986E-05
         159   9.84530052E-05
         160   1.03980004E-04
         161   1.08859997E-04
         162   1.13739996E-04
         163   1.17719996E-04
         164   1.21699995E-04
         165   1.25799997E-04
         166   1.29900000E-04
         167   1.35030001E-04
         168   1.40160002E-04
         169   1.45910002E-04
         170   1.51660002E-04
         171   1.57800008E-04
         172   1.63940000E-04
         173   1.70890009E-04
         174   1.77840004E-04
         175   1.86029996E-04
         176   1.94220003E-04
         177   2.04540003E-04
         178   2.14859989E-04
         179   2.22199989E-04
         180   2.29539990E-04
