 scat/ext  0.608995616    
           0   6.09205738E-02
           1   5.04282862E-02
           2   3.56731452E-02
           3   2.47334279E-02
           4   1.73497144E-02
           5   1.24140000E-02
           6   9.07840021E-03
           7   7.13141449E-03
           8   5.18442877E-03
           9   4.19828575E-03
          10   3.21214274E-03
          11   2.67660012E-03
          12   2.14105728E-03
          13   1.83261442E-03
          14   1.52417144E-03
          15   1.33650564E-03
          16   1.14883995E-03
          17   1.02765718E-03
          18   9.06474306E-04
          19   8.24858551E-04
          20   7.43242854E-04
          21   6.85302890E-04
          22   6.27362868E-04
          23   5.84098569E-04
          24   5.40834269E-04
          25   5.07819990E-04
          26   4.74805711E-04
          27   4.48631414E-04
          28   4.22457146E-04
          29   4.00695717E-04
          30   3.78934288E-04
          31   3.60467122E-04
          32   3.41999985E-04
          33   3.26125708E-04
          34   3.10251431E-04
          35   2.96555721E-04
          36   2.82860012E-04
          37   2.70635705E-04
          38   2.58411426E-04
          39   2.47481425E-04
          40   2.36551423E-04
          41   2.26770004E-04
          42   2.16988570E-04
          43   2.07942852E-04
          44   1.98897149E-04
          45   1.90782855E-04
          46   1.82668577E-04
          47   1.75300142E-04
          48   1.67931707E-04
          49   1.61264703E-04
          50   1.54597714E-04
          51   1.48395135E-04
          52   1.42192570E-04
          53   1.36620569E-04
          54   1.31048568E-04
          55   1.25954277E-04
          56   1.20860001E-04
          57   1.16236566E-04
          58   1.11613139E-04
          59   1.07234999E-04
          60   1.02856859E-04
          61   9.89047112E-05
          62   9.49525711E-05
          63   9.13497133E-05
          64   8.77468556E-05
          65   8.44907190E-05
          66   8.12345752E-05
          67   7.82470015E-05
          68   7.52594278E-05
          69   7.25408609E-05
          70   6.98222866E-05
          71   6.72525712E-05
          72   6.46828557E-05
          73   6.23091400E-05
          74   5.99354280E-05
          75   5.77749997E-05
          76   5.56145715E-05
          77   5.36910011E-05
          78   5.17674307E-05
          79   5.00034294E-05
          80   4.82394280E-05
          81   4.65734265E-05
          82   4.49074287E-05
          83   4.33730020E-05
          84   4.18385716E-05
          85   4.04411403E-05
          86   3.90437126E-05
          87   3.77698561E-05
          88   3.64959997E-05
          89   3.53237119E-05
          90   3.41514278E-05
          91   3.30885705E-05
          92   3.20257132E-05
          93   3.11025724E-05
          94   3.01794280E-05
          95   2.93662852E-05
          96   2.85531423E-05
          97   2.77758554E-05
          98   2.69985703E-05
          99   2.62267131E-05
         100   2.54548577E-05
         101   2.47425705E-05
         102   2.40302852E-05
         103   2.34198560E-05
         104   2.28094286E-05
         105   2.23152856E-05
         106   2.18211426E-05
         107   2.14127140E-05
         108   2.10042854E-05
         109   2.06067143E-05
         110   2.02091433E-05
         111   1.98017151E-05
         112   1.93942851E-05
         113   1.90062856E-05
         114   1.86182860E-05
         115   1.83312859E-05
         116   1.80442858E-05
         117   1.78748578E-05
         118   1.77054299E-05
         119   1.75702862E-05
         120   1.74351426E-05
         121   1.72868567E-05
         122   1.71385709E-05
         123   1.70115709E-05
         124   1.68845727E-05
         125   1.68174302E-05
         126   1.67502858E-05
         127   1.67708567E-05
         128   1.67914277E-05
         129   1.69058567E-05
         130   1.70202857E-05
         131   1.72210002E-05
         132   1.74217148E-05
         133   1.76367139E-05
         134   1.78517148E-05
         135   1.81301439E-05
         136   1.84085711E-05
         137   1.88147133E-05
         138   1.92208572E-05
         139   1.98269991E-05
         140   2.04331427E-05
         141   2.12564300E-05
         142   2.20797156E-05
         143   2.31515733E-05
         144   2.42234291E-05
         145   2.55954292E-05
         146   2.69674274E-05
         147   2.86384275E-05
         148   3.03094275E-05
         149   3.23602872E-05
         150   3.44111431E-05
         151   3.69679983E-05
         152   3.95248571E-05
         153   4.26645711E-05
         154   4.58042850E-05
         155   4.94798587E-05
         156   5.31554288E-05
         157   5.72834251E-05
         158   6.14114251E-05
         159   6.56535703E-05
         160   6.98957156E-05
         161   7.35485664E-05
         162   7.72014246E-05
         163   7.99301415E-05
         164   8.26588584E-05
         165   8.52001394E-05
         166   8.77414277E-05
         167   9.11399984E-05
         168   9.45385764E-05
         169   9.89359978E-05
         170   1.03333427E-04
         171   1.08050714E-04
         172   1.12768001E-04
         173   1.17233001E-04
         174   1.21698002E-04
         175   1.26371422E-04
         176   1.31044857E-04
         177   1.37836993E-04
         178   1.44629143E-04
         179   1.50095148E-04
         180   1.55561138E-04
