 scat/ext  0.748709977    
           0   5.64214289E-02
           1   3.85685712E-02
           2   2.61828564E-02
           3   1.81728583E-02
           4   1.29671432E-02
           5   9.49828606E-03
           6   8.62600002E-03
           7   7.21700024E-03
           8   5.80799999E-03
           9   4.94319992E-03
          10   4.07839986E-03
          11   3.53380013E-03
          12   2.98920018E-03
          13   2.63230014E-03
          14   2.27540010E-03
          15   2.03300011E-03
          16   1.79060001E-03
          17   1.62030000E-03
          18   1.44999998E-03
          19   1.32649997E-03
          20   1.20300008E-03
          21   1.11128006E-03
          22   1.01956003E-03
          23   9.49110021E-04
          24   8.78660008E-04
          25   8.22840026E-04
          26   7.67020043E-04
          27   7.21600023E-04
          28   6.76180003E-04
          29   6.38890022E-04
          30   6.01600041E-04
          31   5.70450036E-04
          32   5.39300032E-04
          33   5.12510014E-04
          34   4.85719997E-04
          35   4.62190015E-04
          36   4.38660005E-04
          37   4.18109994E-04
          38   3.97559983E-04
          39   3.79420002E-04
          40   3.61279992E-04
          41   3.45079985E-04
          42   3.28879978E-04
          43   3.14669975E-04
          44   3.00460000E-04
          45   2.87609990E-04
          46   2.74760008E-04
          47   2.63169990E-04
          48   2.51580001E-04
          49   2.41050002E-04
          50   2.30520003E-04
          51   2.21070004E-04
          52   2.11620005E-04
          53   2.03000003E-04
          54   1.94380002E-04
          55   1.86499994E-04
          56   1.78620001E-04
          57   1.71460008E-04
          58   1.64300000E-04
          59   1.57950009E-04
          60   1.51600005E-04
          61   1.45839993E-04
          62   1.40079996E-04
          63   1.34759990E-04
          64   1.29439999E-04
          65   1.24500002E-04
          66   1.19559998E-04
          67   1.15080002E-04
          68   1.10600005E-04
          69   1.06500003E-04
          70   1.02400001E-04
          71   9.87919993E-05
          72   9.51839975E-05
          73   9.18930018E-05
          74   8.86019989E-05
          75   8.55350008E-05
          76   8.24680028E-05
          77   7.96130043E-05
          78   7.67579986E-05
          79   7.40800024E-05
          80   7.14019989E-05
          81   6.90070010E-05
          82   6.66120031E-05
          83   6.44679967E-05
          84   6.23239976E-05
          85   6.04129964E-05
          86   5.85019989E-05
          87   5.67469979E-05
          88   5.49920005E-05
          89   5.33659986E-05
          90   5.17400003E-05
          91   5.02170005E-05
          92   4.86940007E-05
          93   4.72070024E-05
          94   4.57200003E-05
          95   4.43440003E-05
          96   4.29680003E-05
          97   4.18109994E-05
          98   4.06540021E-05
          99   3.97100011E-05
         100   3.87660002E-05
         101   3.79449993E-05
         102   3.71239985E-05
         103   3.63509971E-05
         104   3.55779994E-05
         105   3.48109970E-05
         106   3.40439983E-05
         107   3.32860000E-05
         108   3.25279980E-05
         109   3.18879975E-05
         110   3.12480006E-05
         111   3.08130002E-05
         112   3.03780016E-05
         113   3.00669999E-05
         114   2.97560000E-05
         115   2.94490001E-05
         116   2.91420001E-05
         117   2.88259998E-05
         118   2.85099995E-05
         119   2.82649999E-05
         120   2.80200002E-05
         121   2.79400010E-05
         122   2.78600000E-05
         123   2.79349988E-05
         124   2.80099994E-05
         125   2.81789999E-05
         126   2.83480003E-05
         127   2.85579990E-05
         128   2.87679995E-05
         129   2.90030002E-05
         130   2.92380009E-05
         131   2.95680002E-05
         132   2.98979994E-05
         133   3.04729983E-05
         134   3.10479991E-05
         135   3.18969978E-05
         136   3.27460002E-05
         137   3.37820020E-05
         138   3.48180001E-05
         139   3.59920014E-05
         140   3.71659989E-05
         141   3.85859967E-05
         142   4.00059980E-05
         143   4.17529991E-05
         144   4.35000002E-05
         145   4.56819980E-05
         146   4.78639995E-05
         147   5.06290016E-05
         148   5.33940001E-05
         149   5.68269970E-05
         150   6.02599976E-05
         151   6.43949970E-05
         152   6.85299965E-05
         153   7.33439956E-05
         154   7.81580020E-05
         155   8.34770035E-05
         156   8.87960050E-05
         157   9.41140024E-05
         158   9.94319998E-05
         159   1.04266001E-04
         160   1.09100001E-04
         161   1.13219998E-04
         162   1.17339994E-04
         163   1.20919998E-04
         164   1.24500002E-04
         165   1.28340005E-04
         166   1.32179994E-04
         167   1.37180003E-04
         168   1.42179997E-04
         169   1.48219988E-04
         170   1.54259993E-04
         171   1.61139993E-04
         172   1.68019993E-04
         173   1.75959998E-04
         174   1.83900003E-04
         175   1.93279993E-04
         176   2.02659998E-04
         177   2.13410007E-04
         178   2.24160001E-04
         179   2.31854996E-04
         180   2.39549991E-04
