 scat/ext  0.659592628    
           0   4.47399989E-02
           1   3.89899984E-02
           2   2.96599995E-02
           3   2.18899995E-02
           4   1.61799993E-02
           5   1.20999999E-02
           6   9.19300038E-03
           7   7.38750026E-03
           8   5.58200013E-03
           9   4.60099988E-03
          10   3.62000009E-03
          11   3.05850012E-03
          12   2.49699992E-03
          13   2.16050004E-03
          14   1.82400004E-03
          15   1.61150005E-03
          16   1.39899994E-03
          17   1.25749991E-03
          18   1.11600000E-03
          19   1.01895002E-03
          20   9.21899977E-04
          21   8.51850025E-04
          22   7.81800016E-04
          23   7.28450017E-04
          24   6.75100018E-04
          25   6.34500000E-04
          26   5.93899982E-04
          27   5.61399967E-04
          28   5.28900011E-04
          29   5.01250033E-04
          30   4.73599997E-04
          31   4.50149993E-04
          32   4.26699989E-04
          33   4.06550011E-04
          34   3.86400003E-04
          35   3.68850015E-04
          36   3.51299997E-04
          37   3.35799996E-04
          38   3.20299994E-04
          39   3.06750007E-04
          40   2.93199992E-04
          41   2.80949986E-04
          42   2.68700009E-04
          43   2.57050007E-04
          44   2.45400006E-04
          45   2.35100000E-04
          46   2.24799995E-04
          47   2.15699998E-04
          48   2.06600002E-04
          49   1.98449998E-04
          50   1.90299994E-04
          51   1.82499993E-04
          52   1.74700006E-04
          53   1.67699996E-04
          54   1.60700001E-04
          55   1.54400012E-04
          56   1.48100007E-04
          57   1.42350007E-04
          58   1.36600007E-04
          59   1.31300010E-04
          60   1.25999999E-04
          61   1.21049998E-04
          62   1.16099996E-04
          63   1.11649999E-04
          64   1.07200001E-04
          65   1.03259998E-04
          66   9.93200010E-05
          67   9.57299999E-05
          68   9.21399987E-05
          69   8.88950017E-05
          70   8.56499973E-05
          71   8.24300005E-05
          72   7.92100036E-05
          73   7.62400014E-05
          74   7.32699991E-05
          75   7.05999992E-05
          76   6.79299992E-05
          77   6.56549964E-05
          78   6.33800009E-05
          79   6.12700023E-05
          80   5.91600001E-05
          81   5.70600023E-05
          82   5.49600009E-05
          83   5.30550024E-05
          84   5.11500002E-05
          85   4.94749984E-05
          86   4.78000002E-05
          87   4.62700009E-05
          88   4.47400016E-05
          89   4.32750021E-05
          90   4.18099989E-05
          91   4.04899984E-05
          92   3.91700014E-05
          93   3.80950005E-05
          94   3.70199996E-05
          95   3.60999984E-05
          96   3.51800009E-05
          97   3.42200001E-05
          98   3.32599993E-05
          99   3.22699998E-05
         100   3.12800003E-05
         101   3.03750003E-05
         102   2.94700003E-05
         103   2.87849998E-05
         104   2.80999993E-05
         105   2.75999992E-05
         106   2.71000008E-05
         107   2.66400002E-05
         108   2.61799996E-05
         109   2.56900003E-05
         110   2.52000009E-05
         111   2.46800009E-05
         112   2.41599992E-05
         113   2.36599990E-05
         114   2.31600006E-05
         115   2.28249992E-05
         116   2.24899995E-05
         117   2.23499992E-05
         118   2.22100007E-05
         119   2.21000009E-05
         120   2.19899994E-05
         121   2.18450004E-05
         122   2.16999997E-05
         123   2.15549990E-05
         124   2.14100000E-05
         125   2.13450003E-05
         126   2.12800005E-05
         127   2.13399999E-05
         128   2.13999992E-05
         129   2.15900000E-05
         130   2.17800007E-05
         131   2.20600014E-05
         132   2.23400002E-05
         133   2.26600005E-05
         134   2.29800007E-05
         135   2.33899991E-05
         136   2.37999993E-05
         137   2.44149996E-05
         138   2.50300000E-05
         139   2.59699991E-05
         140   2.69100001E-05
         141   2.81149987E-05
         142   2.93199992E-05
         143   3.07949995E-05
         144   3.22699998E-05
         145   3.41199993E-05
         146   3.59699989E-05
         147   3.82500002E-05
         148   4.05300016E-05
         149   4.33500027E-05
         150   4.61700001E-05
         151   4.96400025E-05
         152   5.31100013E-05
         153   5.72850004E-05
         154   6.14599994E-05
         155   6.62800012E-05
         156   7.11000030E-05
         157   7.65849982E-05
         158   8.20700006E-05
         159   8.77999992E-05
         160   9.35299977E-05
         161   9.85149964E-05
         162   1.03500002E-04
         163   1.07250002E-04
         164   1.11000001E-04
         165   1.14399998E-04
         166   1.17800002E-04
         167   1.22149999E-04
         168   1.26500003E-04
         169   1.32100002E-04
         170   1.37700001E-04
         171   1.44249992E-04
         172   1.50799999E-04
         173   1.57550006E-04
         174   1.64300000E-04
         175   1.71199994E-04
         176   1.78100003E-04
         177   1.86949997E-04
         178   1.95800007E-04
         179   2.02850002E-04
         180   2.09899998E-04
