 scat/ext  0.586278379    
           0   7.13080019E-02
           1   5.74526675E-02
           2   3.91440019E-02
           3   2.62579992E-02
           4   1.79093331E-02
           5   1.25126662E-02
           6   8.96160025E-03
           7   6.95530046E-03
           8   4.94900020E-03
           9   3.96933360E-03
          10   2.98966677E-03
          11   2.47406680E-03
          12   1.95846660E-03
          13   1.66876661E-03
          14   1.37906673E-03
          15   1.20518007E-03
          16   1.03129330E-03
          17   9.20466671E-04
          18   8.09640042E-04
          19   7.35803391E-04
          20   6.61966682E-04
          21   6.09906681E-04
          22   5.57846681E-04
          23   5.19230030E-04
          24   4.80613322E-04
          25   4.51513333E-04
          26   4.22413315E-04
          27   3.99340002E-04
          28   3.76266660E-04
          29   3.56823322E-04
          30   3.37379985E-04
          31   3.21089989E-04
          32   3.04799993E-04
          33   2.90760014E-04
          34   2.76720006E-04
          35   2.64363334E-04
          36   2.52006663E-04
          37   2.41216665E-04
          38   2.30426667E-04
          39   2.20856658E-04
          40   2.11286664E-04
          41   2.02663330E-04
          42   1.94039996E-04
          43   1.85933328E-04
          44   1.77826660E-04
          45   1.70626663E-04
          46   1.63426666E-04
          47   1.56966998E-04
          48   1.50507331E-04
          49   1.44617661E-04
          50   1.38728006E-04
          51   1.33321999E-04
          52   1.27916006E-04
          53   1.22848011E-04
          54   1.17780008E-04
          55   1.13160000E-04
          56   1.08540000E-04
          57   1.04352002E-04
          58   1.00163998E-04
          59   9.64149949E-05
          60   9.26659995E-05
          61   8.91776654E-05
          62   8.56893312E-05
          63   8.24559975E-05
          64   7.92226710E-05
          65   7.62383352E-05
          66   7.32539993E-05
          67   7.05696657E-05
          68   6.78853321E-05
          69   6.54553296E-05
          70   6.30253344E-05
          71   6.07226684E-05
          72   5.84199988E-05
          73   5.63013309E-05
          74   5.41826666E-05
          75   5.22416667E-05
          76   5.03006668E-05
          77   4.85723358E-05
          78   4.68440012E-05
          79   4.52013337E-05
          80   4.35586662E-05
          81   4.19979988E-05
          82   4.04373350E-05
          83   3.90436689E-05
          84   3.76499993E-05
          85   3.64293301E-05
          86   3.52086645E-05
          87   3.40963306E-05
          88   3.29840004E-05
          89   3.19020000E-05
          90   3.08199997E-05
          91   2.97999995E-05
          92   2.87799994E-05
          93   2.79126652E-05
          94   2.70453329E-05
          95   2.62946669E-05
          96   2.55440009E-05
          97   2.48236665E-05
          98   2.41033322E-05
          99   2.34023319E-05
         100   2.27013334E-05
         101   2.20860002E-05
         102   2.14706670E-05
         103   2.09796672E-05
         104   2.04886674E-05
         105   2.00623326E-05
         106   1.96359997E-05
         107   1.92230000E-05
         108   1.88100003E-05
         109   1.84090004E-05
         110   1.80080006E-05
         111   1.76373323E-05
         112   1.72666660E-05
         113   1.69546656E-05
         114   1.66426671E-05
         115   1.63996665E-05
         116   1.61566677E-05
         117   1.59813353E-05
         118   1.58060011E-05
         119   1.56506685E-05
         120   1.54953341E-05
         121   1.53493329E-05
         122   1.52033326E-05
         123   1.50870001E-05
         124   1.49706666E-05
         125   1.49473326E-05
         126   1.49239995E-05
         127   1.49586667E-05
         128   1.49933330E-05
         129   1.50336673E-05
         130   1.50740007E-05
         131   1.51556669E-05
         132   1.52373332E-05
         133   1.53856672E-05
         134   1.55340003E-05
         135   1.57770010E-05
         136   1.60199997E-05
         137   1.63876666E-05
         138   1.67553335E-05
         139   1.72963337E-05
         140   1.78373321E-05
         141   1.84983328E-05
         142   1.91593335E-05
         143   1.99736678E-05
         144   2.07880003E-05
         145   2.18626665E-05
         146   2.29373327E-05
         147   2.43229988E-05
         148   2.57086667E-05
         149   2.74873346E-05
         150   2.92660006E-05
         151   3.15386678E-05
         152   3.38113350E-05
         153   3.65840024E-05
         154   3.93566661E-05
         155   4.25396647E-05
         156   4.57226670E-05
         157   4.93413318E-05
         158   5.29600002E-05
         159   5.67716670E-05
         160   6.05833338E-05
         161   6.38600031E-05
         162   6.71366652E-05
         163   6.94836635E-05
         164   7.18306692E-05
         165   7.41469994E-05
         166   7.64633369E-05
         167   7.96600070E-05
         168   8.28566699E-05
         169   8.66506671E-05
         170   9.04446642E-05
         171   9.41850012E-05
         172   9.79253309E-05
         173   1.01277001E-04
         174   1.04628671E-04
         175   1.08199994E-04
         176   1.11771325E-04
         177   1.17552998E-04
         178   1.23334670E-04
         179   1.28288666E-04
         180   1.33242662E-04
