 scat/ext  0.738668382    
           0   2.92099994E-02
           1   2.67399997E-02
           2   2.20400002E-02
           3   1.75500009E-02
           4   1.38699999E-02
           5   1.09999999E-02
           6   8.79800040E-03
           7   7.30300043E-03
           8   5.80799999E-03
           9   4.91200015E-03
          10   4.01599985E-03
          11   3.46300006E-03
          12   2.91000004E-03
          13   2.55550002E-03
          14   2.20100000E-03
          15   1.96300005E-03
          16   1.72499998E-03
          17   1.55950000E-03
          18   1.39400002E-03
          19   1.27450004E-03
          20   1.15499995E-03
          21   1.06639997E-03
          22   9.77799995E-04
          23   9.10150004E-04
          24   8.42500012E-04
          25   7.89800019E-04
          26   7.37100025E-04
          27   6.94400049E-04
          28   6.51700015E-04
          29   6.16049976E-04
          30   5.80399996E-04
          31   5.50450000E-04
          32   5.20500005E-04
          33   4.94749984E-04
          34   4.68999991E-04
          35   4.46349994E-04
          36   4.23699996E-04
          37   4.04149992E-04
          38   3.84599989E-04
          39   3.67300003E-04
          40   3.49999988E-04
          41   3.34599987E-04
          42   3.19199986E-04
          43   3.05349997E-04
          44   2.91500008E-04
          45   2.79050000E-04
          46   2.66599993E-04
          47   2.55649997E-04
          48   2.44700001E-04
          49   2.34649997E-04
          50   2.24599993E-04
          51   2.15549997E-04
          52   2.06500001E-04
          53   1.97999994E-04
          54   1.89500002E-04
          55   1.81700001E-04
          56   1.73900000E-04
          57   1.66899990E-04
          58   1.59899995E-04
          59   1.53950008E-04
          60   1.48000006E-04
          61   1.42600009E-04
          62   1.37199997E-04
          63   1.32000001E-04
          64   1.26800005E-04
          65   1.21900004E-04
          66   1.17000003E-04
          67   1.12599999E-04
          68   1.08200002E-04
          69   1.04300001E-04
          70   1.00400001E-04
          71   9.68399982E-05
          72   9.32800031E-05
          73   9.00849991E-05
          74   8.68900024E-05
          75   8.39550048E-05
          76   8.10199999E-05
          77   7.82249990E-05
          78   7.54299981E-05
          79   7.26799990E-05
          80   6.99299999E-05
          81   6.74549956E-05
          82   6.49799986E-05
          83   6.28599955E-05
          84   6.07399998E-05
          85   5.89249976E-05
          86   5.71099990E-05
          87   5.54750004E-05
          88   5.38400018E-05
          89   5.22100017E-05
          90   5.05800017E-05
          91   4.89650010E-05
          92   4.73500004E-05
          93   4.58750001E-05
          94   4.43999998E-05
          95   4.31000008E-05
          96   4.18000018E-05
          97   4.06550025E-05
          98   3.95099996E-05
          99   3.85099993E-05
         100   3.75099989E-05
         101   3.67050015E-05
         102   3.59000005E-05
         103   3.51950002E-05
         104   3.44900000E-05
         105   3.37550009E-05
         106   3.30199982E-05
         107   3.23099994E-05
         108   3.16000005E-05
         109   3.10200012E-05
         110   3.04400000E-05
         111   3.00249994E-05
         112   2.96100006E-05
         113   2.92949990E-05
         114   2.89799991E-05
         115   2.86449995E-05
         116   2.83099998E-05
         117   2.79899996E-05
         118   2.76699993E-05
         119   2.74449994E-05
         120   2.72199995E-05
         121   2.71200006E-05
         122   2.70199998E-05
         123   2.70550008E-05
         124   2.70900000E-05
         125   2.72750003E-05
         126   2.74600006E-05
         127   2.76899991E-05
         128   2.79199994E-05
         129   2.81149987E-05
         130   2.83099998E-05
         131   2.85599999E-05
         132   2.88100000E-05
         133   2.92850000E-05
         134   2.97600000E-05
         135   3.04850000E-05
         136   3.12099983E-05
         137   3.21900006E-05
         138   3.31699994E-05
         139   3.43799984E-05
         140   3.55900011E-05
         141   3.69900008E-05
         142   3.83900006E-05
         143   4.00850004E-05
         144   4.17800002E-05
         145   4.39299984E-05
         146   4.60800002E-05
         147   4.88250007E-05
         148   5.15700012E-05
         149   5.49750002E-05
         150   5.83799992E-05
         151   6.25350003E-05
         152   6.66900014E-05
         153   7.15200003E-05
         154   7.63499993E-05
         155   8.15649983E-05
         156   8.67799972E-05
         157   9.22699983E-05
         158   9.77599993E-05
         159   1.03229999E-04
         160   1.08699998E-04
         161   1.13499998E-04
         162   1.18299999E-04
         163   1.22199999E-04
         164   1.26100000E-04
         165   1.30100001E-04
         166   1.34100002E-04
         167   1.39100011E-04
         168   1.44100006E-04
         169   1.49900006E-04
         170   1.55700007E-04
         171   1.62300013E-04
         172   1.68900006E-04
         173   1.76800007E-04
         174   1.84699995E-04
         175   1.94399996E-04
         176   2.04099997E-04
         177   2.15849999E-04
         178   2.27600001E-04
         179   2.35250001E-04
         180   2.42900001E-04
