 scat/ext  0.563122451    
           0   5.34533300E-02
           1   6.87059984E-02
           2   4.41039987E-02
           3   2.81380005E-02
           4   1.84060000E-02
           5   1.24160005E-02
           6   8.62760004E-03
           7   6.58079982E-03
           8   4.53400007E-03
           9   3.58500006E-03
          10   2.63600005E-03
          11   2.15489999E-03
          12   1.67379994E-03
          13   1.41109992E-03
          14   1.14840001E-03
          15   9.95030045E-04
          16   8.41660018E-04
          17   7.46250036E-04
          18   6.50839997E-04
          19   5.88270021E-04
          20   5.25699987E-04
          21   4.82389994E-04
          22   4.39080002E-04
          23   4.07529995E-04
          24   3.75979987E-04
          25   3.52179981E-04
          26   3.28380003E-04
          27   3.09740019E-04
          28   2.91100005E-04
          29   2.75839993E-04
          30   2.60580011E-04
          31   2.47840013E-04
          32   2.35100000E-04
          33   2.24210002E-04
          34   2.13319989E-04
          35   2.03879987E-04
          36   1.94439999E-04
          37   1.86099991E-04
          38   1.77759997E-04
          39   1.70340005E-04
          40   1.62919998E-04
          41   1.56280003E-04
          42   1.49640007E-04
          43   1.43550002E-04
          44   1.37459996E-04
          45   1.31959998E-04
          46   1.26460000E-04
          47   1.21452002E-04
          48   1.16444004E-04
          49   1.11906003E-04
          50   1.07367996E-04
          51   1.03181999E-04
          52   9.89960026E-05
          53   9.51880065E-05
          54   9.13800031E-05
          55   8.78950013E-05
          56   8.44099995E-05
          57   8.12069993E-05
          58   7.80039991E-05
          59   7.50350009E-05
          60   7.20659955E-05
          61   6.93559996E-05
          62   6.66459964E-05
          63   6.41660008E-05
          64   6.16859979E-05
          65   5.94199955E-05
          66   5.71539967E-05
          67   5.50679979E-05
          68   5.29819990E-05
          69   5.10769969E-05
          70   4.91719984E-05
          71   4.73959990E-05
          72   4.56199996E-05
          73   4.39830001E-05
          74   4.23460006E-05
          75   4.08499982E-05
          76   3.93539995E-05
          77   3.79990015E-05
          78   3.66439999E-05
          79   3.53979995E-05
          80   3.41519990E-05
          81   3.29929971E-05
          82   3.18339989E-05
          83   3.07720002E-05
          84   2.97099996E-05
          85   2.87359999E-05
          86   2.77620002E-05
          87   2.68780004E-05
          88   2.59940007E-05
          89   2.51820002E-05
          90   2.43699997E-05
          91   2.36249998E-05
          92   2.28800000E-05
          93   2.22159997E-05
          94   2.15519995E-05
          95   2.09579994E-05
          96   2.03640011E-05
          97   1.98119997E-05
          98   1.92600000E-05
          99   1.87340011E-05
         100   1.82080003E-05
         101   1.77260008E-05
         102   1.72439995E-05
         103   1.68229999E-05
         104   1.64020003E-05
         105   1.60390009E-05
         106   1.56759997E-05
         107   1.53580004E-05
         108   1.50400001E-05
         109   1.47440005E-05
         110   1.44480000E-05
         111   1.41639994E-05
         112   1.38799996E-05
         113   1.36230001E-05
         114   1.33660005E-05
         115   1.31580000E-05
         116   1.29500004E-05
         117   1.27980002E-05
         118   1.26460000E-05
         119   1.25139995E-05
         120   1.23820000E-05
         121   1.22609999E-05
         122   1.21399999E-05
         123   1.20420000E-05
         124   1.19440001E-05
         125   1.18789994E-05
         126   1.18139997E-05
         127   1.17969994E-05
         128   1.17800000E-05
         129   1.18070002E-05
         130   1.18339995E-05
         131   1.19039996E-05
         132   1.19739998E-05
         133   1.20690001E-05
         134   1.21639996E-05
         135   1.23069995E-05
         136   1.24499993E-05
         137   1.26659997E-05
         138   1.28820002E-05
         139   1.31930001E-05
         140   1.35040000E-05
         141   1.39300000E-05
         142   1.43560001E-05
         143   1.49170010E-05
         144   1.54780009E-05
         145   1.62110009E-05
         146   1.69439991E-05
         147   1.78579994E-05
         148   1.87719997E-05
         149   1.99290007E-05
         150   2.10860017E-05
         151   2.25470012E-05
         152   2.40080008E-05
         153   2.58090004E-05
         154   2.76100000E-05
         155   2.97230017E-05
         156   3.18360035E-05
         157   3.41730010E-05
         158   3.65099986E-05
         159   3.88349981E-05
         160   4.11599976E-05
         161   4.30799992E-05
         162   4.50000007E-05
         163   4.63469987E-05
         164   4.76940004E-05
         165   4.90120001E-05
         166   5.03299998E-05
         167   5.22850023E-05
         168   5.42400012E-05
         169   5.67739989E-05
         170   5.93080003E-05
         171   6.18799968E-05
         172   6.44519969E-05
         173   6.68019929E-05
         174   6.91519963E-05
         175   7.19699965E-05
         176   7.47879967E-05
         177   7.93229992E-05
         178   8.38580017E-05
         179   8.71570010E-05
         180   9.04560002E-05
