 scat/ext  0.727156043    
           0   3.18445712E-02
           1   2.88671423E-02
           2   2.34108567E-02
           3   1.83620006E-02
           4   1.43217146E-02
           5   1.12297144E-02
           6   8.89288634E-03
           7   7.33552873E-03
           8   5.77817159E-03
           9   4.86331433E-03
          10   3.94845707E-03
          11   3.39238578E-03
          12   2.83631426E-03
          13   2.48418562E-03
          14   2.13205721E-03
          15   1.89812854E-03
          16   1.66419998E-03
          17   1.50289992E-03
          18   1.34159997E-03
          19   1.22608431E-03
          20   1.11056853E-03
          21   1.02532993E-03
          22   9.40091384E-04
          23   8.75295722E-04
          24   8.10500002E-04
          25   7.59991468E-04
          26   7.09482876E-04
          27   6.68605731E-04
          28   6.27728587E-04
          29   5.93692879E-04
          30   5.59657172E-04
          31   5.31078549E-04
          32   5.02499985E-04
          33   4.77904279E-04
          34   4.53308545E-04
          35   4.31652821E-04
          36   4.09997127E-04
          37   3.91248555E-04
          38   3.72499984E-04
          39   3.55889992E-04
          40   3.39279999E-04
          41   3.24452849E-04
          42   3.09625699E-04
          43   2.96304293E-04
          44   2.82982859E-04
          45   2.70988559E-04
          46   2.58994289E-04
          47   2.48385710E-04
          48   2.37777145E-04
          49   2.28049990E-04
          50   2.18322850E-04
          51   2.09548569E-04
          52   2.00774288E-04
          53   1.92559994E-04
          54   1.84345714E-04
          55   1.76820002E-04
          56   1.69294290E-04
          57   1.62504293E-04
          58   1.55714282E-04
          59   1.49902859E-04
          60   1.44091435E-04
          61   1.38798583E-04
          62   1.33505717E-04
          63   1.28464279E-04
          64   1.23422855E-04
          65   1.18664568E-04
          66   1.13906288E-04
          67   1.09628287E-04
          68   1.05350286E-04
          69   1.01541285E-04
          70   9.77322852E-05
          71   9.42628540E-05
          72   9.07934300E-05
          73   8.76674312E-05
          74   8.45414324E-05
          75   8.16634274E-05
          76   7.87854297E-05
          77   7.60607145E-05
          78   7.33359993E-05
          79   7.06782885E-05
          80   6.80205703E-05
          81   6.56277116E-05
          82   6.32348601E-05
          83   6.11624273E-05
          84   5.90899981E-05
          85   5.72992867E-05
          86   5.55085717E-05
          87   5.38888562E-05
          88   5.22691444E-05
          89   5.06755750E-05
          90   4.90820021E-05
          91   4.75234301E-05
          92   4.59648581E-05
          93   4.45304286E-05
          94   4.30959990E-05
          95   4.18194286E-05
          96   4.05428582E-05
          97   3.94222880E-05
          98   3.83017141E-05
          99   3.73302828E-05
         100   3.63588551E-05
         101   3.55621451E-05
         102   3.47654313E-05
         103   3.40609986E-05
         104   3.33565695E-05
         105   3.26365698E-05
         106   3.19165702E-05
         107   3.12151424E-05
         108   3.05137146E-05
         109   2.99345720E-05
         110   2.93554294E-05
         111   2.89397140E-05
         112   2.85240003E-05
         113   2.82085712E-05
         114   2.78931420E-05
         115   2.75649982E-05
         116   2.72368561E-05
         117   2.69191423E-05
         118   2.66014285E-05
         119   2.63714282E-05
         120   2.61414280E-05
         121   2.60358574E-05
         122   2.59302851E-05
         123   2.59567132E-05
         124   2.59831431E-05
         125   2.61447149E-05
         126   2.63062866E-05
         127   2.65074286E-05
         128   2.67085707E-05
         129   2.68874282E-05
         130   2.70662858E-05
         131   2.73062869E-05
         132   2.75462862E-05
         133   2.80031418E-05
         134   2.84599992E-05
         135   2.91605702E-05
         136   2.98611412E-05
         137   3.07938535E-05
         138   3.17265694E-05
         139   3.28719980E-05
         140   3.40174302E-05
         141   3.53584292E-05
         142   3.66994282E-05
         143   3.83327133E-05
         144   3.99660021E-05
         145   4.20397155E-05
         146   4.41134289E-05
         147   4.67751452E-05
         148   4.94368578E-05
         149   5.27651428E-05
         150   5.60934277E-05
         151   6.01700012E-05
         152   6.42465748E-05
         153   6.90195739E-05
         154   7.37925729E-05
         155   7.90251434E-05
         156   8.42577138E-05
         157   8.97892896E-05
         158   9.53208582E-05
         159   1.00813719E-04
         160   1.06306572E-04
         161   1.11140427E-04
         162   1.15974282E-04
         163   1.19915712E-04
         164   1.23857142E-04
         165   1.27897132E-04
         166   1.31937137E-04
         167   1.36984279E-04
         168   1.42031437E-04
         169   1.47822866E-04
         170   1.53614295E-04
         171   1.60027150E-04
         172   1.66440004E-04
         173   1.73884284E-04
         174   1.81328563E-04
         175   1.90265710E-04
         176   1.99202856E-04
         177   2.10198574E-04
         178   2.21194277E-04
         179   2.28667137E-04
         180   2.36139997E-04
