 scat/ext  0.717917204    
           0   3.32700014E-02
           1   3.00600007E-02
           2   2.42199991E-02
           3   1.88699998E-02
           4   1.46199996E-02
           5   1.13899997E-02
           6   8.96700006E-03
           7   7.36699998E-03
           8   5.76699991E-03
           9   4.83749993E-03
          10   3.90799996E-03
          11   3.34850000E-03
          12   2.78900005E-03
          13   2.43799994E-03
          14   2.08700006E-03
          15   1.85550004E-03
          16   1.62400003E-03
          17   1.46499998E-03
          18   1.30600005E-03
          19   1.19300000E-03
          20   1.07999996E-03
          21   9.96849965E-04
          22   9.13699972E-04
          23   8.50650016E-04
          24   7.87600002E-04
          25   7.38700037E-04
          26   6.89800014E-04
          27   6.50300004E-04
          28   6.10799994E-04
          29   5.77799976E-04
          30   5.44800016E-04
          31   5.17099979E-04
          32   4.89400001E-04
          33   4.65549994E-04
          34   4.41699987E-04
          35   4.20700002E-04
          36   3.99699988E-04
          37   3.81549995E-04
          38   3.63400002E-04
          39   3.47299996E-04
          40   3.31199990E-04
          41   3.16849997E-04
          42   3.02500004E-04
          43   2.89499993E-04
          44   2.76500010E-04
          45   2.64850009E-04
          46   2.53200007E-04
          47   2.42900001E-04
          48   2.32599996E-04
          49   2.23149997E-04
          50   2.13699997E-04
          51   2.05149991E-04
          52   1.96599998E-04
          53   1.88550010E-04
          54   1.80500007E-04
          55   1.73150009E-04
          56   1.65799996E-04
          57   1.59149989E-04
          58   1.52499997E-04
          59   1.46849998E-04
          60   1.41199998E-04
          61   1.36050003E-04
          62   1.30900007E-04
          63   1.25999999E-04
          64   1.21099998E-04
          65   1.16399999E-04
          66   1.11699999E-04
          67   1.07500004E-04
          68   1.03300001E-04
          69   9.95949958E-05
          70   9.58899982E-05
          71   9.24850028E-05
          72   8.90800002E-05
          73   8.60099972E-05
          74   8.29400014E-05
          75   8.01300048E-05
          76   7.73200009E-05
          77   7.46549995E-05
          78   7.19899981E-05
          79   6.93549955E-05
          80   6.67200002E-05
          81   6.43450039E-05
          82   6.19700004E-05
          83   5.99350024E-05
          84   5.79000007E-05
          85   5.61499983E-05
          86   5.43999995E-05
          87   5.28199998E-05
          88   5.12400002E-05
          89   4.96650027E-05
          90   4.80900017E-05
          91   4.65350022E-05
          92   4.49799991E-05
          93   4.35649999E-05
          94   4.21500008E-05
          95   4.08999986E-05
          96   3.96500000E-05
          97   3.85399981E-05
          98   3.74299998E-05
          99   3.64549996E-05
         100   3.54799995E-05
         101   3.47000023E-05
         102   3.39200014E-05
         103   3.32449999E-05
         104   3.25699984E-05
         105   3.18699967E-05
         106   3.11699987E-05
         107   3.04749992E-05
         108   2.97799997E-05
         109   2.92100012E-05
         110   2.86400009E-05
         111   2.82250003E-05
         112   2.78099997E-05
         113   2.75000002E-05
         114   2.71900008E-05
         115   2.68650001E-05
         116   2.65399995E-05
         117   2.62200010E-05
         118   2.59000008E-05
         119   2.56700005E-05
         120   2.54400002E-05
         121   2.53250000E-05
         122   2.52099999E-05
         123   2.52249993E-05
         124   2.52400005E-05
         125   2.54100014E-05
         126   2.55800005E-05
         127   2.57800002E-05
         128   2.59799999E-05
         129   2.61349996E-05
         130   2.62899994E-05
         131   2.64999999E-05
         132   2.67100004E-05
         133   2.71249992E-05
         134   2.75399998E-05
         135   2.82049987E-05
         136   2.88699994E-05
         137   2.97749993E-05
         138   3.06799993E-05
         139   3.18050006E-05
         140   3.29299983E-05
         141   3.42249987E-05
         142   3.55199991E-05
         143   3.70950002E-05
         144   3.86700012E-05
         145   4.06850013E-05
         146   4.27000014E-05
         147   4.53000030E-05
         148   4.79000009E-05
         149   5.11649996E-05
         150   5.44299983E-05
         151   5.84549998E-05
         152   6.24800014E-05
         153   6.72000024E-05
         154   7.19200034E-05
         155   7.70800034E-05
         156   8.22400034E-05
         157   8.77499988E-05
         158   9.32600014E-05
         159   9.88300017E-05
         160   1.04400002E-04
         161   1.09300003E-04
         162   1.14199996E-04
         163   1.18099997E-04
         164   1.21999998E-04
         165   1.25999999E-04
         166   1.30000000E-04
         167   1.35050010E-04
         168   1.40100005E-04
         169   1.45750004E-04
         170   1.51400003E-04
         171   1.57550006E-04
         172   1.63699995E-04
         173   1.70899992E-04
         174   1.78100003E-04
         175   1.86749996E-04
         176   1.95400004E-04
         177   2.06299999E-04
         178   2.17199995E-04
         179   2.24749994E-04
         180   2.32299994E-04
