 scat/ext  0.731328428    
           0   3.08940001E-02
           1   2.81086657E-02
           2   2.29306668E-02
           3   1.80833340E-02
           4   1.41699994E-02
           5   1.11546665E-02
           6   8.86366703E-03
           7   7.32696708E-03
           8   5.79026667E-03
           9   4.88133356E-03
          10   3.97239998E-03
          11   3.41710006E-03
          12   2.86180014E-03
          13   2.50873342E-03
          14   2.15566671E-03
          15   1.92026666E-03
          16   1.68486661E-03
          17   1.52206665E-03
          18   1.35926669E-03
          19   1.24236662E-03
          20   1.12546666E-03
          21   1.03906333E-03
          22   9.52659990E-04
          23   8.86896625E-04
          24   8.21133319E-04
          25   7.69890030E-04
          26   7.18646683E-04
          27   6.77159987E-04
          28   6.35673350E-04
          29   6.01096661E-04
          30   5.66520030E-04
          31   5.37486689E-04
          32   5.08453348E-04
          33   4.83473355E-04
          34   4.58493334E-04
          35   4.36503324E-04
          36   4.14513313E-04
          37   3.95503303E-04
          38   3.76493321E-04
          39   3.59653321E-04
          40   3.42813320E-04
          41   3.27799993E-04
          42   3.12786666E-04
          43   2.99293315E-04
          44   2.85799993E-04
          45   2.73660000E-04
          46   2.61520006E-04
          47   2.50803336E-04
          48   2.40086665E-04
          49   2.30253325E-04
          50   2.20419999E-04
          51   2.11559993E-04
          52   2.02700001E-04
          53   1.94386666E-04
          54   1.86073332E-04
          55   1.78453338E-04
          56   1.70833329E-04
          57   1.63969991E-04
          58   1.57106668E-04
          59   1.51256667E-04
          60   1.45406666E-04
          61   1.40086660E-04
          62   1.34766669E-04
          63   1.29676671E-04
          64   1.24586673E-04
          65   1.19773336E-04
          66   1.14959999E-04
          67   1.10637666E-04
          68   1.06315332E-04
          69   1.02477003E-04
          70   9.86386658E-05
          71   9.51413385E-05
          72   9.16440040E-05
          73   8.84980036E-05
          74   8.53520032E-05
          75   8.24583403E-05
          76   7.95646702E-05
          77   7.68150057E-05
          78   7.40653340E-05
          79   7.13699992E-05
          80   6.86746644E-05
          81   6.62513339E-05
          82   6.38279962E-05
          83   6.17406622E-05
          84   5.96533318E-05
          85   5.78566651E-05
          86   5.60599983E-05
          87   5.44376671E-05
          88   5.28153359E-05
          89   5.12093357E-05
          90   4.96033354E-05
          91   4.80223352E-05
          92   4.64413351E-05
          93   4.49893341E-05
          94   4.35373331E-05
          95   4.22496669E-05
          96   4.09620006E-05
          97   3.98316661E-05
          98   3.87013315E-05
          99   3.77203323E-05
         100   3.67393332E-05
         101   3.59433325E-05
         102   3.51473354E-05
         103   3.44453365E-05
         104   3.37433339E-05
         105   3.30166658E-05
         106   3.22899978E-05
         107   3.15823345E-05
         108   3.08746676E-05
         109   3.02946682E-05
         110   2.97146671E-05
         111   2.93010016E-05
         112   2.88873343E-05
         113   2.85756669E-05
         114   2.82639994E-05
         115   2.79339984E-05
         116   2.76039991E-05
         117   2.72823327E-05
         118   2.69606662E-05
         119   2.67303330E-05
         120   2.64999999E-05
         121   2.63959992E-05
         122   2.62920003E-05
         123   2.63229995E-05
         124   2.63540005E-05
         125   2.65279996E-05
         126   2.67020005E-05
         127   2.69150005E-05
         128   2.71279987E-05
         129   2.73096666E-05
         130   2.74913327E-05
         131   2.77309991E-05
         132   2.79706674E-05
         133   2.84316666E-05
         134   2.88926658E-05
         135   2.96026665E-05
         136   3.03126653E-05
         137   3.12636657E-05
         138   3.22146661E-05
         139   3.33829994E-05
         140   3.45513326E-05
         141   3.59096666E-05
         142   3.72680006E-05
         143   3.89186680E-05
         144   4.05693354E-05
         145   4.26663355E-05
         146   4.47633356E-05
         147   4.74530025E-05
         148   5.01426694E-05
         149   5.34986684E-05
         150   5.68546675E-05
         151   6.09623348E-05
         152   6.50700022E-05
         153   6.98666699E-05
         154   7.46633305E-05
         155   7.98896654E-05
         156   8.51160003E-05
         157   9.06323330E-05
         158   9.61486658E-05
         159   1.01637663E-04
         160   1.07126667E-04
         161   1.11953334E-04
         162   1.16780000E-04
         163   1.20706667E-04
         164   1.24633327E-04
         165   1.28666667E-04
         166   1.32700006E-04
         167   1.37743336E-04
         168   1.42786666E-04
         169   1.48570005E-04
         170   1.54353344E-04
         171   1.60800002E-04
         172   1.67246675E-04
         173   1.74829998E-04
         174   1.82413336E-04
         175   1.91610001E-04
         176   2.00806666E-04
         177   2.12079991E-04
         178   2.23353331E-04
         179   2.30899997E-04
         180   2.38446664E-04
