 scat/ext  0.707633674    
           0   3.53573337E-02
           1   3.17033343E-02
           2   2.52386667E-02
           3   1.94446668E-02
           4   1.49240000E-02
           5   1.15359994E-02
           6   9.01939999E-03
           7   7.37889996E-03
           8   5.73839992E-03
           9   4.79840022E-03
          10   3.85840004E-03
          11   3.29823326E-03
          12   2.73806672E-03
          13   2.38909991E-03
          14   2.04013335E-03
          15   1.81163335E-03
          16   1.58313336E-03
          17   1.42743334E-03
          18   1.27173332E-03
          19   1.16152992E-03
          20   1.05132663E-03
          21   9.70569963E-04
          22   8.89813295E-04
          23   8.28823308E-04
          24   7.67833320E-04
          25   7.20246695E-04
          26   6.72660011E-04
          27   6.34213327E-04
          28   5.95766644E-04
          29   5.63883339E-04
          30   5.32000035E-04
          31   5.05250006E-04
          32   4.78500006E-04
          33   4.55443340E-04
          34   4.32386645E-04
          35   4.12056630E-04
          36   3.91726644E-04
          37   3.74046649E-04
          38   3.56366654E-04
          39   3.40676663E-04
          40   3.24986671E-04
          41   3.10923322E-04
          42   2.96860002E-04
          43   2.84243317E-04
          44   2.71626661E-04
          45   2.60239991E-04
          46   2.48853350E-04
          47   2.38700013E-04
          48   2.28546662E-04
          49   2.19249996E-04
          50   2.09953330E-04
          51   2.01546674E-04
          52   1.93140004E-04
          53   1.85306679E-04
          54   1.77473339E-04
          55   1.70313346E-04
          56   1.63153338E-04
          57   1.56643335E-04
          58   1.50133332E-04
          59   1.44506659E-04
          60   1.38880001E-04
          61   1.33730005E-04
          62   1.28580010E-04
          63   1.23750011E-04
          64   1.18919997E-04
          65   1.14350667E-04
          66   1.09781329E-04
          67   1.05665997E-04
          68   1.01550664E-04
          69   9.78629978E-05
          70   9.41753315E-05
          71   9.08266666E-05
          72   8.74780017E-05
          73   8.44440001E-05
          74   8.14099985E-05
          75   7.86079981E-05
          76   7.58059978E-05
          77   7.31749969E-05
          78   7.05439961E-05
          79   6.80093362E-05
          80   6.54746691E-05
          81   6.31913354E-05
          82   6.09080016E-05
          83   5.88990006E-05
          84   5.68899995E-05
          85   5.51316662E-05
          86   5.33733328E-05
          87   5.17739973E-05
          88   5.01746654E-05
          89   4.86296667E-05
          90   4.70846680E-05
          91   4.56013331E-05
          92   4.41179982E-05
          93   4.27376654E-05
          94   4.13573325E-05
          95   4.01119978E-05
          96   3.88666667E-05
          97   3.77786673E-05
          98   3.66906679E-05
          99   3.57573335E-05
         100   3.48239992E-05
         101   3.40383340E-05
         102   3.32526688E-05
         103   3.25490000E-05
         104   3.18453313E-05
         105   3.11453332E-05
         106   3.04453333E-05
         107   2.97553343E-05
         108   2.90653334E-05
         109   2.84873349E-05
         110   2.79093347E-05
         111   2.74926679E-05
         112   2.70759992E-05
         113   2.67600008E-05
         114   2.64440005E-05
         115   2.61249988E-05
         116   2.58059990E-05
         117   2.54913321E-05
         118   2.51766669E-05
         119   2.49400000E-05
         120   2.47033331E-05
         121   2.45903320E-05
         122   2.44773328E-05
         123   2.44923322E-05
         124   2.45073334E-05
         125   2.46376658E-05
         126   2.47680000E-05
         127   2.49306668E-05
         128   2.50933335E-05
         129   2.52506670E-05
         130   2.54080005E-05
         131   2.56346666E-05
         132   2.58613327E-05
         133   2.62939993E-05
         134   2.67266660E-05
         135   2.73946662E-05
         136   2.80626664E-05
         137   2.89323325E-05
         138   2.98019986E-05
         139   3.08613307E-05
         140   3.19206665E-05
         141   3.31830015E-05
         142   3.44453329E-05
         143   3.59963342E-05
         144   3.75473355E-05
         145   3.95193347E-05
         146   4.14913338E-05
         147   4.40420008E-05
         148   4.65926678E-05
         149   4.98186673E-05
         150   5.30446669E-05
         151   5.70166667E-05
         152   6.09886665E-05
         153   6.56856646E-05
         154   7.03826663E-05
         155   7.56386726E-05
         156   8.08946716E-05
         157   8.64816684E-05
         158   9.20686653E-05
         159   9.75919975E-05
         160   1.03115337E-04
         161   1.07994332E-04
         162   1.12873335E-04
         163   1.16869996E-04
         164   1.20866665E-04
         165   1.24960003E-04
         166   1.29053326E-04
         167   1.34163332E-04
         168   1.39273339E-04
         169   1.45053345E-04
         170   1.50833337E-04
         171   1.56996670E-04
         172   1.63160003E-04
         173   1.69996667E-04
         174   1.76833331E-04
         175   1.84753328E-04
         176   1.92673338E-04
         177   2.02663330E-04
         178   2.12653322E-04
         179   2.19889989E-04
         180   2.27126657E-04
