 scat/ext  0.653175473    
           0   4.64180000E-02
           1   4.02239971E-02
           2   3.03419996E-02
           3   2.22299993E-02
           4   1.63300000E-02
           5   1.21480003E-02
           6   9.18760058E-03
           7   7.36270007E-03
           8   5.53780003E-03
           9   4.55479976E-03
          10   3.57179996E-03
          11   3.01250000E-03
          12   2.45320005E-03
          13   2.11949996E-03
          14   1.78579998E-03
          15   1.57619989E-03
          16   1.36659993E-03
          17   1.22761005E-03
          18   1.08862005E-03
          19   9.93489986E-04
          20   8.98359984E-04
          21   8.29849974E-04
          22   7.61340023E-04
          23   7.09310058E-04
          24   6.57280034E-04
          25   6.17610000E-04
          26   5.77939965E-04
          27   5.46240015E-04
          28   5.14540006E-04
          29   4.87720012E-04
          30   4.60899988E-04
          31   4.38119983E-04
          32   4.15339979E-04
          33   3.95770010E-04
          34   3.76200012E-04
          35   3.59220023E-04
          36   3.42240004E-04
          37   3.27179994E-04
          38   3.12119984E-04
          39   2.98889994E-04
          40   2.85660004E-04
          41   2.73730024E-04
          42   2.61800014E-04
          43   2.50530022E-04
          44   2.39260000E-04
          45   2.29259997E-04
          46   2.19259993E-04
          47   2.10369995E-04
          48   2.01479997E-04
          49   1.93510001E-04
          50   1.85539990E-04
          51   1.77940005E-04
          52   1.70340005E-04
          53   1.63549994E-04
          54   1.56759997E-04
          55   1.50630003E-04
          56   1.44500009E-04
          57   1.38910007E-04
          58   1.33320005E-04
          59   1.28109998E-04
          60   1.22900004E-04
          61   1.18080003E-04
          62   1.13259994E-04
          63   1.08923996E-04
          64   1.04587998E-04
          65   1.00744001E-04
          66   9.69000030E-05
          67   9.33850024E-05
          68   8.98700018E-05
          69   8.66869959E-05
          70   8.35039973E-05
          71   8.03739968E-05
          72   7.72440035E-05
          73   7.43550045E-05
          74   7.14659982E-05
          75   6.88650034E-05
          76   6.62640014E-05
          77   6.40299986E-05
          78   6.17960031E-05
          79   5.97370017E-05
          80   5.76780003E-05
          81   5.56490013E-05
          82   5.36200023E-05
          83   5.17680019E-05
          84   4.99160014E-05
          85   4.82700016E-05
          86   4.66240017E-05
          87   4.51209999E-05
          88   4.36180017E-05
          89   4.21980003E-05
          90   4.07779989E-05
          91   3.95030002E-05
          92   3.82280014E-05
          93   3.71749993E-05
          94   3.61220009E-05
          95   3.52140014E-05
          96   3.43060019E-05
          97   3.33740027E-05
          98   3.24419998E-05
          99   3.14850004E-05
         100   3.05280009E-05
         101   2.96470007E-05
         102   2.87660005E-05
         103   2.80780005E-05
         104   2.73899986E-05
         105   2.68809999E-05
         106   2.63720012E-05
         107   2.59230001E-05
         108   2.54739989E-05
         109   2.50029989E-05
         110   2.45320007E-05
         111   2.40289992E-05
         112   2.35259995E-05
         113   2.30369988E-05
         114   2.25479998E-05
         115   2.22159997E-05
         116   2.18839996E-05
         117   2.17390007E-05
         118   2.15939999E-05
         119   2.14819993E-05
         120   2.13699986E-05
         121   2.12239993E-05
         122   2.10779999E-05
         123   2.09350001E-05
         124   2.07920002E-05
         125   2.07199992E-05
         126   2.06479999E-05
         127   2.06980003E-05
         128   2.07479989E-05
         129   2.09339996E-05
         130   2.11200004E-05
         131   2.14020001E-05
         132   2.16839999E-05
         133   2.19930007E-05
         134   2.23019997E-05
         135   2.26909997E-05
         136   2.30799997E-05
         137   2.36589985E-05
         138   2.42379992E-05
         139   2.51210004E-05
         140   2.60039997E-05
         141   2.71569988E-05
         142   2.83099998E-05
         143   2.97430015E-05
         144   3.11760014E-05
         145   3.29750001E-05
         146   3.47739988E-05
         147   3.69749978E-05
         148   3.91760004E-05
         149   4.18830023E-05
         150   4.45900005E-05
         151   4.79200025E-05
         152   5.12500010E-05
         153   5.52729980E-05
         154   5.92959987E-05
         155   6.39610007E-05
         156   6.86260028E-05
         157   7.39160023E-05
         158   7.92060018E-05
         159   8.47030024E-05
         160   9.01999956E-05
         161   9.49749956E-05
         162   9.97500028E-05
         163   1.03352999E-04
         164   1.06956002E-04
         165   1.10217996E-04
         166   1.13479997E-04
         167   1.17670003E-04
         168   1.21860001E-04
         169   1.27310006E-04
         170   1.32760004E-04
         171   1.39090000E-04
         172   1.45419996E-04
         173   1.51879998E-04
         174   1.58340001E-04
         175   1.64960002E-04
         176   1.71580003E-04
         177   1.80169998E-04
         178   1.88760008E-04
         179   1.95569999E-04
         180   2.02380004E-04
