 scat/ext  0.581107616    
           0   5.98171428E-02
           1   5.98339997E-02
           2   4.01702859E-02
           3   2.66362857E-02
           4   1.80025715E-02
           5   1.24868574E-02
           6   8.88954289E-03
           7   6.87662885E-03
           8   4.86371433E-03
           9   3.89100006E-03
          10   2.91828578E-03
          11   2.41010007E-03
          12   1.90191425E-03
          13   1.61789998E-03
          14   1.33388571E-03
          15   1.16415578E-03
          16   9.94425733E-04
          17   8.86678579E-04
          18   7.78931426E-04
          19   7.07315747E-04
          20   6.35700009E-04
          21   5.85338566E-04
          22   5.34977182E-04
          23   4.97741450E-04
          24   4.60505689E-04
          25   4.32448578E-04
          26   4.04391438E-04
          27   3.82174272E-04
          28   3.59957136E-04
          29   3.41302832E-04
          30   3.22648557E-04
          31   3.07045702E-04
          32   2.91442848E-04
          33   2.78004271E-04
          34   2.64565722E-04
          35   2.52748578E-04
          36   2.40931433E-04
          37   2.30614285E-04
          38   2.20297137E-04
          39   2.11145714E-04
          40   2.01994291E-04
          41   1.93748579E-04
          42   1.85502868E-04
          43   1.77778566E-04
          44   1.70054278E-04
          45   1.63182849E-04
          46   1.56311420E-04
          47   1.50136562E-04
          48   1.43961719E-04
          49   1.38331146E-04
          50   1.32700574E-04
          51   1.27535139E-04
          52   1.22369718E-04
          53   1.17537718E-04
          54   1.12705718E-04
          55   1.08297856E-04
          56   1.03890001E-04
          57   9.98887117E-05
          58   9.58874298E-05
          59   9.23007174E-05
          60   8.87139977E-05
          61   8.53811362E-05
          62   8.20482819E-05
          63   7.89597107E-05
          64   7.58711394E-05
          65   7.30199972E-05
          66   7.01688550E-05
          67   6.76005729E-05
          68   6.50322836E-05
          69   6.27044283E-05
          70   6.03765693E-05
          71   5.81754284E-05
          72   5.59742839E-05
          73   5.39498578E-05
          74   5.19254281E-05
          75   5.00728565E-05
          76   4.82202850E-05
          77   4.65652847E-05
          78   4.49102881E-05
          79   4.33391433E-05
          80   4.17679985E-05
          81   4.02798541E-05
          82   3.87917135E-05
          83   3.74622832E-05
          84   3.61328566E-05
          85   3.49639995E-05
          86   3.37951424E-05
          87   3.27277157E-05
          88   3.16602855E-05
          89   3.06265720E-05
          90   2.95928585E-05
          91   2.86221439E-05
          92   2.76514293E-05
          93   2.68211425E-05
          94   2.59908556E-05
          95   2.52677128E-05
          96   2.45445717E-05
          97   2.38537141E-05
          98   2.31628565E-05
          99   2.24945725E-05
         100   2.18262867E-05
         101   2.12397135E-05
         102   2.06531422E-05
         103   2.01812854E-05
         104   1.97094287E-05
         105   1.92967145E-05
         106   1.88840004E-05
         107   1.84848577E-05
         108   1.80857151E-05
         109   1.77017137E-05
         110   1.73177141E-05
         111   1.69645718E-05
         112   1.66114278E-05
         113   1.63155710E-05
         114   1.60197142E-05
         115   1.57848572E-05
         116   1.55500002E-05
         117   1.53762849E-05
         118   1.52025714E-05
         119   1.50488577E-05
         120   1.48951431E-05
         121   1.47547144E-05
         122   1.46142856E-05
         123   1.45037138E-05
         124   1.43931429E-05
         125   1.43681427E-05
         126   1.43431425E-05
         127   1.43701427E-05
         128   1.43971429E-05
         129   1.44315718E-05
         130   1.44660007E-05
         131   1.45388576E-05
         132   1.46117145E-05
         133   1.47495721E-05
         134   1.48874287E-05
         135   1.51144286E-05
         136   1.53414276E-05
         137   1.56854276E-05
         138   1.60294276E-05
         139   1.65312849E-05
         140   1.70331423E-05
         141   1.76471440E-05
         142   1.82611439E-05
         143   1.90215724E-05
         144   1.97820009E-05
         145   2.07847152E-05
         146   2.17874294E-05
         147   2.30820006E-05
         148   2.43765717E-05
         149   2.60438574E-05
         150   2.77111430E-05
         151   2.98401428E-05
         152   3.19691426E-05
         153   3.45638546E-05
         154   3.71585702E-05
         155   4.01412835E-05
         156   4.31240005E-05
         157   4.65084304E-05
         158   4.98928566E-05
         159   5.34378560E-05
         160   5.69828553E-05
         161   6.00114290E-05
         162   6.30400027E-05
         163   6.52029994E-05
         164   6.73660033E-05
         165   6.95137132E-05
         166   7.16614304E-05
         167   7.46450023E-05
         168   7.76285742E-05
         169   8.11802893E-05
         170   8.47319970E-05
         171   8.82342865E-05
         172   9.17365687E-05
         173   9.48865709E-05
         174   9.80365730E-05
         175   1.01444282E-04
         176   1.04851992E-04
         177   1.10366993E-04
         178   1.15882001E-04
         179   1.20524433E-04
         180   1.25166858E-04
