 scat/ext  0.750124991    
           0   2.57799998E-02
           1   2.38600001E-02
           2   2.00500004E-02
           3   1.62899997E-02
           4   1.31200003E-02
           5   1.05799995E-02
           6   8.58299993E-03
           7   7.19549973E-03
           8   5.80799999E-03
           9   4.95100021E-03
          10   4.09399997E-03
          11   3.55149992E-03
          12   3.00900009E-03
          13   2.65150005E-03
          14   2.29400001E-03
          15   2.05049990E-03
          16   1.80700002E-03
          17   1.63550000E-03
          18   1.46399997E-03
          19   1.33950007E-03
          20   1.21500005E-03
          21   1.12250005E-03
          22   1.03000004E-03
          23   9.58850025E-04
          24   8.87700007E-04
          25   8.31100042E-04
          26   7.74500018E-04
          27   7.28400017E-04
          28   6.82300015E-04
          29   6.44600019E-04
          30   6.06900023E-04
          31   5.75450016E-04
          32   5.44000010E-04
          33   5.16950036E-04
          34   4.89900005E-04
          35   4.66149999E-04
          36   4.42399993E-04
          37   4.21600009E-04
          38   4.00799996E-04
          39   3.82450002E-04
          40   3.64100008E-04
          41   3.47699999E-04
          42   3.31299991E-04
          43   3.16999998E-04
          44   3.02700006E-04
          45   2.89749994E-04
          46   2.76800012E-04
          47   2.65050010E-04
          48   2.53300008E-04
          49   2.42650014E-04
          50   2.32000006E-04
          51   2.22450006E-04
          52   2.12900006E-04
          53   2.04250013E-04
          54   1.95600005E-04
          55   1.87700003E-04
          56   1.79800001E-04
          57   1.72600005E-04
          58   1.65399993E-04
          59   1.58949988E-04
          60   1.52499997E-04
          61   1.46649996E-04
          62   1.40799995E-04
          63   1.35449998E-04
          64   1.30100001E-04
          65   1.25149993E-04
          66   1.20199998E-04
          67   1.15700001E-04
          68   1.11200003E-04
          69   1.07050000E-04
          70   1.02899998E-04
          71   9.92799978E-05
          72   9.56599979E-05
          73   9.23449988E-05
          74   8.90299998E-05
          75   8.59300053E-05
          76   8.28300035E-05
          77   7.99600020E-05
          78   7.70900006E-05
          79   7.44300050E-05
          80   7.17700023E-05
          81   6.93949987E-05
          82   6.70200025E-05
          83   6.48700006E-05
          84   6.27199988E-05
          85   6.07850016E-05
          86   5.88500006E-05
          87   5.70650009E-05
          88   5.52800011E-05
          89   5.36549996E-05
          90   5.20299982E-05
          91   5.05299977E-05
          92   4.90300008E-05
          93   4.75400011E-05
          94   4.60500014E-05
          95   4.46550002E-05
          96   4.32599991E-05
          97   4.21000004E-05
          98   4.09400018E-05
          99   4.00100034E-05
         100   3.90800014E-05
         101   3.82549988E-05
         102   3.74299998E-05
         103   3.66399981E-05
         104   3.58500001E-05
         105   3.50749979E-05
         106   3.42999992E-05
         107   3.35299992E-05
         108   3.27599992E-05
         109   3.21049993E-05
         110   3.14499994E-05
         111   3.10100004E-05
         112   3.05700014E-05
         113   3.02600019E-05
         114   2.99500007E-05
         115   2.96500002E-05
         116   2.93499997E-05
         117   2.90349999E-05
         118   2.87200000E-05
         119   2.84700000E-05
         120   2.82199999E-05
         121   2.81450011E-05
         122   2.80700006E-05
         123   2.81550001E-05
         124   2.82399997E-05
         125   2.84050002E-05
         126   2.85700007E-05
         127   2.87750008E-05
         128   2.89799991E-05
         129   2.92250006E-05
         130   2.94700003E-05
         131   2.98199993E-05
         132   3.01700002E-05
         133   3.07699993E-05
         134   3.13700002E-05
         135   3.22499982E-05
         136   3.31299998E-05
         137   3.41800005E-05
         138   3.52300012E-05
         139   3.63950021E-05
         140   3.75599993E-05
         141   3.89849993E-05
         142   4.04099992E-05
         143   4.21699988E-05
         144   4.39299984E-05
         145   4.61199998E-05
         146   4.83100011E-05
         147   5.10800019E-05
         148   5.38499989E-05
         149   5.72899989E-05
         150   6.07299989E-05
         151   6.48599962E-05
         152   6.89899971E-05
         153   7.37999944E-05
         154   7.86099990E-05
         155   8.39550048E-05
         156   8.93000033E-05
         157   9.45750071E-05
         158   9.98500036E-05
         159   1.04525003E-04
         160   1.09200002E-04
         161   1.13150003E-04
         162   1.17099997E-04
         163   1.20600002E-04
         164   1.24099999E-04
         165   1.27899999E-04
         166   1.31699999E-04
         167   1.36699993E-04
         168   1.41700002E-04
         169   1.47799990E-04
         170   1.53899993E-04
         171   1.60850002E-04
         172   1.67799997E-04
         173   1.75749999E-04
         174   1.83700002E-04
         175   1.93000000E-04
         176   2.02299998E-04
         177   2.12799991E-04
         178   2.23299998E-04
         179   2.29750003E-04
         180   2.36199994E-04
