 scat/ext  0.571531177    
           0   8.01799968E-02
           1   6.32900000E-02
           2   4.18800004E-02
           3   2.73700003E-02
           4   1.82499997E-02
           5   1.25000002E-02
           6   8.79800040E-03
           7   6.75700046E-03
           8   4.71600005E-03
           9   3.74899991E-03
          10   2.78200000E-03
          11   2.28350004E-03
          12   1.78499997E-03
          13   1.50949997E-03
          14   1.23399997E-03
          15   1.07204996E-03
          16   9.10100003E-04
          17   8.08550045E-04
          18   7.07000028E-04
          19   6.40150043E-04
          20   5.73300000E-04
          21   5.26849995E-04
          22   4.80399991E-04
          23   4.46249993E-04
          24   4.12099995E-04
          25   3.86300002E-04
          26   3.60500009E-04
          27   3.40300001E-04
          28   3.20099993E-04
          29   3.03499983E-04
          30   2.86900002E-04
          31   2.72899983E-04
          32   2.58899992E-04
          33   2.46949989E-04
          34   2.35000000E-04
          35   2.24699994E-04
          36   2.14400003E-04
          37   2.05199991E-04
          38   1.95999994E-04
          39   1.87800004E-04
          40   1.79600000E-04
          41   1.72300002E-04
          42   1.65000005E-04
          43   1.58250012E-04
          44   1.51500004E-04
          45   1.45400001E-04
          46   1.39299998E-04
          47   1.33750000E-04
          48   1.28200001E-04
          49   1.23200007E-04
          50   1.18199998E-04
          51   1.13549999E-04
          52   1.08900000E-04
          53   1.04699997E-04
          54   1.00500001E-04
          55   9.66649968E-05
          56   9.28299996E-05
          57   8.93050019E-05
          58   8.57799969E-05
          59   8.24549934E-05
          60   7.91299972E-05
          61   7.61099946E-05
          62   7.30899992E-05
          63   7.03499973E-05
          64   6.76100026E-05
          65   6.51299997E-05
          66   6.26499968E-05
          67   6.03499975E-05
          68   5.80499982E-05
          69   5.59549990E-05
          70   5.38599998E-05
          71   5.19000023E-05
          72   4.99400012E-05
          73   4.81250026E-05
          74   4.63100005E-05
          75   4.46400009E-05
          76   4.29700012E-05
          77   4.14750029E-05
          78   3.99800010E-05
          79   3.86300017E-05
          80   3.72799987E-05
          81   3.60150007E-05
          82   3.47499990E-05
          83   3.35699988E-05
          84   3.23899985E-05
          85   3.12999982E-05
          86   3.02099997E-05
          87   2.92400000E-05
          88   2.82700003E-05
          89   2.73900005E-05
          90   2.65100007E-05
          91   2.56950007E-05
          92   2.48800006E-05
          93   2.41599992E-05
          94   2.34399995E-05
          95   2.28099998E-05
          96   2.21800001E-05
          97   2.15900000E-05
          98   2.09999998E-05
          99   2.04200005E-05
         100   1.98399994E-05
         101   1.92900006E-05
         102   1.87400001E-05
         103   1.82549993E-05
         104   1.77700003E-05
         105   1.73750013E-05
         106   1.69800005E-05
         107   1.66600003E-05
         108   1.63400000E-05
         109   1.60300006E-05
         110   1.57199993E-05
         111   1.53999990E-05
         112   1.50799997E-05
         113   1.47649998E-05
         114   1.44500000E-05
         115   1.42200006E-05
         116   1.39900003E-05
         117   1.38500000E-05
         118   1.37099996E-05
         119   1.35900000E-05
         120   1.34700003E-05
         121   1.33350004E-05
         122   1.31999996E-05
         123   1.30799999E-05
         124   1.29600003E-05
         125   1.28649999E-05
         126   1.27699996E-05
         127   1.27549993E-05
         128   1.27399999E-05
         129   1.27949997E-05
         130   1.28499996E-05
         131   1.29700002E-05
         132   1.30899998E-05
         133   1.32050000E-05
         134   1.33200001E-05
         135   1.34749998E-05
         136   1.36299996E-05
         137   1.38599999E-05
         138   1.40900001E-05
         139   1.44450005E-05
         140   1.47999999E-05
         141   1.53199999E-05
         142   1.58399998E-05
         143   1.65250003E-05
         144   1.72100008E-05
         145   1.81050000E-05
         146   1.89999992E-05
         147   2.00799986E-05
         148   2.11600000E-05
         149   2.24750002E-05
         150   2.37900003E-05
         151   2.54450006E-05
         152   2.71000008E-05
         153   2.91750002E-05
         154   3.12500015E-05
         155   3.36950034E-05
         156   3.61400016E-05
         157   3.88350018E-05
         158   4.15299983E-05
         159   4.42349992E-05
         160   4.69400002E-05
         161   4.92399995E-05
         162   5.15399988E-05
         163   5.31749974E-05
         164   5.48099997E-05
         165   5.63100002E-05
         166   5.78100007E-05
         167   6.00150015E-05
         168   6.22200023E-05
         169   6.51900045E-05
         170   6.81599995E-05
         171   7.12299952E-05
         172   7.42999982E-05
         173   7.70600018E-05
         174   7.98199981E-05
         175   8.30299978E-05
         176   8.62399975E-05
         177   9.13949989E-05
         178   9.65500003E-05
         179   1.00375000E-04
         180   1.04200000E-04
