 scat/ext  0.640309870    
           0   5.04182838E-02
           1   4.30688560E-02
           2   3.18474285E-02
           3   2.29460001E-02
           4   1.66271422E-02
           5   1.22302854E-02
           6   9.16177221E-03
           7   7.30102882E-03
           8   5.44028590E-03
           9   4.45574289E-03
          10   3.47120012E-03
          11   2.91841431E-03
          12   2.36562849E-03
          13   2.03904277E-03
          14   1.71245716E-03
          15   1.50903000E-03
          16   1.30560284E-03
          17   1.17162999E-03
          18   1.03765714E-03
          19   9.46344284E-04
          20   8.55031423E-04
          21   7.89501471E-04
          22   7.23971461E-04
          23   6.74410025E-04
          24   6.24848588E-04
          25   5.87068615E-04
          26   5.49288583E-04
          27   5.19151450E-04
          28   4.89014317E-04
          29   4.63602890E-04
          30   4.38191433E-04
          31   4.16619994E-04
          32   3.95048555E-04
          33   3.76509997E-04
          34   3.57971439E-04
          35   3.41894280E-04
          36   3.25817149E-04
          37   3.11548589E-04
          38   2.97279999E-04
          39   2.84694281E-04
          40   2.72108562E-04
          41   2.60777131E-04
          42   2.49445729E-04
          43   2.38787150E-04
          44   2.28128571E-04
          45   2.18651432E-04
          46   2.09174279E-04
          47   2.00709997E-04
          48   1.92245716E-04
          49   1.84637145E-04
          50   1.77028560E-04
          51   1.69821433E-04
          52   1.62614291E-04
          53   1.56154289E-04
          54   1.49694286E-04
          55   1.43844722E-04
          56   1.37995143E-04
          57   1.32668705E-04
          58   1.27342282E-04
          59   1.22370140E-04
          60   1.17397998E-04
          61   1.12820286E-04
          62   1.08242573E-04
          63   1.04107719E-04
          64   9.99728582E-05
          65   9.62860067E-05
          66   9.25991480E-05
          67   8.92285752E-05
          68   8.58580024E-05
          69   8.28030024E-05
          70   7.97479952E-05
          71   7.67725724E-05
          72   7.37971495E-05
          73   7.10507156E-05
          74   6.83042890E-05
          75   6.58242861E-05
          76   6.33442833E-05
          77   6.11952855E-05
          78   5.90462878E-05
          79   5.70645716E-05
          80   5.50828590E-05
          81   5.31498590E-05
          82   5.12168590E-05
          83   4.94511442E-05
          84   4.76854293E-05
          85   4.61097152E-05
          86   4.45340011E-05
          87   4.30957152E-05
          88   4.16574294E-05
          89   4.03037120E-05
          90   3.89499983E-05
          91   3.77292854E-05
          92   3.65085725E-05
          93   3.54888543E-05
          94   3.44691398E-05
          95   3.35859986E-05
          96   3.27028574E-05
          97   3.18122839E-05
          98   3.09217139E-05
          99   3.00151423E-05
         100   2.91085707E-05
         101   2.82754281E-05
         102   2.74422855E-05
         103   2.67787145E-05
         104   2.61151417E-05
         105   2.56109997E-05
         106   2.51068577E-05
         107   2.46665713E-05
         108   2.42262849E-05
         109   2.37731438E-05
         110   2.33200008E-05
         111   2.28431418E-05
         112   2.23662846E-05
         113   2.19072863E-05
         114   2.14482861E-05
         115   2.11297138E-05
         116   2.08111414E-05
         117   2.06582845E-05
         118   2.05054293E-05
         119   2.03854288E-05
         120   2.02654282E-05
         121   2.01181429E-05
         122   1.99708575E-05
         123   1.98322850E-05
         124   1.96937144E-05
         125   1.96258570E-05
         126   1.95579996E-05
         127   1.96015717E-05
         128   1.96451419E-05
         129   1.98084272E-05
         130   1.99717142E-05
         131   2.02265710E-05
         132   2.04814278E-05
         133   2.07627127E-05
         134   2.10439994E-05
         135   2.14030006E-05
         136   2.17620000E-05
         137   2.22945710E-05
         138   2.28271419E-05
         139   2.36352862E-05
         140   2.44434286E-05
         141   2.55031428E-05
         142   2.65628569E-05
         143   2.78907137E-05
         144   2.92185723E-05
         145   3.08947128E-05
         146   3.25708570E-05
         147   3.46237139E-05
         148   3.66765744E-05
         149   3.92041438E-05
         150   4.17317133E-05
         151   4.48538558E-05
         152   4.79760020E-05
         153   5.17612862E-05
         154   5.55465704E-05
         155   5.99418563E-05
         156   6.43371459E-05
         157   6.93135735E-05
         158   7.42900011E-05
         159   7.94555672E-05
         160   8.46211406E-05
         161   8.91008531E-05
         162   9.35805729E-05
         163   9.69487155E-05
         164   1.00316858E-04
         165   1.03393431E-04
         166   1.06470005E-04
         167   1.10462148E-04
         168   1.14454291E-04
         169   1.19618002E-04
         170   1.24781713E-04
         171   1.30649423E-04
         172   1.36517148E-04
         173   1.42396006E-04
         174   1.48274863E-04
         175   1.54320864E-04
         176   1.60366864E-04
         177   1.68442726E-04
         178   1.76518573E-04
         179   1.82973570E-04
         180   1.89428567E-04
