 scat/ext   1.00000000    
           0   466.666656    
           1   40.4899979    
           2   4.46700001    
           3   1.56639993    
           4  0.851559997    
           5  0.596579969    
           6  0.478860021    
           7  0.401646018    
           8  0.371879995    
           9  0.240515336    
          10  0.325100005    
          11  0.169027925    
          12  0.284680009    
          13  0.125746518    
          14  0.250479996    
          15   9.42190811E-02
          16  0.222920001    
          17   6.81469738E-02
          18  0.200939998    
          19   4.56027910E-02
          20  0.179220006    
          21   2.52786055E-02
          22  0.161840007    
          23   5.09209558E-03
          24  0.147260010    
          25  0.140650004    
          26  0.134039998    
          27  0.125259995    
          28  0.116480000    
          29  0.109109998    
          30  0.101739995    
          31   9.42029953E-02
          32   8.66659954E-02
          33   8.43330026E-02
          34   8.20000023E-02
          35   7.47970045E-02
          36   6.75939992E-02
          37   6.41480014E-02
          38   6.07019998E-02
          39   5.57430014E-02
          40   5.07839993E-02
          41   4.84019965E-02
          42   4.60199974E-02
          43   4.30589989E-02
          44   4.00980003E-02
          45   3.77620012E-02
          46   3.54259983E-02
          47   3.26370001E-02
          48   2.98480000E-02
          49   2.82020010E-02
          50   2.65560001E-02
          51   2.42059994E-02
          52   2.18559988E-02
          53   2.07149982E-02
          54   1.95739996E-02
          55   1.79989990E-02
          56   1.64239984E-02
          57   1.45769995E-02
          58   1.27299996E-02
          59   1.18409991E-02
          60   1.09519996E-02
          61   1.03446003E-02
          62   9.73720010E-03
          63   9.11040045E-03
          64   8.48359987E-03
          65   7.78559968E-03
          66   7.08759995E-03
          67   6.48660026E-03
          68   5.88560011E-03
          69   5.32659981E-03
          70   4.76759998E-03
          71   4.27010003E-03
          72   3.77260009E-03
          73   3.35159991E-03
          74   2.93059996E-03
          75   2.74050003E-03
          76   2.55040010E-03
          77   2.44159997E-03
          78   2.33279984E-03
          79   2.09679990E-03
          80   1.86080008E-03
          81   1.70290004E-03
          82   1.54500001E-03
          83   1.47589995E-03
          84   1.40680000E-03
          85   1.31259998E-03
          86   1.21839996E-03
          87   1.16600003E-03
          88   1.11359998E-03
          89   1.02451001E-03
          90   9.35419986E-04
          91   9.09419963E-04
          92   8.83419998E-04
          93   8.65860027E-04
          94   8.48299998E-04
          95   8.19729990E-04
          96   7.91159982E-04
          97   7.74219981E-04
          98   7.57279980E-04
          99   7.58660026E-04
         100   7.60040013E-04
         101   7.75369990E-04
         102   7.90699967E-04
         103   8.02860013E-04
         104   8.15020001E-04
         105   8.38659995E-04
         106   8.62299989E-04
         107   9.12779942E-04
         108   9.63259954E-04
         109   9.85370018E-04
         110   1.00747996E-03
         111   1.02234003E-03
         112   1.03719998E-03
         113   1.02402002E-03
         114   1.01084006E-03
         115   1.05102011E-03
         116   1.09120004E-03
         117   1.23109994E-03
         118   1.37099996E-03
         119   1.69710000E-03
         120   2.02320004E-03
         121   2.14300002E-03
         122   2.26280000E-03
         123   2.44319998E-03
         124   2.62360019E-03
         125   2.33850023E-03
         126   2.05340004E-03
         127   1.86319998E-03
         128   1.67300005E-03
         129   1.54490001E-03
         130   1.41679996E-03
         131   1.27761997E-03
         132   1.13843998E-03
         133   1.23331998E-03
         134   1.32819999E-03
         135   2.03520013E-03
         136   2.74220016E-03
         137   4.51789983E-03
         138   6.29359996E-03
         139   1.00047998E-02
         140   1.37160001E-02
         141   1.58939995E-02
         142   1.80719998E-02
         143   1.45410001E-02
         144   1.10100005E-02
         145   9.11379978E-03
         146   7.21760001E-03
         147   7.71080004E-03
         148   8.20400007E-03
         149   7.77619984E-03
         150   7.34840007E-03
         151   7.21260021E-03
         152   7.07680034E-03
         153   6.76850043E-03
         154   6.46020006E-03
         155   6.21849997E-03
         156   5.97679988E-03
         157   5.84620005E-03
         158   5.71560021E-03
         159   5.57950046E-03
         160   5.44340024E-03
         161   5.18999994E-03
         162   4.93660010E-03
         163   4.95920004E-03
         164   4.98179998E-03
         165   4.77929972E-03
         166   4.57679993E-03
         167   4.48070001E-03
         168   4.38460009E-03
         169   4.42440016E-03
         170   4.46420023E-03
         171   4.51759994E-03
         172   4.57099965E-03
         173   4.73359972E-03
         174   4.89620026E-03
         175   5.05460007E-03
         176   5.21299988E-03
         177   7.19529996E-03
         178   9.17760003E-03
         179   1.85247995E-02
         180   2.78719999E-02
