 scat/ext   1.00000000    
           0   377.000000    
           1   76.1900024    
           2   6.14400005    
           3   2.13000011    
           4   1.09700000    
           5  0.721300006    
           6  0.554099977    
           7  0.477149993    
           8  0.400200009    
           9  0.370000005    
          10  0.339800000    
          11  0.319649994    
          12  0.299499989    
          13  0.282099992    
          14  0.264699996    
          15  0.251199991    
          16  0.237700000    
          17  0.225299999    
          18  0.212899998    
          19  0.199800000    
          20  0.186700001    
          21  0.177599996    
          22  0.168500006    
          23  0.158650011    
          24  0.148800001    
          25  0.139699996    
          26  0.130600005    
          27  0.121450007    
          28  0.112300001    
          29  0.105604999    
          30   9.89099964E-02
          31   9.45200026E-02
          32   9.01300013E-02
          33   8.61549973E-02
          34   8.21800008E-02
          35   7.32100010E-02
          36   6.42400011E-02
          37   6.43350035E-02
          38   6.44299984E-02
          39   5.59149981E-02
          40   4.74000014E-02
          41   4.69000004E-02
          42   4.63999994E-02
          43   4.10449989E-02
          44   3.56899984E-02
          45   3.53000015E-02
          46   3.49100009E-02
          47   3.28750014E-02
          48   3.08400001E-02
          49   2.69149989E-02
          50   2.29899995E-02
          51   2.31949985E-02
          52   2.33999994E-02
          53   2.22800002E-02
          54   2.11599991E-02
          55   1.93899982E-02
          56   1.76199991E-02
          57   1.57599989E-02
          58   1.38999997E-02
          59   1.25200003E-02
          60   1.11400001E-02
          61   1.02174999E-02
          62   9.29499976E-03
          63   8.64199921E-03
          64   7.98899960E-03
          65   7.36699998E-03
          66   6.74499990E-03
          67   6.24800008E-03
          68   5.75099979E-03
          69   5.37199993E-03
          70   4.99300007E-03
          71   4.46549989E-03
          72   3.93800018E-03
          73   3.52950022E-03
          74   3.12100002E-03
          75   2.89699994E-03
          76   2.67300010E-03
          77   2.60049989E-03
          78   2.52799992E-03
          79   2.38500000E-03
          80   2.24200008E-03
          81   2.03950005E-03
          82   1.83700002E-03
          83   1.74099999E-03
          84   1.64499995E-03
          85   1.49399997E-03
          86   1.34299998E-03
          87   1.26449997E-03
          88   1.18599995E-03
          89   1.15250004E-03
          90   1.11900002E-03
          91   1.09250005E-03
          92   1.06599997E-03
          93   1.00459997E-03
          94   9.43200022E-04
          95   9.48650006E-04
          96   9.54099989E-04
          97   8.84399982E-04
          98   8.14699975E-04
          99   8.39499990E-04
         100   8.64300004E-04
         101   9.06249974E-04
         102   9.48200002E-04
         103   9.01899999E-04
         104   8.55599996E-04
         105   8.79750005E-04
         106   9.03900014E-04
         107   9.37949982E-04
         108   9.72000009E-04
         109   1.03000004E-03
         110   1.08800002E-03
         111   1.05950003E-03
         112   1.03100005E-03
         113   1.01600005E-03
         114   1.00100006E-03
         115   1.08800002E-03
         116   1.17499998E-03
         117   1.33350003E-03
         118   1.49199995E-03
         119   1.64350006E-03
         120   1.79500005E-03
         121   2.00999994E-03
         122   2.22499995E-03
         123   2.32250011E-03
         124   2.42000003E-03
         125   2.16000015E-03
         126   1.90000003E-03
         127   2.06999993E-03
         128   2.24000006E-03
         129   2.09200010E-03
         130   1.94400002E-03
         131   1.78749999E-03
         132   1.63099996E-03
         133   2.24649999E-03
         134   2.86199991E-03
         135   3.96050001E-03
         136   5.05900010E-03
         137   6.95399987E-03
         138   8.84899963E-03
         139   1.15545001E-02
         140   1.42599996E-02
         141   1.50100002E-02
         142   1.57600008E-02
         143   1.34549998E-02
         144   1.11499997E-02
         145   9.24549997E-03
         146   7.34099979E-03
         147   7.14849960E-03
         148   6.95599988E-03
         149   7.15199998E-03
         150   7.34800007E-03
         151   7.03550037E-03
         152   6.72300020E-03
         153   6.53450005E-03
         154   6.34599989E-03
         155   6.13750005E-03
         156   5.92900021E-03
         157   5.70050022E-03
         158   5.47200022E-03
         159   5.44100022E-03
         160   5.41000022E-03
         161   5.34499995E-03
         162   5.28000016E-03
         163   5.09900041E-03
         164   4.91800020E-03
         165   4.91350004E-03
         166   4.90899989E-03
         167   5.01149986E-03
         168   5.11399982E-03
         169   4.96749999E-03
         170   4.82100016E-03
         171   5.13549987E-03
         172   5.45000006E-03
         173   5.87600004E-03
         174   6.30200002E-03
         175   7.14149978E-03
         176   7.98099954E-03
         177   1.10604996E-02
         178   1.41399996E-02
         179   2.09500007E-02
         180   2.77600009E-02
