 scat/ext   1.00000000    
           0   232.375717    
           1   84.4504242    
           2   9.06205750    
           3   2.61494279    
           4   1.32062864    
           5  0.839942813    
           6  0.619347155    
           7  0.527864993    
           8  0.436382860    
           9  0.395852864    
          10  0.355322868    
          11  0.330495715    
          12  0.305668592    
          13  0.288035721    
          14  0.270402849    
          15  0.255400002    
          16  0.240397140    
          17  0.227054983    
          18  0.213712841    
          19  0.202024996    
          20  0.190337151    
          21  0.179121435    
          22  0.167905718    
          23  0.158307865    
          24  0.148710012    
          25  0.141070008    
          26  0.133430004    
          27  0.125462860    
          28  0.117495716    
          29  0.110184357    
          30  0.102872998    
          31   9.61126387E-02
          32   8.93522799E-02
          33   8.42482820E-02
          34   7.91442841E-02
          35   7.42056370E-02
          36   6.92669973E-02
          37   6.44431412E-02
          38   5.96192852E-02
          39   5.66987135E-02
          40   5.37781417E-02
          41   4.96354289E-02
          42   4.54927161E-02
          43   4.27652858E-02
          44   4.00378555E-02
          45   3.76151428E-02
          46   3.51924300E-02
          47   3.19079310E-02
          48   2.86234282E-02
          49   2.73938570E-02
          50   2.61642858E-02
          51   2.49524284E-02
          52   2.37405710E-02
          53   2.14773566E-02
          54   1.92141421E-02
          55   1.73240006E-02
          56   1.54338572E-02
          57   1.43228574E-02
          58   1.32118575E-02
          59   1.25466436E-02
          60   1.18814288E-02
          61   1.11126080E-02
          62   1.03437863E-02
          63   9.67142172E-03
          64   8.99905711E-03
          65   8.38927180E-03
          66   7.77948555E-03
          67   7.13607855E-03
          68   6.49267156E-03
          69   6.06368575E-03
          70   5.63469995E-03
          71   5.13741421E-03
          72   4.64012846E-03
          73   4.25138557E-03
          74   3.86264292E-03
          75   3.50560015E-03
          76   3.14855715E-03
          77   2.84074992E-03
          78   2.53294292E-03
          79   2.31917854E-03
          80   2.10541440E-03
          81   2.05350714E-03
          82   2.00160011E-03
          83   1.93912152E-03
          84   1.87664293E-03
          85   1.73237151E-03
          86   1.58810010E-03
          87   1.48430723E-03
          88   1.38051424E-03
          89   1.31658569E-03
          90   1.25265715E-03
          91   1.18222134E-03
          92   1.11178565E-03
          93   1.07061851E-03
          94   1.02945138E-03
          95   9.88033600E-04
          96   9.46615706E-04
          97   9.54075716E-04
          98   9.61535727E-04
          99   9.83430073E-04
         100   1.00532430E-03
         101   9.98856500E-04
         102   9.92388581E-04
         103   9.73956427E-04
         104   9.55524272E-04
         105   9.67754284E-04
         106   9.79984296E-04
         107   9.95225040E-04
         108   1.01046567E-03
         109   1.03456283E-03
         110   1.05865998E-03
         111   1.05201569E-03
         112   1.04537141E-03
         113   1.04928855E-03
         114   1.05320569E-03
         115   1.16920995E-03
         116   1.28521421E-03
         117   1.41957845E-03
         118   1.55394280E-03
         119   1.67272147E-03
         120   1.79150002E-03
         121   1.90792140E-03
         122   2.02434277E-03
         123   2.14269292E-03
         124   2.26104283E-03
         125   2.27497146E-03
         126   2.28889985E-03
         127   2.23712856E-03
         128   2.18535727E-03
         129   2.26828572E-03
         130   2.35121418E-03
         131   2.53356434E-03
         132   2.71591451E-03
         133   3.02863587E-03
         134   3.34135722E-03
         135   4.60900739E-03
         136   5.87665709E-03
         137   7.49550667E-03
         138   9.11435671E-03
         139   1.11392494E-02
         140   1.31641421E-02
         141   1.38109280E-02
         142   1.44577138E-02
         143   1.31807141E-02
         144   1.19037144E-02
         145   9.87889245E-03
         146   7.85407145E-03
         147   7.29025714E-03
         148   6.72644284E-03
         149   6.83162874E-03
         150   6.93681464E-03
         151   6.82483613E-03
         152   6.71285717E-03
         153   6.48788549E-03
         154   6.26291428E-03
         155   6.08695718E-03
         156   5.91100007E-03
         157   5.83908567E-03
         158   5.76717127E-03
         159   5.55357849E-03
         160   5.33998571E-03
         161   5.37217129E-03
         162   5.40435733E-03
         163   5.37896436E-03
         164   5.35357138E-03
         165   5.33256400E-03
         166   5.31155709E-03
         167   5.28539997E-03
         168   5.25924284E-03
         169   5.34007140E-03
         170   5.42089995E-03
         171   5.64722158E-03
         172   5.87354274E-03
         173   6.11342862E-03
         174   6.35331403E-03
         175   7.80122122E-03
         176   9.24912840E-03
         177   1.40691362E-02
         178   1.88891441E-02
         179   2.48576440E-02
         180   3.08261421E-02
