 scat/ext   1.00000000    
           0   585.039978    
           1   54.7500000    
           2   5.09539986    
           3   1.76440001    
           4  0.944159985    
           5  0.638219953    
           6  0.506340027    
           7  0.174352065    
           8  0.381480008    
           9   3.93506885E-02
          10  0.324660003    
          11  0.304490000    
          12  0.284319997    
          13  0.268660009    
          14  0.253000021    
          15  0.240560010    
          16  0.228119999    
          17  0.216130003    
          18  0.204140007    
          19  0.192220002    
          20  0.180299997    
          21  0.169530004    
          22  0.158759996    
          23  0.148350000    
          24  0.137939990    
          25  0.132750005    
          26  0.127560005    
          27  0.123380005    
          28  0.119199999    
          29  0.113289997    
          30  0.107379995    
          31   9.45030004E-02
          32   8.16260055E-02
          33   7.98630044E-02
          34   7.81000033E-02
          35   7.47970045E-02
          36   7.14939982E-02
          37   6.45319968E-02
          38   5.75699992E-02
          39   5.57370000E-02
          40   5.39040007E-02
          41   4.85740006E-02
          42   4.32440005E-02
          43   4.08190005E-02
          44   3.83940004E-02
          45   3.76840010E-02
          46   3.69740017E-02
          47   3.28529999E-02
          48   2.87319999E-02
          49   2.76239999E-02
          50   2.65159998E-02
          51   2.52179988E-02
          52   2.39199996E-02
          53   2.18090005E-02
          54   1.96979996E-02
          55   1.76129993E-02
          56   1.55280000E-02
          57   1.43750003E-02
          58   1.32220006E-02
          59   1.21849999E-02
          60   1.11480001E-02
          61   1.04294000E-02
          62   9.71079990E-03
          63   8.86639953E-03
          64   8.02200008E-03
          65   7.36280018E-03
          66   6.70360029E-03
          67   6.14100043E-03
          68   5.57840010E-03
          69   5.12200035E-03
          70   4.66560014E-03
          71   4.33410006E-03
          72   4.00259998E-03
          73   3.59399989E-03
          74   3.18540004E-03
          75   2.92510004E-03
          76   2.66480003E-03
          77   2.45320005E-03
          78   2.24160007E-03
          79   2.08500004E-03
          80   1.92840002E-03
          81   1.82610005E-03
          82   1.72379997E-03
          83   1.54289999E-03
          84   1.36200001E-03
          85   1.31279998E-03
          86   1.26359996E-03
          87   1.20479998E-03
          88   1.14600000E-03
          89   1.13283005E-03
          90   1.11965998E-03
          91   1.02064002E-03
          92   9.21619998E-04
          93   8.95979989E-04
          94   8.70339980E-04
          95   8.65290000E-04
          96   8.60240019E-04
          97   8.44259979E-04
          98   8.28279997E-04
          99   8.17839988E-04
         100   8.07400036E-04
         101   8.20410030E-04
         102   8.33420025E-04
         103   8.45019997E-04
         104   8.56619969E-04
         105   8.67640018E-04
         106   8.78660008E-04
         107   9.42740007E-04
         108   1.00682001E-03
         109   9.56950011E-04
         110   9.07080015E-04
         111   9.33979987E-04
         112   9.60879959E-04
         113   9.94179980E-04
         114   1.02748000E-03
         115   1.05774007E-03
         116   1.08800002E-03
         117   1.25070009E-03
         118   1.41340005E-03
         119   1.64830009E-03
         120   1.88320002E-03
         121   2.03260011E-03
         122   2.18200008E-03
         123   2.30580010E-03
         124   2.42960011E-03
         125   2.26390013E-03
         126   2.09820014E-03
         127   2.04860000E-03
         128   1.99900009E-03
         129   1.74470013E-03
         130   1.49040006E-03
         131   1.53680006E-03
         132   1.58320006E-03
         133   1.65869994E-03
         134   1.73419993E-03
         135   2.79240008E-03
         136   3.85060022E-03
         137   5.92490006E-03
         138   7.99919944E-03
         139   1.14215994E-02
         140   1.48439994E-02
         141   1.57319997E-02
         142   1.66199990E-02
         143   1.38290003E-02
         144   1.10380007E-02
         145   9.04280040E-03
         146   7.04760011E-03
         147   7.42019992E-03
         148   7.79279973E-03
         149   7.40760006E-03
         150   7.02240039E-03
         151   6.78800046E-03
         152   6.55360008E-03
         153   6.26629964E-03
         154   5.97899966E-03
         155   5.98089956E-03
         156   5.98279992E-03
         157   5.74779976E-03
         158   5.51280007E-03
         159   5.19930013E-03
         160   4.88579972E-03
         161   4.91920020E-03
         162   4.95260023E-03
         163   4.82620019E-03
         164   4.69980016E-03
         165   4.80969995E-03
         166   4.91960021E-03
         167   4.73130029E-03
         168   4.54299990E-03
         169   4.43660002E-03
         170   4.33020014E-03
         171   4.42139991E-03
         172   4.51260014E-03
         173   4.90120007E-03
         174   5.28980000E-03
         175   5.80479996E-03
         176   6.31979993E-03
         177   8.31410009E-03
         178   1.03083998E-02
         179   1.72961988E-02
         180   2.42839996E-02
