 scat/ext   1.00000000    
           0   556.000000    
           1   57.2000008    
           2   5.19000006    
           3   1.79999995    
           4  0.958999991    
           5  0.643999994    
           6  0.512000024    
           7  0.448000014    
           8  0.384000003    
           9  0.354499996    
          10  0.324999988    
          11  0.305000007    
          12  0.284999996    
          13  0.269500017    
          14  0.254000008    
          15  0.242000014    
          16  0.230000004    
          17  0.217500001    
          18  0.204999998    
          19  0.192999989    
          20  0.180999994    
          21  0.170499995    
          22  0.159999996    
          23  0.148999989    
          24  0.137999997    
          25  0.132499993    
          26  0.127000004    
          27  0.123000003    
          28  0.119000003    
          29  0.114000000    
          30  0.108999997    
          31   9.53999981E-02
          32   8.17999989E-02
          33   7.91499987E-02
          34   7.64999986E-02
          35   7.47499987E-02
          36   7.29999989E-02
          37   6.48999959E-02
          38   5.68000004E-02
          39   5.57000004E-02
          40   5.46000004E-02
          41   4.85999994E-02
          42   4.25999984E-02
          43   4.05000001E-02
          44   3.84000018E-02
          45   3.77000012E-02
          46   3.70000005E-02
          47   3.27499993E-02
          48   2.85000000E-02
          49   2.75999997E-02
          50   2.66999993E-02
          51   2.54499987E-02
          52   2.41999999E-02
          53   2.19000001E-02
          54   1.96000002E-02
          55   1.74500011E-02
          56   1.53000001E-02
          57   1.43499998E-02
          58   1.33999996E-02
          59   1.23500004E-02
          60   1.13000004E-02
          61   1.05349999E-02
          62   9.77000035E-03
          63   8.86500068E-03
          64   7.96000008E-03
          65   7.29500037E-03
          66   6.63000019E-03
          67   6.08000020E-03
          68   5.53000020E-03
          69   5.08499984E-03
          70   4.63999994E-03
          71   4.35999967E-03
          72   4.07999987E-03
          73   3.68000008E-03
          74   3.28000006E-03
          75   2.98500014E-03
          76   2.68999999E-03
          77   2.45499983E-03
          78   2.21999991E-03
          79   2.08499981E-03
          80   1.94999995E-03
          81   1.86500000E-03
          82   1.78000005E-03
          83   1.57500000E-03
          84   1.36999995E-03
          85   1.32499996E-03
          86   1.27999997E-03
          87   1.21499994E-03
          88   1.15000003E-03
          89   1.15499995E-03
          90   1.15999999E-03
          91   1.04300003E-03
          92   9.26000008E-04
          93   9.01499996E-04
          94   8.76999984E-04
          95   8.76000035E-04
          96   8.75000027E-04
          97   8.60000029E-04
          98   8.44999973E-04
          99   8.31999991E-04
         100   8.19000008E-04
         101   8.31000041E-04
         102   8.43000016E-04
         103   8.52999976E-04
         104   8.62999994E-04
         105   8.80000007E-04
         106   8.97000020E-04
         107   9.63500002E-04
         108   1.03000004E-03
         109   9.57000011E-04
         110   8.83999979E-04
         111   9.11499956E-04
         112   9.38999990E-04
         113   9.94500006E-04
         114   1.04999996E-03
         115   1.06499996E-03
         116   1.07999996E-03
         117   1.26000005E-03
         118   1.44000002E-03
         119   1.65500003E-03
         120   1.87000004E-03
         121   2.04000017E-03
         122   2.21000006E-03
         123   2.28000013E-03
         124   2.34999997E-03
         125   2.23500002E-03
         126   2.12000008E-03
         127   2.08500004E-03
         128   2.05000001E-03
         129   1.77500001E-03
         130   1.50000001E-03
         131   1.57999992E-03
         132   1.65999995E-03
         133   1.72999990E-03
         134   1.79999997E-03
         135   2.90000020E-03
         136   4.00000019E-03
         137   6.14000019E-03
         138   8.27999972E-03
         139   1.16399992E-02
         140   1.49999997E-02
         141   1.57500003E-02
         142   1.64999999E-02
         143   1.38499998E-02
         144   1.11999996E-02
         145   9.10999998E-03
         146   7.01999990E-03
         147   7.37500004E-03
         148   7.73000019E-03
         149   7.38000032E-03
         150   7.02999998E-03
         151   6.76000025E-03
         152   6.49000006E-03
         153   6.19500037E-03
         154   5.90000022E-03
         155   5.97500009E-03
         156   6.04999997E-03
         157   5.76000009E-03
         158   5.47000021E-03
         159   5.13000041E-03
         160   4.79000015E-03
         161   4.88999998E-03
         162   4.98999981E-03
         163   4.81500011E-03
         164   4.63999994E-03
         165   4.84499987E-03
         166   5.04999980E-03
         167   4.82999999E-03
         168   4.61000018E-03
         169   4.46499977E-03
         170   4.31999983E-03
         171   4.37500002E-03
         172   4.43000020E-03
         173   4.91499994E-03
         174   5.40000014E-03
         175   6.02500001E-03
         176   6.64999988E-03
         177   8.67499970E-03
         178   1.07000005E-02
         179   1.74500011E-02
         180   2.41999999E-02
