 scat/ext   1.00000000    
           0   392.000000    
           1   74.5400009    
           2   6.03399992    
           3   2.09800005    
           4   1.08599997    
           5  0.713600039    
           6  0.548600018    
           7  0.473900020    
           8  0.399199992    
           9  0.368299991    
          10  0.337399989    
          11  0.317900002    
          12  0.298400015    
          13  0.281300008    
          14  0.264200002    
          15  0.250800014    
          16  0.237400010    
          17  0.224800006    
          18  0.212200001    
          19  0.199400008    
          20  0.186600000    
          21  0.177300006    
          22  0.167999998    
          23  0.158600003    
          24  0.149200007    
          25  0.140700012    
          26  0.132200003    
          27  0.122800007    
          28  0.113400005    
          29  0.105760001    
          30   9.81199965E-02
          31   9.40899998E-02
          32   9.00599957E-02
          33   8.63699988E-02
          34   8.26800019E-02
          35   7.35400021E-02
          36   6.44000024E-02
          37   6.46700040E-02
          38   6.49400055E-02
          39   5.62900007E-02
          40   4.76399995E-02
          41   4.74999994E-02
          42   4.73599993E-02
          43   4.15499993E-02
          44   3.57399993E-02
          45   3.53600010E-02
          46   3.49799991E-02
          47   3.29199992E-02
          48   3.08599994E-02
          49   2.69200001E-02
          50   2.29800008E-02
          51   2.28700005E-02
          52   2.27600001E-02
          53   2.17899997E-02
          54   2.08199993E-02
          55   1.91299990E-02
          56   1.74400005E-02
          57   1.56500004E-02
          58   1.38599994E-02
          59   1.24500003E-02
          60   1.10400002E-02
          61   1.01229995E-02
          62   9.20599978E-03
          63   8.54099914E-03
          64   7.87599944E-03
          65   7.27199949E-03
          66   6.66800002E-03
          67   6.16100011E-03
          68   5.65400021E-03
          69   5.27099986E-03
          70   4.88799997E-03
          71   4.39300016E-03
          72   3.89800011E-03
          73   3.52400006E-03
          74   3.15000000E-03
          75   2.93700001E-03
          76   2.72400002E-03
          77   2.63100001E-03
          78   2.53800000E-03
          79   2.37500016E-03
          80   2.21200008E-03
          81   2.01900001E-03
          82   1.82600005E-03
          83   1.74800004E-03
          84   1.67000003E-03
          85   1.50200003E-03
          86   1.33399991E-03
          87   1.26799988E-03
          88   1.20199996E-03
          89   1.15499995E-03
          90   1.10800005E-03
          91   1.09399995E-03
          92   1.07999996E-03
          93   1.00189995E-03
          94   9.23799991E-04
          95   9.40600003E-04
          96   9.57400014E-04
          97   8.97799968E-04
          98   8.38199980E-04
          99   8.49000004E-04
         100   8.59800028E-04
         101   8.86099995E-04
         102   9.12399963E-04
         103   8.85299989E-04
         104   8.58200016E-04
         105   8.86199996E-04
         106   9.14200034E-04
         107   9.38600046E-04
         108   9.62999999E-04
         109   1.01270003E-03
         110   1.06240006E-03
         111   1.04320003E-03
         112   1.02400000E-03
         113   1.02100009E-03
         114   1.01800007E-03
         115   1.08300010E-03
         116   1.14800001E-03
         117   1.30899996E-03
         118   1.47000002E-03
         119   1.64399995E-03
         120   1.81799999E-03
         121   2.04699999E-03
         122   2.27600010E-03
         123   2.30800011E-03
         124   2.34000012E-03
         125   2.16499995E-03
         126   1.99000002E-03
         127   2.08700006E-03
         128   2.18400010E-03
         129   2.01300019E-03
         130   1.84200006E-03
         131   1.73100003E-03
         132   1.62000000E-03
         133   2.17700005E-03
         134   2.73399986E-03
         135   3.80099984E-03
         136   4.86799981E-03
         137   6.80899993E-03
         138   8.75000004E-03
         139   1.14750005E-02
         140   1.42000001E-02
         141   1.50699997E-02
         142   1.59399994E-02
         143   1.35399997E-02
         144   1.11400001E-02
         145   9.19099990E-03
         146   7.24200020E-03
         147   7.12000020E-03
         148   6.99799974E-03
         149   7.19099957E-03
         150   7.38399988E-03
         151   7.03600002E-03
         152   6.68800017E-03
         153   6.47799997E-03
         154   6.26799976E-03
         155   6.13200013E-03
         156   5.99600002E-03
         157   5.71499998E-03
         158   5.43399993E-03
         159   5.42000029E-03
         160   5.40600019E-03
         161   5.38400002E-03
         162   5.36200032E-03
         163   5.13599999E-03
         164   4.91000013E-03
         165   4.91499994E-03
         166   4.92000021E-03
         167   4.99100005E-03
         168   5.06199989E-03
         169   5.00599993E-03
         170   4.94999997E-03
         171   5.18799992E-03
         172   5.42599987E-03
         173   5.81299979E-03
         174   6.20000018E-03
         175   7.06900004E-03
         176   7.93800037E-03
         177   1.10790003E-02
         178   1.42200002E-02
         179   2.14999989E-02
         180   2.87799984E-02
