 scat/ext   1.00000000       1.00000000       1.00000000       1.00000000       1.00000000       1.00000000       1.00000000       1.00000000       1.00000000       1.00000000       1.00000000       1.00000000       1.00000000       1.00000000       1.00000000       1.00000000       1.00000000       1.00000000       1.00000000       1.00000000       1.00000000       1.00000000       1.00000000       1.00000000       1.00000000       1.00000000       1.00000000       1.00000000       1.00000000       1.00000000       1.00000000       1.00000000       1.00000000       1.00000000       1.00000000       1.00000000       1.00000000       1.00000000       1.00000000       1.00000000       1.00000000       1.00000000    
           0   618.066650    
           1   52.3800011    
           2   4.98799992    
           3   1.73399997    
           4  0.928799987    
           5  0.631466687    
           6  0.502200007    
           7  0.441166669    
           8  0.380133331    
           9  0.352499992    
          10  0.324866652    
          11  0.304666638    
          12  0.284466654    
          13  0.268433332    
          14  0.252400011    
          15  0.239766672    
          16  0.227133334    
          17  0.215333343    
          18  0.203533337    
          19  0.191699997    
          20  0.179866657    
          21  0.169566661    
          22  0.159266666    
          23  0.149499997    
          24  0.139733329    
          25  0.134266675    
          26  0.128800005    
          27  0.123933338    
          28  0.119066671    
          29  0.112966672    
          30  0.106866665    
          31   9.46666598E-02
          32   8.24666619E-02
          33   8.06066692E-02
          34   7.87466690E-02
          35   7.48099983E-02
          36   7.08733350E-02
          37   6.44766688E-02
          38   5.80799989E-02
          39   5.57200015E-02
          40   5.33600003E-02
          41   4.85333353E-02
          42   4.37066667E-02
          43   4.11899984E-02
          44   3.86733338E-02
          45   3.77000012E-02
          46   3.67266685E-02
          47   3.28266695E-02
          48   2.89266668E-02
          49   2.77333334E-02
          50   2.65400000E-02
          51   2.50499994E-02
          52   2.35600006E-02
          53   2.16200016E-02
          54   1.96800008E-02
          55   1.76833346E-02
          56   1.56866666E-02
          57   1.44033339E-02
          58   1.31200003E-02
          59   1.21233333E-02
          60   1.11266673E-02
          61   1.04206670E-02
          62   9.71466675E-03
          63   8.90766643E-03
          64   8.10066704E-03
          65   7.43433367E-03
          66   6.76800031E-03
          67   6.19966676E-03
          68   5.63133322E-03
          69   5.15899993E-03
          70   4.68666665E-03
          71   4.32533305E-03
          72   3.96399992E-03
          73   3.55366664E-03
          74   3.14333336E-03
          75   2.89333332E-03
          76   2.64333328E-03
          77   2.45099980E-03
          78   2.25866656E-03
          79   2.08699983E-03
          80   1.91533333E-03
          81   1.80400000E-03
          82   1.69266667E-03
          83   1.53200002E-03
          84   1.37133326E-03
          85   1.31366658E-03
          86   1.25600002E-03
          87   1.19733333E-03
          88   1.13866664E-03
          89   1.11409998E-03
          90   1.08953333E-03
          91   1.00236665E-03
          92   9.15199984E-04
          93   8.91033327E-04
          94   8.66866671E-04
          95   8.57833307E-04
          96   8.48800002E-04
          97   8.32766644E-04
          98   8.16733285E-04
          99   8.07933277E-04
         100   7.99133326E-04
         101   8.12733313E-04
         102   8.26333358E-04
         103   8.38099979E-04
         104   8.49866658E-04
         105   8.62866640E-04
         106   8.75866681E-04
         107   9.37066739E-04
         108   9.98266740E-04
         109   9.60866688E-04
         110   9.23466694E-04
         111   9.48733301E-04
         112   9.73999966E-04
         113   9.99799930E-04
         114   1.02560001E-03
         115   1.05713331E-03
         116   1.08866661E-03
         117   1.24733336E-03
         118   1.40600000E-03
         119   1.65733334E-03
         120   1.90866669E-03
         121   2.05266662E-03
         122   2.19666678E-03
         123   2.32900004E-03
         124   2.46133329E-03
         125   2.27766670E-03
         126   2.09400011E-03
         127   2.02066684E-03
         128   1.94733334E-03
         129   1.71366660E-03
         130   1.47999998E-03
         131   1.49466656E-03
         132   1.50933326E-03
         133   1.58699998E-03
         134   1.66466669E-03
         135   2.66500004E-03
         136   3.66533338E-03
         137   5.69133321E-03
         138   7.71733327E-03
         139   1.11753335E-02
         140   1.46333333E-02
         141   1.57399997E-02
         142   1.68466661E-02
         143   1.39333326E-02
         144   1.10200001E-02
         145   9.04699974E-03
         146   7.07399985E-03
         147   7.46833347E-03
         148   7.86266662E-03
         149   7.46966666E-03
         150   7.07666669E-03
         151   6.85866643E-03
         152   6.64066663E-03
         153   6.34966698E-03
         154   6.05866686E-03
         155   6.02166681E-03
         156   5.98466676E-03
         157   5.76666649E-03
         158   5.54866670E-03
         159   5.26566664E-03
         160   4.98266658E-03
         161   4.96699987E-03
         162   4.95133316E-03
         163   4.84833308E-03
         164   4.74533346E-03
         165   4.80500003E-03
         166   4.86466661E-03
         167   4.69033327E-03
         168   4.51599993E-03
         169   4.43533342E-03
         170   4.35466645E-03
         171   4.43866663E-03
         172   4.52266680E-03
         173   4.87533351E-03
         174   5.22800023E-03
         175   5.68366703E-03
         176   6.13933336E-03
         177   8.12266674E-03
         178   1.01060001E-02
         179   1.74930003E-02
         180   2.48799995E-02
