 scat/ext   1.00000000    
           0   350.000000    
           1   82.4735718    
           2   21.7900715    
           3   3.10449982    
           4   1.22645712    
           5  0.751021385    
           6  0.554614305    
           7  0.477410674    
           8  0.298196435    
           9  0.307570219    
          10  0.263237476    
          11  0.232218623    
          12  0.228495568    
          13  0.186597690    
          14  0.197311461    
          15  0.153366059    
          16  0.172474995    
          17  0.125884652    
          18  0.151095837    
          19  0.102121860    
          20  0.133305281    
          21   8.06990713E-02
          22  0.118623093    
          23   5.94213977E-02
          24  0.104819268    
          25   4.20437157E-02
          26   9.20250267E-02
          27   2.82395333E-02
          28   7.35424906E-02
          29   1.29660442E-02
          30   6.02774806E-02
          31   6.88359141E-05
          32   4.80447374E-02
          33   4.63266037E-02
          34   4.46084701E-02
          35   4.26345617E-02
          36   4.06606495E-02
          37   3.69238891E-02
          38   3.31871286E-02
          39   2.82891504E-02
          40   2.33911742E-02
          41   3.48255858E-02
          42   4.62599993E-02
          43   4.41030003E-02
          44   4.19460014E-02
          45   3.79640013E-02
          46   3.39819975E-02
          47   3.19890007E-02
          48   2.99960002E-02
          49   2.85839997E-02
          50   2.71720011E-02
          51   2.41020005E-02
          52   2.10320000E-02
          53   2.00450011E-02
          54   1.90580003E-02
          55   1.76929999E-02
          56   1.63279995E-02
          57   1.46989999E-02
          58   1.30700003E-02
          59   1.21769998E-02
          60   1.12840002E-02
          61   1.06381997E-02
          62   9.99240018E-03
          63   9.34080034E-03
          64   8.68919957E-03
          65   7.93319941E-03
          66   7.17720017E-03
          67   6.58620009E-03
          68   5.99520002E-03
          69   5.37119992E-03
          70   4.74719983E-03
          71   4.30169981E-03
          72   3.85620003E-03
          73   3.45319998E-03
          74   3.05019994E-03
          75   2.80149980E-03
          76   2.55279988E-03
          77   2.43719993E-03
          78   2.32159998E-03
          79   2.10859999E-03
          80   1.89560000E-03
          81   1.74730003E-03
          82   1.59900007E-03
          83   1.53729995E-03
          84   1.47559994E-03
          85   1.35519996E-03
          86   1.23479997E-03
          87   1.17000006E-03
          88   1.10520003E-03
          89   1.00687006E-03
          90   9.08539980E-04
          91   8.85639980E-04
          92   8.62739980E-04
          93   8.57019972E-04
          94   8.51299963E-04
          95   8.15609994E-04
          96   7.79920025E-04
          97   7.65739998E-04
          98   7.51559972E-04
          99   7.56119960E-04
         100   7.60680006E-04
         101   7.73690001E-04
         102   7.86699995E-04
         103   7.92420004E-04
         104   7.98140012E-04
         105   8.58720043E-04
         106   9.19300015E-04
         107   9.69860004E-04
         108   1.02041999E-03
         109   1.01879006E-03
         110   1.01716002E-03
         111   1.02178007E-03
         112   1.02640002E-03
         113   1.05334003E-03
         114   1.08027994E-03
         115   1.07133994E-03
         116   1.06239994E-03
         117   1.25469989E-03
         118   1.44699996E-03
         119   1.77069986E-03
         120   2.09439988E-03
         121   2.26899981E-03
         122   2.44359998E-03
         123   2.47740000E-03
         124   2.51120003E-03
         125   2.29350012E-03
         126   2.07579997E-03
         127   1.80540001E-03
         128   1.53500005E-03
         129   1.45630003E-03
         130   1.37760001E-03
         131   1.18523999E-03
         132   9.92879970E-04
         133   1.09514000E-03
         134   1.19740004E-03
         135   1.71440002E-03
         136   2.23139999E-03
         137   3.96330003E-03
         138   5.69520006E-03
         139   9.49359965E-03
         140   1.32919997E-02
         141   1.62279997E-02
         142   1.91639997E-02
         143   1.54570006E-02
         144   1.17500005E-02
         145   9.51560028E-03
         146   7.28120003E-03
         147   7.82060064E-03
         148   8.36000033E-03
         149   8.03440064E-03
         150   7.70880003E-03
         151   7.52520002E-03
         152   7.34160002E-03
         153   6.98750000E-03
         154   6.63339999E-03
         155   6.43050019E-03
         156   6.22759992E-03
         157   5.97740011E-03
         158   5.72720030E-03
         159   5.66249993E-03
         160   5.59780002E-03
         161   5.33200009E-03
         162   5.06620016E-03
         163   5.05140005E-03
         164   5.03659993E-03
         165   4.89010010E-03
         166   4.74360026E-03
         167   4.62090038E-03
         168   4.49820003E-03
         169   4.52580024E-03
         170   4.55339998E-03
         171   4.43019997E-03
         172   4.30699997E-03
         173   4.61720023E-03
         174   4.92740003E-03
         175   5.16919978E-03
         176   5.41099999E-03
         177   7.55209988E-03
         178   9.69319977E-03
         179   2.04086006E-02
         180   3.11239995E-02
