 scat/ext   1.00000000    
           0   357.082855    
           1   77.7714310    
           2   6.40531445    
           3   2.19288588    
           4   1.12277138    
           5  0.732014298    
           6  0.564151406    
           7  0.486344278    
           8  0.408537149    
           9  0.374069989    
          10  0.339602858    
          11  0.319388568    
          12  0.299174279    
          13  0.280661404    
          14  0.262148559    
          15  0.249147147    
          16  0.236145720    
          17  0.224355713    
          18  0.212565705    
          19  0.199288577    
          20  0.186011434    
          21  0.176498577    
          22  0.166985720    
          23  0.158192858    
          24  0.149399996    
          25  0.140988573    
          26  0.132577151    
          27  0.123584285    
          28  0.114591427    
          29  0.107062854    
          30   9.95342806E-02
          31   9.44974273E-02
          32   8.94605666E-02
          33   8.46778527E-02
          34   7.98951387E-02
          35   7.42758512E-02
          36   6.86565712E-02
          37   6.44418597E-02
          38   6.02271445E-02
          39   5.64950034E-02
          40   5.27628586E-02
          41   4.86450009E-02
          42   4.45271432E-02
          43   4.20282856E-02
          44   3.95294279E-02
          45   3.67924273E-02
          46   3.40554304E-02
          47   3.16467136E-02
          48   2.92380005E-02
          49   2.75755711E-02
          50   2.59131435E-02
          51   2.42615715E-02
          52   2.26099994E-02
          53   2.06147134E-02
          54   1.86194293E-02
          55   1.74177140E-02
          56   1.62160005E-02
          57   1.51427146E-02
          58   1.40694287E-02
          59   1.30141433E-02
          60   1.19588571E-02
          61   1.10884858E-02
          62   1.02181146E-02
          63   9.45385732E-03
          64   8.68960004E-03
          65   7.91965704E-03
          66   7.14971451E-03
          67   6.63215760E-03
          68   6.11460023E-03
          69   5.67514263E-03
          70   5.23568550E-03
          71   4.76448564E-03
          72   4.29328578E-03
          73   3.94362863E-03
          74   3.59397149E-03
          75   3.31207132E-03
          76   3.03017139E-03
          77   2.81811412E-03
          78   2.60605710E-03
          79   2.40905723E-03
          80   2.21205712E-03
          81   2.01077154E-03
          82   1.80948572E-03
          83   1.76060002E-03
          84   1.71171431E-03
          85   1.54238567E-03
          86   1.37305714E-03
          87   1.33795710E-03
          88   1.30285718E-03
          89   1.23361428E-03
          90   1.16437150E-03
          91   1.13364286E-03
          92   1.10291422E-03
          93   1.01486000E-03
          94   9.26805718E-04
          95   9.63678584E-04
          96   1.00055139E-03
          97   9.56429983E-04
          98   9.12308577E-04
          99   9.21108585E-04
         100   9.29908594E-04
         101   9.50472895E-04
         102   9.71037138E-04
         103   9.31467162E-04
         104   8.91897129E-04
         105   8.98188562E-04
         106   9.04479995E-04
         107   9.09371418E-04
         108   9.14262841E-04
         109   9.34845710E-04
         110   9.55428579E-04
         111   1.00430148E-03
         112   1.05317426E-03
         113   1.01931568E-03
         114   9.85457096E-04
         115   1.05858571E-03
         116   1.13171432E-03
         117   1.30075705E-03
         118   1.46979990E-03
         119   1.65598560E-03
         120   1.84217142E-03
         121   2.02389993E-03
         122   2.20562867E-03
         123   2.29505729E-03
         124   2.38448568E-03
         125   2.27708556E-03
         126   2.16968567E-03
         127   2.04058574E-03
         128   1.91148568E-03
         129   1.87167141E-03
         130   1.83185714E-03
         131   1.90621428E-03
         132   1.98057131E-03
         133   2.37307139E-03
         134   2.76557147E-03
         135   3.97224259E-03
         136   5.17891394E-03
         137   6.99131377E-03
         138   8.80371407E-03
         139   1.12164281E-02
         140   1.36291431E-02
         141   1.45769995E-02
         142   1.55248567E-02
         143   1.31945712E-02
         144   1.08642858E-02
         145   9.09738615E-03
         146   7.33048562E-03
         147   7.18377158E-03
         148   7.03705708E-03
         149   7.14988541E-03
         150   7.26271421E-03
         151   6.86031394E-03
         152   6.45791413E-03
         153   6.49572862E-03
         154   6.53354311E-03
         155   6.21324312E-03
         156   5.89294266E-03
         157   5.69117162E-03
         158   5.48940012E-03
         159   5.44574298E-03
         160   5.40208584E-03
         161   5.43442834E-03
         162   5.46677131E-03
         163   5.30588580E-03
         164   5.14500029E-03
         165   4.98194294E-03
         166   4.81888559E-03
         167   5.03497105E-03
         168   5.25105698E-03
         169   5.16674295E-03
         170   5.08242846E-03
         171   5.39412815E-03
         172   5.70582831E-03
         173   5.92599995E-03
         174   6.14617160E-03
         175   7.21268542E-03
         176   8.27919971E-03
         177   1.15093142E-02
         178   1.47394286E-02
         179   2.37125717E-02
         180   3.26857157E-02
