 scat/ext   1.00000000       1.00000000       1.00000000       1.00000000       1.00000000       1.00000000       1.00000000       1.00000000       1.00000000       1.00000000       1.00000000       1.00000000       1.00000000       1.00000000       1.00000000       1.00000000       1.00000000       1.00000000       1.00000000       1.00000000       1.00000000       1.00000000       1.00000000       1.00000000       1.00000000       1.00000000       1.00000000       1.00000000       1.00000000       1.00000000       1.00000000       1.00000000       1.00000000       1.00000000       1.00000000       1.00000000       1.00000000       1.00000000       1.00000000       1.00000000       1.00000000       1.00000000    
           0   250.133331    
           1   84.7466660    
           2   8.29333305    
           3   2.53266668    
           4   1.28133333    
           5  0.815133333    
           6  0.611666679    
           7  0.521633327    
           8  0.431600004    
           9  0.391766667    
          10  0.351933330    
          11  0.327000022    
          12  0.302066684    
          13  0.285966694    
          14  0.269866675    
          15  0.254666686    
          16  0.239466667    
          17  0.225333333    
          18  0.211199999    
          19  0.199866667    
          20  0.188533336    
          21  0.178099990    
          22  0.167666659    
          23  0.157900006    
          24  0.148133337    
          25  0.140566677    
          26  0.133000001    
          27  0.126333326    
          28  0.119666666    
          29  0.111699998    
          30  0.103733338    
          31   9.66066718E-02
          32   8.94799978E-02
          33   8.43800008E-02
          34   7.92800039E-02
          35   7.41266683E-02
          36   6.89733326E-02
          37   6.39833361E-02
          38   5.89933321E-02
          39   5.63033298E-02
          40   5.36133312E-02
          41   4.99999970E-02
          42   4.63866666E-02
          43   4.30466682E-02
          44   3.97066660E-02
          45   3.80933359E-02
          46   3.64800021E-02
          47   3.23966667E-02
          48   2.83133332E-02
          49   2.67600007E-02
          50   2.52066664E-02
          51   2.45099999E-02
          52   2.38133334E-02
          53   2.17066668E-02
          54   1.96000002E-02
          55   1.73233338E-02
          56   1.50466673E-02
          57   1.36533342E-02
          58   1.22600002E-02
          59   1.15766674E-02
          60   1.08933337E-02
          61   1.02399997E-02
          62   9.58666671E-03
          63   9.06899944E-03
          64   8.55133310E-03
          65   8.01499933E-03
          66   7.47866649E-03
          67   6.84433337E-03
          68   6.20999979E-03
          69   5.77099994E-03
          70   5.33200009E-03
          71   4.85433359E-03
          72   4.37666662E-03
          73   3.96266673E-03
          74   3.54866660E-03
          75   3.24300001E-03
          76   2.93733343E-03
          77   2.68033333E-03
          78   2.42333324E-03
          79   2.23466661E-03
          80   2.04599998E-03
          81   2.00733333E-03
          82   1.96866668E-03
          83   1.87300006E-03
          84   1.77733332E-03
          85   1.64699997E-03
          86   1.51666661E-03
          87   1.36699993E-03
          88   1.21733325E-03
          89   1.23766670E-03
          90   1.25800003E-03
          91   1.19200000E-03
          92   1.12599996E-03
          93   1.09556667E-03
          94   1.06513326E-03
          95   9.79899894E-04
          96   8.94666649E-04
          97   9.03433305E-04
          98   9.12200019E-04
          99   9.34300013E-04
         100   9.56400007E-04
         101   9.70199937E-04
         102   9.83999926E-04
         103   9.59133264E-04
         104   9.34266660E-04
         105   9.40500002E-04
         106   9.46733344E-04
         107   9.78466705E-04
         108   1.01020001E-03
         109   1.02219998E-03
         110   1.03419996E-03
         111   1.02443330E-03
         112   1.01466663E-03
         113   1.04249991E-03
         114   1.07033330E-03
         115   1.17850001E-03
         116   1.28666672E-03
         117   1.41000003E-03
         118   1.53333333E-03
         119   1.60199997E-03
         120   1.67066662E-03
         121   1.76033331E-03
         122   1.85000000E-03
         123   1.98499998E-03
         124   2.12000008E-03
         125   2.26500002E-03
         126   2.40999996E-03
         127   2.25066673E-03
         128   2.09133327E-03
         129   2.15000007E-03
         130   2.20866664E-03
         131   2.55133351E-03
         132   2.89400015E-03
         133   3.07266670E-03
         134   3.25133326E-03
         135   4.47400007E-03
         136   5.69666643E-03
         137   7.48899998E-03
         138   9.28133354E-03
         139   1.12740006E-02
         140   1.32666668E-02
         141   1.37799997E-02
         142   1.42933335E-02
         143   1.33033339E-02
         144   1.23133333E-02
         145   9.81866661E-03
         146   7.32399989E-03
         147   7.04533327E-03
         148   6.76666666E-03
         149   6.76933303E-03
         150   6.77199988E-03
         151   6.86333328E-03
         152   6.95466669E-03
         153   6.53666677E-03
         154   6.11866685E-03
         155   5.68366703E-03
         156   5.24866674E-03
         157   5.57833351E-03
         158   5.90800028E-03
         159   5.50500024E-03
         160   5.10200020E-03
         161   5.10566682E-03
         162   5.10933343E-03
         163   5.18466672E-03
         164   5.26000001E-03
         165   5.31133357E-03
         166   5.36266668E-03
         167   5.36166690E-03
         168   5.36066666E-03
         169   5.34333335E-03
         170   5.32600004E-03
         171   5.27600013E-03
         172   5.22599975E-03
         173   5.51433302E-03
         174   5.80266677E-03
         175   7.03099975E-03
         176   8.25933274E-03
         177   1.27729997E-02
         178   1.72866657E-02
         179   2.27099992E-02
         180   2.81333327E-02
