 scat/ext   1.00000000    
           0   373.057129    
           1   76.1828613    
           2   6.29942894    
           3   2.16128588    
           4   1.10887146    
           5  0.724814296    
           6  0.559271455    
           7  0.482700020    
           8  0.406128585    
           9  0.372342855    
          10  0.338557124    
          11  0.318399996    
          12  0.298242867    
          13  0.280149996    
          14  0.262057126    
          15  0.248957127    
          16  0.235857144    
          17  0.224071443    
          18  0.212285727    
          19  0.199000001    
          20  0.185714290    
          21  0.176135719    
          22  0.166557133    
          23  0.157714278    
          24  0.148871422    
          25  0.140749991    
          26  0.132628575    
          27  0.123835720    
          28  0.115042865    
          29  0.107285716    
          30   9.95285660E-02
          31   9.43221375E-02
          32   8.91157091E-02
          33   8.46328586E-02
          34   8.01500008E-02
          35   7.43078589E-02
          36   6.84657097E-02
          37   6.45064265E-02
          38   6.05471432E-02
          39   5.64907156E-02
          40   5.24342880E-02
          41   4.86471429E-02
          42   4.48599979E-02
          43   4.20150012E-02
          44   3.91700007E-02
          45   3.67128551E-02
          46   3.42557132E-02
          47   3.18007134E-02
          48   2.93457136E-02
          49   2.75171418E-02
          50   2.56885700E-02
          51   2.41335705E-02
          52   2.25785710E-02
          53   2.07000002E-02
          54   1.88214295E-02
          55   1.75550003E-02
          56   1.62885711E-02
          57   1.51549997E-02
          58   1.40214283E-02
          59   1.29164290E-02
          60   1.18114287E-02
          61   1.09618567E-02
          62   1.01122856E-02
          63   9.34664253E-03
          64   8.58099945E-03
          65   7.83207081E-03
          66   7.08314311E-03
          67   6.56121457E-03
          68   6.03928603E-03
          69   5.60428575E-03
          70   5.16928546E-03
          71   4.70435712E-03
          72   4.23942879E-03
          73   3.89028573E-03
          74   3.54114268E-03
          75   3.26707144E-03
          76   2.99300021E-03
          77   2.78914301E-03
          78   2.58528581E-03
          79   2.38892855E-03
          80   2.19257129E-03
          81   1.99957145E-03
          82   1.80657138E-03
          83   1.75271428E-03
          84   1.69885717E-03
          85   1.53207150E-03
          86   1.36528572E-03
          87   1.32778566E-03
          88   1.29028573E-03
          89   1.22337148E-03
          90   1.15645723E-03
          91   1.12650008E-03
          92   1.09654292E-03
          93   1.00882864E-03
          94   9.21114231E-04
          95   9.56928532E-04
          96   9.92742833E-04
          97   9.49142850E-04
          98   9.05542867E-04
          99   9.11735755E-04
         100   9.17928643E-04
         101   9.36657190E-04
         102   9.55385738E-04
         103   9.21507133E-04
         104   8.87628528E-04
         105   8.96299956E-04
         106   9.04971443E-04
         107   9.12707183E-04
         108   9.20442864E-04
         109   9.39571415E-04
         110   9.58699966E-04
         111   1.00225001E-03
         112   1.04580005E-03
         113   1.01908576E-03
         114   9.92371468E-04
         115   1.06147141E-03
         116   1.13057136E-03
         117   1.29785715E-03
         118   1.46514294E-03
         119   1.65707152E-03
         120   1.84899999E-03
         121   2.03428580E-03
         122   2.21957150E-03
         123   2.29649991E-03
         124   2.37342855E-03
         125   2.26857141E-03
         126   2.16371426E-03
         127   2.04585725E-03
         128   1.92800001E-03
         129   1.86550000E-03
         130   1.80299999E-03
         131   1.86628569E-03
         132   1.92957139E-03
         133   2.31199991E-03
         134   2.69442843E-03
         135   3.87792848E-03
         136   5.06142853E-03
         137   6.90221414E-03
         138   8.74299929E-03
         139   1.12293568E-02
         140   1.37157142E-02
         141   1.46864280E-02
         142   1.56571418E-02
         143   1.32757137E-02
         144   1.08942855E-02
         145   9.09664296E-03
         146   7.29899993E-03
         147   7.18785729E-03
         148   7.07671419E-03
         149   7.17128580E-03
         150   7.26585742E-03
         151   6.87057152E-03
         152   6.47528563E-03
         153   6.47757156E-03
         154   6.47985749E-03
         155   6.19550003E-03
         156   5.91114257E-03
         157   5.69685688E-03
         158   5.48257120E-03
         159   5.43128559E-03
         160   5.37999999E-03
         161   5.41264284E-03
         162   5.44528570E-03
         163   5.27614309E-03
         164   5.10700047E-03
         165   4.97000013E-03
         166   4.83299978E-03
         167   5.01407124E-03
         168   5.19514270E-03
         169   5.12407115E-03
         170   5.05299959E-03
         171   5.33942832E-03
         172   5.62585704E-03
         173   5.86128561E-03
         174   6.09671418E-03
         175   7.12171430E-03
         176   8.14671442E-03
         177   1.13302143E-02
         178   1.45137142E-02
         179   2.33311430E-02
         180   3.21485698E-02
