 scat/ext   1.00000000    
           0   318.200012    
           1   81.5599976    
           2   6.75500011    
           3   2.28900003    
           4   1.16299999    
           5  0.751299977    
           6  0.579299986    
           7  0.497850001    
           8  0.416399986    
           9  0.379549980    
          10  0.342700005    
          11  0.321950018    
          12  0.301200002    
          13  0.281350017    
          14  0.261500001    
          15  0.248699993    
          16  0.235900000    
          17  0.224700004    
          18  0.213499993    
          19  0.199800000    
          20  0.186100006    
          21  0.176600009    
          22  0.167099997    
          23  0.158600003    
          24  0.150099993    
          25  0.141550004    
          26  0.133000001    
          27  0.123800002    
          28  0.114600003    
          29  0.107450001    
          30  0.100299999    
          31   9.48600024E-02
          32   8.94199982E-02
          33   8.37000012E-02
          34   7.79799968E-02
          35   7.46649951E-02
          36   7.13500008E-02
          37   6.41399994E-02
          38   5.69300018E-02
          39   5.65550029E-02
          40   5.61800003E-02
          41   4.92700003E-02
          42   4.23600003E-02
          43   4.23000008E-02
          44   4.22400013E-02
          45   3.77399996E-02
          46   3.32400016E-02
          47   3.06700021E-02
          48   2.81000007E-02
          49   2.80200001E-02
          50   2.79399995E-02
          51   2.52749994E-02
          52   2.26099994E-02
          53   1.98899992E-02
          54   1.71700008E-02
          55   1.63100008E-02
          56   1.54499998E-02
          57   1.48600005E-02
          58   1.42700002E-02
          59   1.34549998E-02
          60   1.26400003E-02
          61   1.18100001E-02
          62   1.09799998E-02
          63   1.01549998E-02
          64   9.32999980E-03
          65   8.43549985E-03
          66   7.54099991E-03
          67   7.01749977E-03
          68   6.49400009E-03
          69   6.01650029E-03
          70   5.53900003E-03
          71   5.06650005E-03
          72   4.59400006E-03
          73   4.25249990E-03
          74   3.91100021E-03
          75   3.57750012E-03
          76   3.24400002E-03
          77   2.95800017E-03
          78   2.67200009E-03
          79   2.45250016E-03
          80   2.23300001E-03
          81   2.01900001E-03
          82   1.80500001E-03
          83   1.78000005E-03
          84   1.75499998E-03
          85   1.58050004E-03
          86   1.40600000E-03
          87   1.39300001E-03
          88   1.38000003E-03
          89   1.29400007E-03
          90   1.20800000E-03
          91   1.16700004E-03
          92   1.12599996E-03
          93   1.03155000E-03
          94   9.37099976E-04
          95   9.86550003E-04
          96   1.03599997E-03
          97   9.98349977E-04
          98   9.60699981E-04
          99   9.73150018E-04
         100   9.85600054E-04
         101   1.00730010E-03
         102   1.02900004E-03
         103   9.72700014E-04
         104   9.16399993E-04
         105   9.05700028E-04
         106   8.95000005E-04
         107   8.85949994E-04
         108   8.76899983E-04
         109   8.85099987E-04
         110   8.93299992E-04
         111   9.86650004E-04
         112   1.07999996E-03
         113   1.01729995E-03
         114   9.54599993E-04
         115   1.04480004E-03
         116   1.13500003E-03
         117   1.30550005E-03
         118   1.47599995E-03
         119   1.66549999E-03
         120   1.85500004E-03
         121   2.00049998E-03
         122   2.14600004E-03
         123   2.29400001E-03
         124   2.44199997E-03
         125   2.35700002E-03
         126   2.27200007E-03
         127   2.00100010E-03
         128   1.73000002E-03
         129   1.79950008E-03
         130   1.86900003E-03
         131   2.06049997E-03
         132   2.25199992E-03
         133   2.56199995E-03
         134   2.87199998E-03
         135   4.19249991E-03
         136   5.51299984E-03
         137   7.20599946E-03
         138   8.89899954E-03
         139   1.10595003E-02
         140   1.32200001E-02
         141   1.41949998E-02
         142   1.51699996E-02
         143   1.29300002E-02
         144   1.06899999E-02
         145   9.06299986E-03
         146   7.43599981E-03
         147   7.22800009E-03
         148   7.01999990E-03
         149   7.10050017E-03
         150   7.18099996E-03
         151   6.74199965E-03
         152   6.30299980E-03
         153   6.53999997E-03
         154   6.77700015E-03
         155   6.28549978E-03
         156   5.79399988E-03
         157   5.66700008E-03
         158   5.53999981E-03
         159   5.48550021E-03
         160   5.43100014E-03
         161   5.48550021E-03
         162   5.53999981E-03
         163   5.43900020E-03
         164   5.33800013E-03
         165   5.03650028E-03
         166   4.73499997E-03
         167   5.08099981E-03
         168   5.42700011E-03
         169   5.30000031E-03
         170   5.17300004E-03
         171   5.57249971E-03
         172   5.97199984E-03
         173   6.07350003E-03
         174   6.17500022E-03
         175   7.39350030E-03
         176   8.61200038E-03
         177   1.19310003E-02
         178   1.52500002E-02
         179   2.54150014E-02
         180   3.55800018E-02
