 scat/ext   1.00000000    
           0   119.917137    
           1   38.8791428    
           2   4.56699991    
           3   1.56811428    
           4  0.886542857    
           5  0.623528600    
           6  0.628939986    
           7  0.223392904    
           8  0.441679984    
           9  0.202774957    
          10  0.358600020    
          11  0.174991131    
          12  0.308300018    
          13  0.146422938    
          14  0.271660000    
          15  0.124749988    
          16  0.241359994    
          17  0.102291673    
          18  0.215159997    
          19   9.07105654E-02
          20  0.191540003    
          21   8.30461904E-02
          22  0.168080002    
          23   7.11385235E-02
          24  0.148920000    
          25   5.26500605E-02
          26  0.133699998    
          27   2.50849724E-02
          28  0.116860002    
          29   1.80549622E-02
          30  0.102640003    
          31   1.52394772E-02
          32   8.93820003E-02
          33   4.67693806E-03
          34   7.90219977E-02
          35   7.42219985E-02
          36   6.94219992E-02
          37   6.47229999E-02
          38   6.00240007E-02
          39   5.69360033E-02
          40   5.38480021E-02
          41   4.95180041E-02
          42   4.51880023E-02
          43   4.27170023E-02
          44   4.02460024E-02
          45   3.74250002E-02
          46   3.46039981E-02
          47   3.17129977E-02
          48   2.88219992E-02
          49   2.77410001E-02
          50   2.66599990E-02
          51   2.52269991E-02
          52   2.37939991E-02
          53   2.14449987E-02
          54   1.90960001E-02
          55   1.73619986E-02
          56   1.56279989E-02
          57   1.46429995E-02
          58   1.36580002E-02
          59   1.30209997E-02
          60   1.23840002E-02
          61   1.15603004E-02
          62   1.07366005E-02
          63   9.99240018E-03
          64   9.24819987E-03
          65   8.61799996E-03
          66   7.98780005E-03
          67   7.32930005E-03
          68   6.67080004E-03
          69   6.24850020E-03
          70   5.82619989E-03
          71   5.31530008E-03
          72   4.80439980E-03
          73   4.42550005E-03
          74   4.04660031E-03
          75   3.65730003E-03
          76   3.26799997E-03
          77   2.92839995E-03
          78   2.58879992E-03
          79   2.35940004E-03
          80   2.13000015E-03
          81   2.08509993E-03
          82   2.04019994E-03
          83   1.99529994E-03
          84   1.95039995E-03
          85   1.79579994E-03
          86   1.64120004E-03
          87   1.55829999E-03
          88   1.47539994E-03
          89   1.36730005E-03
          90   1.25920004E-03
          91   1.18470006E-03
          92   1.11020007E-03
          93   1.06519996E-03
          94   1.02019997E-03
          95   9.95920040E-04
          96   9.71639995E-04
          97   9.82359983E-04
          98   9.93079972E-04
          99   1.01470994E-03
         100   1.03634002E-03
         101   1.01742009E-03
         102   9.98500036E-04
         103   9.86380037E-04
         104   9.74260038E-04
         105   9.90040018E-04
         106   1.00582000E-03
         107   1.01441005E-03
         108   1.02299999E-03
         109   1.05169998E-03
         110   1.08039996E-03
         111   1.07070000E-03
         112   1.06100005E-03
         113   1.05750002E-03
         114   1.05399999E-03
         115   1.17930002E-03
         116   1.30460004E-03
         117   1.44140003E-03
         118   1.57819991E-03
         119   1.71460002E-03
         120   1.85100001E-03
         121   1.97599991E-03
         122   2.10099993E-03
         123   2.21120007E-03
         124   2.32139998E-03
         125   2.27899989E-03
         126   2.23660003E-03
         127   2.25150003E-03
         128   2.26640003E-03
         129   2.36609997E-03
         130   2.46580015E-03
         131   2.57620029E-03
         132   2.68660020E-03
         133   3.06749996E-03
         134   3.44839995E-03
         135   4.73249983E-03
         136   6.01659995E-03
         137   7.52989994E-03
         138   9.04319994E-03
         139   1.10366000E-02
         140   1.30300000E-02
         141   1.37559995E-02
         142   1.44819999E-02
         143   1.31580001E-02
         144   1.18340002E-02
         145   1.00206994E-02
         146   8.20739940E-03
         147   7.44389975E-03
         148   6.68040011E-03
         149   6.83709979E-03
         150   6.99379994E-03
         151   6.81019993E-03
         152   6.62659993E-03
         153   6.46879990E-03
         154   6.31099986E-03
         155   6.28879992E-03
         156   6.26659999E-03
         157   5.99419978E-03
         158   5.72180003E-03
         159   5.60030015E-03
         160   5.47880027E-03
         161   5.51880011E-03
         162   5.55879995E-03
         163   5.49739972E-03
         164   5.43599995E-03
         165   5.39250020E-03
         166   5.34899998E-03
         167   5.27710002E-03
         168   5.20520005E-03
         169   5.36100008E-03
         170   5.51680010E-03
         171   5.87530015E-03
         172   6.23380020E-03
         173   6.45729993E-03
         174   6.68079965E-03
         175   8.28059949E-03
         176   9.88040026E-03
         177   1.50121991E-02
         178   2.01439988E-02
         179   2.52519995E-02
         180   3.03599983E-02
