 scat/ext   1.00000000    
           0   268.391418    
           1   83.6905670    
           2   7.93005705    
           3   2.47127151    
           4   1.25385714    
           5  0.800344288    
           6  0.603122830    
           7  0.515212119    
           8  0.427301407    
           9  0.388525695    
          10  0.349749982    
          11  0.325548559    
          12  0.301347136    
          13  0.284839988    
          14  0.268332869    
          15  0.253586441    
          16  0.238839999    
          17  0.225080714    
          18  0.211321428    
          19  0.199834287    
          20  0.188347146    
          21  0.177997857    
          22  0.167648569    
          23  0.158035010    
          24  0.148421437    
          25  0.140687868    
          26  0.132954299    
          27  0.125698581    
          28  0.118442856    
          29  0.110790282    
          30  0.103137717    
          31   9.62779298E-02
          32   8.94181430E-02
          33   8.44274983E-02
          34   7.94368535E-02
          35   7.41445720E-02
          36   6.88522905E-02
          37   6.40252903E-02
          38   5.91982864E-02
          39   5.63207120E-02
          40   5.34431413E-02
          41   4.97748554E-02
          42   4.61065695E-02
          43   4.28522862E-02
          44   3.95980030E-02
          45   3.78590003E-02
          46   3.61199975E-02
          47   3.22794281E-02
          48   2.84388587E-02
          49   2.68534292E-02
          50   2.52679996E-02
          51   2.44345702E-02
          52   2.36011427E-02
          53   2.15292126E-02
          54   1.94572844E-02
          55   1.73318572E-02
          56   1.52064282E-02
          57   1.38653573E-02
          58   1.25242863E-02
          59   1.17845004E-02
          60   1.10447146E-02
          61   1.03587434E-02
          62   9.67277121E-03
          63   9.11690667E-03
          64   8.56104307E-03
          65   7.98830763E-03
          66   7.41557125E-03
          67   6.79969275E-03
          68   6.18381426E-03
          69   5.74578578E-03
          70   5.30775730E-03
          71   4.83211409E-03
          72   4.35647136E-03
          73   3.95137165E-03
          74   3.54627147E-03
          75   3.24649294E-03
          76   2.94671440E-03
          77   2.69665010E-03
          78   2.44658580E-03
          79   2.25975714E-03
          80   2.07292847E-03
          81   2.00591423E-03
          82   1.93889998E-03
          83   1.84957858E-03
          84   1.76025718E-03
          85   1.62805000E-03
          86   1.49584282E-03
          87   1.36053574E-03
          88   1.22522865E-03
          89   1.23230717E-03
          90   1.23938569E-03
          91   1.17864285E-03
          92   1.11790001E-03
          93   1.07984792E-03
          94   1.04179583E-03
          95   9.75442934E-04
          96   9.09090042E-04
          97   9.09331429E-04
          98   9.09572816E-04
          99   9.30356444E-04
         100   9.51140013E-04
         101   9.65902815E-04
         102   9.80665674E-04
         103   9.52784962E-04
         104   9.24904249E-04
         105   9.31775721E-04
         106   9.38647194E-04
         107   9.65147163E-04
         108   9.91647132E-04
         109   1.00844784E-03
         110   1.02524855E-03
         111   1.02192420E-03
         112   1.01859996E-03
         113   1.03676436E-03
         114   1.05492864E-03
         115   1.15500006E-03
         116   1.25507149E-03
         117   1.38627144E-03
         118   1.51747139E-03
         119   1.60748570E-03
         120   1.69750000E-03
         121   1.80253573E-03
         122   1.90757145E-03
         123   2.03522155E-03
         124   2.16287142E-03
         125   2.26480002E-03
         126   2.36672862E-03
         127   2.21367856E-03
         128   2.06062850E-03
         129   2.10638577E-03
         130   2.15214281E-03
         131   2.44576437E-03
         132   2.73938570E-03
         133   2.95277126E-03
         134   3.16615705E-03
         135   4.39103553E-03
         136   5.61591424E-03
         137   7.41418544E-03
         138   9.21245664E-03
         139   1.12879425E-02
         140   1.33634284E-02
         141   1.39127858E-02
         142   1.44621432E-02
         143   1.32509284E-02
         144   1.20397145E-02
         145   9.66980681E-03
         146   7.29990005E-03
         147   7.05385022E-03
         148   6.80779992E-03
         149   6.83056423E-03
         150   6.85332855E-03
         151   6.86022826E-03
         152   6.86712842E-03
         153   6.52443571E-03
         154   6.18174300E-03
         155   5.76465717E-03
         156   5.34757134E-03
         157   5.59213571E-03
         158   5.83670009E-03
         159   5.48729300E-03
         160   5.13788592E-03
         161   5.14835026E-03
         162   5.15881460E-03
         163   5.19144302E-03
         164   5.22407144E-03
         165   5.24158590E-03
         166   5.25909988E-03
         167   5.30004967E-03
         168   5.34099992E-03
         169   5.30741457E-03
         170   5.27382875E-03
         171   5.28211426E-03
         172   5.29040024E-03
         173   5.56661468E-03
         174   5.84282866E-03
         175   7.03800749E-03
         176   8.23318586E-03
         177   1.25333788E-02
         178   1.68335717E-02
         179   2.28213575E-02
         180   2.88091432E-02
