 scat/ext   1.00000000    
           0   452.000000    
           1   67.9000015    
           2   5.61000013    
           3   1.97000003    
           4   1.02999997    
           5  0.684000015    
           6  0.527000010    
           7  0.461499989    
           8  0.395999998    
           9  0.361499995    
          10  0.326999992    
          11  0.309499979    
          12  0.291999996    
          13  0.276499987    
          14  0.261000007    
          15  0.247999996    
          16  0.234999999    
          17  0.222000003    
          18  0.209000006    
          19  0.196999997    
          20  0.185000002    
          21  0.174500003    
          22  0.164000005    
          23  0.157000005    
          24  0.150000006    
          25  0.143500000    
          26  0.136999995    
          27  0.127999991    
          28  0.119000003    
          29  0.107000001    
          30   9.49999988E-02
          31   9.24500003E-02
          32   8.99000019E-02
          33   8.72500017E-02
          34   8.46000016E-02
          35   7.49000013E-02
          36   6.52000010E-02
          37   6.61500022E-02
          38   6.71000034E-02
          39   5.78500032E-02
          40   4.85999994E-02
          41   4.98999991E-02
          42   5.11999987E-02
          43   4.35499996E-02
          44   3.59000005E-02
          45   3.55999991E-02
          46   3.53000015E-02
          47   3.31999995E-02
          48   3.10999993E-02
          49   2.69999988E-02
          50   2.29000002E-02
          51   2.15499997E-02
          52   2.01999992E-02
          53   1.97499990E-02
          54   1.93000007E-02
          55   1.80500001E-02
          56   1.67999994E-02
          57   1.52499992E-02
          58   1.37000000E-02
          59   1.22500006E-02
          60   1.08000003E-02
          61   9.81500000E-03
          62   8.82999972E-03
          63   8.12499970E-03
          64   7.42000015E-03
          65   6.88000023E-03
          66   6.33999985E-03
          67   5.80499973E-03
          68   5.27000008E-03
          69   4.87500010E-03
          70   4.48000012E-03
          71   4.10499983E-03
          72   3.73000000E-03
          73   3.50000011E-03
          74   3.26999999E-03
          75   3.10500013E-03
          76   2.94000003E-03
          77   2.75500002E-03
          78   2.57000001E-03
          79   2.33499985E-03
          80   2.09999993E-03
          81   1.93499995E-03
          82   1.76999997E-03
          83   1.76000001E-03
          84   1.75000005E-03
          85   1.53000001E-03
          86   1.30999996E-03
          87   1.27999997E-03
          88   1.24999997E-03
          89   1.15499995E-03
          90   1.06000004E-03
          91   1.09000003E-03
          92   1.12000003E-03
          93   9.83500038E-04
          94   8.46999988E-04
          95   9.08999995E-04
          96   9.71000001E-04
          97   9.51000024E-04
          98   9.30999988E-04
          99   8.87000002E-04
         100   8.43000016E-04
         101   8.06499971E-04
         102   7.69999984E-04
         103   8.18500004E-04
         104   8.67000024E-04
         105   9.11000010E-04
         106   9.54999996E-04
         107   9.41000006E-04
         108   9.27000016E-04
         109   9.39499994E-04
         110   9.51999973E-04
         111   9.75999981E-04
         112   1.00000005E-03
         113   1.04500004E-03
         114   1.09000003E-03
         115   1.05500000E-03
         116   1.01999997E-03
         117   1.20499998E-03
         118   1.38999999E-03
         119   1.63999991E-03
         120   1.88999996E-03
         121   2.17500003E-03
         122   2.46000011E-03
         123   2.24000006E-03
         124   2.02000001E-03
         125   2.18500011E-03
         126   2.34999997E-03
         127   2.15499988E-03
         128   1.96000002E-03
         129   1.70499994E-03
         130   1.44999998E-03
         131   1.51500001E-03
         132   1.58000004E-03
         133   1.90500007E-03
         134   2.22999998E-03
         135   3.16500012E-03
         136   4.10000002E-03
         137   6.22500014E-03
         138   8.34999979E-03
         139   1.10749993E-02
         140   1.37999998E-02
         141   1.51499994E-02
         142   1.64999999E-02
         143   1.37000000E-02
         144   1.09000001E-02
         145   8.87500029E-03
         146   6.85000001E-03
         147   7.00000022E-03
         148   7.14999996E-03
         149   7.33499974E-03
         150   7.51999998E-03
         151   7.04000005E-03
         152   6.56000013E-03
         153   6.25000009E-03
         154   5.94000006E-03
         155   6.09999988E-03
         156   6.26000017E-03
         157   5.77499997E-03
         158   5.28999977E-03
         159   5.33999968E-03
         160   5.39000006E-03
         161   5.54000027E-03
         162   5.69000002E-03
         163   5.28000016E-03
         164   4.86999983E-03
         165   4.91499994E-03
         166   4.96000005E-03
         167   4.91499994E-03
         168   4.86999983E-03
         169   5.16999979E-03
         170   5.47000021E-03
         171   5.40000014E-03
         172   5.33000007E-03
         173   5.56499977E-03
         174   5.79999993E-03
         175   6.78499974E-03
         176   7.77000003E-03
         177   1.12350006E-02
         178   1.47000002E-02
         179   2.36999989E-02
         180   3.26999985E-02
