 scat/ext   1.00000000       1.00000000       1.00000000       1.00000000       1.00000000       1.00000000       1.00000000       1.00000000       1.00000000       1.00000000       1.00000000       1.00000000       1.00000000       1.00000000       1.00000000       1.00000000       1.00000000       1.00000000       1.00000000       1.00000000       1.00000000       1.00000000       1.00000000       1.00000000       1.00000000       1.00000000       1.00000000       1.00000000       1.00000000       1.00000000       1.00000000       1.00000000       1.00000000       1.00000000       1.00000000       1.00000000       1.00000000       1.00000000       1.00000000       1.00000000       1.00000000       1.00000000    
           0   742.200012    
           1   42.7399979    
           2   4.58399963    
           3   1.60200000    
           4  0.868399978    
           5  0.606400013    
           6  0.482600003    
           7  0.427500010    
           8  0.372399986    
           9  0.348500013    
          10  0.324600011    
          11  0.304000020    
          12  0.283399999    
          13  0.266299993    
          14  0.249200001    
          15  0.235300004    
          16  0.221399993    
          17  0.210999995    
          18  0.200599998    
          19  0.189099997    
          20  0.177599996    
          21  0.167699993    
          22  0.157800004    
          23  0.150500000    
          24  0.143199995    
          25  0.137799993    
          26  0.132399991    
          27  0.125799999    
          28  0.119199999    
          29  0.110900000    
          30  0.102600001    
          31   9.31999981E-02
          32   8.37999955E-02
          33   8.35199952E-02
          34   8.32400024E-02
          35   7.49299973E-02
          36   6.66199997E-02
          37   6.36299998E-02
          38   6.06399998E-02
          39   5.57599999E-02
          40   5.08800000E-02
          41   4.83999997E-02
          42   4.59199995E-02
          43   4.25700024E-02
          44   3.92200015E-02
          45   3.77000012E-02
          46   3.61800008E-02
          47   3.29800025E-02
          48   2.97800004E-02
          49   2.80000009E-02
          50   2.62200013E-02
          51   2.42500007E-02
          52   2.22800002E-02
          53   2.10600011E-02
          54   1.98400002E-02
          55   1.81499999E-02
          56   1.64599996E-02
          57   1.45100001E-02
          58   1.25600006E-02
          59   1.16700009E-02
          60   1.07800001E-02
          61   1.01919994E-02
          62   9.60399956E-03
          63   8.99299979E-03
          64   8.38200003E-03
          65   7.71300029E-03
          66   7.04400009E-03
          67   6.43899990E-03
          68   5.83399972E-03
          69   5.30700013E-03
          70   4.78000008E-03
          71   4.25599981E-03
          72   3.73200001E-03
          73   3.30099999E-03
          74   2.86999997E-03
          75   2.71000015E-03
          76   2.55000009E-03
          77   2.44299998E-03
          78   2.33599986E-03
          79   2.09099986E-03
          80   1.84599997E-03
          81   1.68200000E-03
          82   1.51800003E-03
          83   1.44600007E-03
          84   1.37399998E-03
          85   1.29100005E-03
          86   1.20800000E-03
          87   1.16200000E-03
          88   1.11600000E-03
          89   1.03230006E-03
          90   9.48600005E-04
          91   9.21100029E-04
          92   8.93599994E-04
          93   8.70099990E-04
          94   8.46599985E-04
          95   8.21499969E-04
          96   7.96400011E-04
          97   7.78299989E-04
          98   7.60199968E-04
          99   7.59799965E-04
         100   7.59400020E-04
         101   7.76199973E-04
         102   7.92999985E-04
         103   8.08299985E-04
         104   8.23599985E-04
         105   8.28600023E-04
         106   8.33600003E-04
         107   8.84199981E-04
         108   9.34799958E-04
         109   9.68600041E-04
         110   1.00240007E-03
         111   1.02319999E-03
         112   1.04399992E-03
         113   1.01040001E-03
         114   9.76799987E-04
         115   1.04140001E-03
         116   1.10600004E-03
         117   1.22199999E-03
         118   1.33800006E-03
         119   1.66200008E-03
         120   1.98599999E-03
         121   2.07799999E-03
         122   2.16999999E-03
         123   2.42700009E-03
         124   2.68399995E-03
         125   2.36300007E-03
         126   2.04200018E-03
         127   1.89200009E-03
         128   1.74199999E-03
         129   1.59100001E-03
         130   1.44000002E-03
         131   1.32400007E-03
         132   1.20800000E-03
         133   1.30100001E-03
         134   1.39400002E-03
         135   2.19499995E-03
         136   2.99600000E-03
         137   4.79399972E-03
         138   6.59199990E-03
         139   1.02460003E-02
         140   1.39000006E-02
         141   1.57200005E-02
         142   1.75400004E-02
         143   1.41000003E-02
         144   1.06600001E-02
         145   8.92100018E-03
         146   7.18199974E-03
         147   7.65500031E-03
         148   8.12800042E-03
         149   7.64900027E-03
         150   7.17000011E-03
         151   7.05600018E-03
         152   6.94200024E-03
         153   6.65900018E-03
         154   6.37600012E-03
         155   6.11499976E-03
         156   5.85399987E-03
         157   5.78000024E-03
         158   5.70600014E-03
         159   5.53700002E-03
         160   5.36799990E-03
         161   5.12100011E-03
         162   4.87399986E-03
         163   4.91499994E-03
         164   4.95600002E-03
         165   4.72499989E-03
         166   4.49400023E-03
         167   4.41099983E-03
         168   4.32799989E-03
         169   4.37599979E-03
         170   4.42399969E-03
         171   4.56599984E-03
         172   4.70799999E-03
         173   4.79600020E-03
         174   4.88399994E-03
         175   5.00100013E-03
         176   5.11799986E-03
         177   7.01799989E-03
         178   8.91799945E-03
         179   1.75789986E-02
         180   2.62399986E-02
