 scat/ext   1.00000000    
           0   700.000000    
           1   45.0299988    
           2   4.70100021    
           3   1.64199996    
           4  0.884800017    
           5  0.615499973    
           6  0.485700011    
           7  0.325881362    
           8  0.372999996    
           9  0.173460454    
          10  0.323700011    
          11  0.105837226    
          12  0.282000005    
          13   6.48953617E-02
          14  0.248199999    
          15   3.50721031E-02
          16  0.220200002    
          17   1.04093030E-02
          18  0.199900001    
          19  0.187900007    
          20  0.175899997    
          21  0.165050000    
          22  0.154200003    
          23  0.146349996    
          24  0.138500005    
          25  0.134950012    
          26  0.131400004    
          27  0.126699999    
          28  0.122000001    
          29  0.112250000    
          30  0.102499999    
          31   9.16749984E-02
          32   8.08499977E-02
          33   8.26949999E-02
          34   8.45400020E-02
          35   7.50450045E-02
          36   6.55499995E-02
          37   6.30799979E-02
          38   6.06100000E-02
          39   5.58250025E-02
          40   5.10400012E-02
          41   4.84099984E-02
          42   4.57799993E-02
          43   4.20150012E-02
          44   3.82499993E-02
          45   3.75600010E-02
          46   3.68699990E-02
          47   3.32849994E-02
          48   2.96999998E-02
          49   2.78199986E-02
          50   2.59399991E-02
          51   2.43100002E-02
          52   2.26799995E-02
          53   2.13849992E-02
          54   2.00900007E-02
          55   1.83049999E-02
          56   1.65199991E-02
          57   1.44549999E-02
          58   1.23899998E-02
          59   1.15050003E-02
          60   1.06199998E-02
          61   1.00509999E-02
          62   9.48200002E-03
          63   8.88000056E-03
          64   8.27800017E-03
          65   7.63799995E-03
          66   6.99800020E-03
          67   6.38699997E-03
          68   5.77600021E-03
          69   5.28200017E-03
          70   4.78800014E-03
          71   4.23850026E-03
          72   3.68899992E-03
          73   3.25000007E-03
          74   2.81099998E-03
          75   2.67950003E-03
          76   2.54800008E-03
          77   2.44600000E-03
          78   2.34399992E-03
          79   2.08500004E-03
          80   1.82600005E-03
          81   1.65849994E-03
          82   1.49099994E-03
          83   1.41449994E-03
          84   1.33799994E-03
          85   1.26999989E-03
          86   1.20199996E-03
          87   1.16200000E-03
          88   1.12200005E-03
          89   1.04214996E-03
          90   9.62299993E-04
          91   9.33200005E-04
          92   9.04100016E-04
          93   8.74700025E-04
          94   8.45299975E-04
          95   8.23849987E-04
          96   8.02399998E-04
          97   7.82700023E-04
          98   7.62999989E-04
          99   7.61199975E-04
         100   7.59400020E-04
         101   7.77050038E-04
         102   7.94699998E-04
         103   8.13300023E-04
         104   8.31899990E-04
         105   8.18600005E-04
         106   8.05300020E-04
         107   8.55699996E-04
         108   9.06099973E-04
         109   9.51949973E-04
         110   9.97800031E-04
         111   1.02289999E-03
         112   1.04799995E-03
         113   9.94700007E-04
         114   9.41400009E-04
         115   1.03070005E-03
         116   1.12000003E-03
         117   1.20750000E-03
         118   1.29499997E-03
         119   1.62349991E-03
         120   1.95199996E-03
         121   2.01699999E-03
         122   2.08200002E-03
         123   2.40899995E-03
         124   2.73600011E-03
         125   2.38350010E-03
         126   2.03100010E-03
         127   1.92100008E-03
         128   1.81100005E-03
         129   1.63349998E-03
         130   1.45600003E-03
         131   1.36999995E-03
         132   1.28400000E-03
         133   1.37150008E-03
         134   1.45900005E-03
         135   2.35600001E-03
         136   3.25300009E-03
         137   5.07250009E-03
         138   6.89199986E-03
         139   1.05160000E-02
         140   1.41399996E-02
         141   1.55599993E-02
         142   1.69799998E-02
         143   1.36249997E-02
         144   1.02700004E-02
         145   8.71200021E-03
         146   7.15399999E-03
         147   7.60099990E-03
         148   8.04799981E-03
         149   7.51799997E-03
         150   6.98800012E-03
         151   6.90000039E-03
         152   6.81200018E-03
         153   6.54949993E-03
         154   6.28700014E-03
         155   6.00649975E-03
         156   5.72599983E-03
         157   5.71499998E-03
         158   5.70400013E-03
         159   5.49650006E-03
         160   5.28899999E-03
         161   5.04800025E-03
         162   4.80700005E-03
         163   4.86700004E-03
         164   4.92700003E-03
         165   4.66850027E-03
         166   4.41000005E-03
         167   4.34050011E-03
         168   4.27100016E-03
         169   4.32300009E-03
         170   4.37500002E-03
         171   4.60499991E-03
         172   4.83499980E-03
         173   4.85000014E-03
         174   4.86500002E-03
         175   4.93999990E-03
         176   5.01499977E-03
         177   6.83850003E-03
         178   8.66200030E-03
         179   1.66410003E-02
         180   2.46200003E-02
