 scat/ext   1.00000000    
           0   280.600006    
           1   83.7919998    
           2   7.43900013    
           3   2.41619992    
           4   1.22619998    
           5  0.785779953    
           6  0.595300019    
           7  0.509930015    
           8  0.424560010    
           9  0.386269987    
          10  0.347979993    
          11  0.324069977    
          12  0.300159991    
          13  0.283710003    
          14  0.267260015    
          15  0.252700001    
          16  0.238140002    
          17  0.224660009    
          18  0.211180001    
          19  0.199519992    
          20  0.187859997    
          21  0.177560002    
          22  0.167260006    
          23  0.157759994    
          24  0.148259997    
          25  0.140749991    
          26  0.133239999    
          27  0.125959992    
          28  0.118680000    
          29  0.110809997    
          30  0.102940001    
          31   9.58800018E-02
          32   8.88200030E-02
          33   8.41239989E-02
          34   7.94280022E-02
          35   7.43490010E-02
          36   6.92699999E-02
          37   6.39119968E-02
          38   5.85539974E-02
          39   5.63069992E-02
          40   5.40600009E-02
          41   4.99179997E-02
          42   4.57759984E-02
          43   4.27320004E-02
          44   3.96880023E-02
          45   3.79559994E-02
          46   3.62240002E-02
          47   3.20699997E-02
          48   2.79159993E-02
          49   2.66720001E-02
          50   2.54280008E-02
          51   2.45230012E-02
          52   2.36179996E-02
          53   2.14219987E-02
          54   1.92259997E-02
          55   1.70699991E-02
          56   1.49139995E-02
          57   1.36599997E-02
          58   1.24059999E-02
          59   1.17349997E-02
          60   1.10639995E-02
          61   1.03895999E-02
          62   9.71519947E-03
          63   9.15499963E-03
          64   8.59479979E-03
          65   7.99550023E-03
          66   7.39620021E-03
          67   6.78229984E-03
          68   6.16839994E-03
          69   5.72369993E-03
          70   5.27899992E-03
          71   4.81369998E-03
          72   4.34840005E-03
          73   3.95689998E-03
          74   3.56539991E-03
          75   3.25870002E-03
          76   2.95200013E-03
          77   2.68919999E-03
          78   2.42640008E-03
          79   2.23289989E-03
          80   2.03939993E-03
          81   1.97339989E-03
          82   1.90740009E-03
          83   1.81040005E-03
          84   1.71340001E-03
          85   1.60289998E-03
          86   1.49239996E-03
          87   1.35180005E-03
          88   1.21120003E-03
          89   1.22159999E-03
          90   1.23199995E-03
          91   1.16340001E-03
          92   1.09479995E-03
          93   1.06590998E-03
          94   1.03702000E-03
          95   9.65950021E-04
          96   8.94880039E-04
          97   8.98790022E-04
          98   9.02700005E-04
          99   9.27990011E-04
         100   9.53280018E-04
         101   9.63460014E-04
         102   9.73640010E-04
         103   9.43100022E-04
         104   9.12560034E-04
         105   9.19500017E-04
         106   9.26440000E-04
         107   9.48630041E-04
         108   9.70820023E-04
         109   9.87539999E-04
         110   1.00425992E-03
         111   1.01412996E-03
         112   1.02400000E-03
         113   1.02865999E-03
         114   1.03331998E-03
         115   1.12535991E-03
         116   1.21739996E-03
         117   1.34989992E-03
         118   1.48240000E-03
         119   1.58669997E-03
         120   1.69099995E-03
         121   1.79969997E-03
         122   1.90839998E-03
         123   2.03480013E-03
         124   2.16120016E-03
         125   2.27460009E-03
         126   2.38800002E-03
         127   2.19220016E-03
         128   1.99640007E-03
         129   2.06269999E-03
         130   2.12899991E-03
         131   2.42569996E-03
         132   2.72240001E-03
         133   2.88800010E-03
         134   3.05359997E-03
         135   4.34209965E-03
         136   5.63059980E-03
         137   7.43519980E-03
         138   9.23980027E-03
         139   1.14139002E-02
         140   1.35880001E-02
         141   1.40150003E-02
         142   1.44419996E-02
         143   1.30979996E-02
         144   1.17540006E-02
         145   9.41180065E-03
         146   7.06959981E-03
         147   6.94479980E-03
         148   6.81999978E-03
         149   6.84649963E-03
         150   6.87299995E-03
         151   6.81679975E-03
         152   6.76060002E-03
         153   6.47799997E-03
         154   6.19539991E-03
         155   5.74229984E-03
         156   5.28919976E-03
         157   5.54579962E-03
         158   5.80239994E-03
         159   5.40549960E-03
         160   5.00859972E-03
         161   5.07629989E-03
         162   5.14400005E-03
         163   5.13979979E-03
         164   5.13559999E-03
         165   5.13970014E-03
         166   5.14379982E-03
         167   5.24379965E-03
         168   5.34379994E-03
         169   5.26280003E-03
         170   5.18180011E-03
         171   5.20010013E-03
         172   5.21840015E-03
         173   5.44389989E-03
         174   5.66940010E-03
         175   6.82470016E-03
         176   7.98000023E-03
         177   1.21190008E-02
         178   1.62580013E-02
         179   2.27310006E-02
         180   2.92039998E-02
