 scat/ext   1.00000000    
           0   472.779999    
           1   65.7799988    
           2   5.52920008    
           3   1.93419993    
           4   1.01339996    
           5  0.676299989    
           6  0.523660004    
           7   9.79048014E-03
           8  0.393759996    
           9  0.360289991    
          10  0.326820016    
          11  0.308620006    
          12  0.290419996    
          13  0.275030017    
          14  0.259640008    
          15  0.246830001    
          16  0.234019995    
          17  0.221089989    
          18  0.208159998    
          19  0.196220011    
          20  0.184280008    
          21  0.173889995    
          22  0.163499996    
          23  0.155649990    
          24  0.147799999    
          25  0.141319990    
          26  0.134839997    
          27  0.126989990    
          28  0.119139999    
          29  0.108429998    
          30   9.77199972E-02
          31   9.30019990E-02
          32   8.82840008E-02
          33   8.56349990E-02
          34   8.29859972E-02
          35   7.48509988E-02
          36   6.67160004E-02
          37   6.58629984E-02
          38   6.50100037E-02
          39   5.74150011E-02
          40   4.98200022E-02
          41   4.96350005E-02
          42   4.94499989E-02
          43   4.29079980E-02
          44   3.63660008E-02
          45   3.59870009E-02
          46   3.56080011E-02
          47   3.30969989E-02
          48   3.05860005E-02
          49   2.71189995E-02
          50   2.36520004E-02
          51   2.23410018E-02
          52   2.10300013E-02
          53   2.01830007E-02
          54   1.93360001E-02
          55   1.79040004E-02
          56   1.64720006E-02
          57   1.50390007E-02
          58   1.36059998E-02
          59   1.22389998E-02
          60   1.08719999E-02
          61   9.94439982E-03
          62   9.01680067E-03
          63   8.27299990E-03
          64   7.52920005E-03
          65   6.96159992E-03
          66   6.39400026E-03
          67   5.85910026E-03
          68   5.32419980E-03
          69   4.91600018E-03
          70   4.50780010E-03
          71   4.15439997E-03
          72   3.80100007E-03
          73   3.53639992E-03
          74   3.27180000E-03
          75   3.08050006E-03
          76   2.88920011E-03
          77   2.69380002E-03
          78   2.49839993E-03
          79   2.28339992E-03
          80   2.06839992E-03
          81   1.92039995E-03
          82   1.77239999E-03
          83   1.72220008E-03
          84   1.67200004E-03
          85   1.48670003E-03
          86   1.30140001E-03
          87   1.26469997E-03
          88   1.22799992E-03
          89   1.15430006E-03
          90   1.08060008E-03
          91   1.08249998E-03
          92   1.08439999E-03
          93   9.68619948E-04
          94   8.52839963E-04
          95   9.02249943E-04
          96   9.51659982E-04
          97   9.32810013E-04
          98   9.13959986E-04
          99   8.76159989E-04
         100   8.38359992E-04
         101   8.11610022E-04
         102   7.84859993E-04
         103   8.25669966E-04
         104   8.66479997E-04
         105   9.05019988E-04
         106   9.43559979E-04
         107   9.45899985E-04
         108   9.48239991E-04
         109   9.43519990E-04
         110   9.38799989E-04
         111   9.64510022E-04
         112   9.90219996E-04
         113   1.03400997E-03
         114   1.07779994E-03
         115   1.05490000E-03
         116   1.03199994E-03
         117   1.21629995E-03
         118   1.40059995E-03
         119   1.64289994E-03
         120   1.88519992E-03
         121   2.14530015E-03
         122   2.40540016E-03
         123   2.24440009E-03
         124   2.08340003E-03
         125   2.19159992E-03
         126   2.29980005E-03
         127   2.14010011E-03
         128   1.98039995E-03
         129   1.71969994E-03
         130   1.45899993E-03
         131   1.52649998E-03
         132   1.59400003E-03
         133   1.87050004E-03
         134   2.14700005E-03
         135   3.11469985E-03
         136   4.08239989E-03
         137   6.20719977E-03
         138   8.33200011E-03
         139   1.11679994E-02
         140   1.40039995E-02
         141   1.52389994E-02
         142   1.64739992E-02
         143   1.37319993E-02
         144   1.09900003E-02
         145   8.93869996E-03
         146   6.88740006E-03
         147   7.07740011E-03
         148   7.26740016E-03
         149   7.34320004E-03
         150   7.41899991E-03
         151   6.98320009E-03
         152   6.54740026E-03
         153   6.24109991E-03
         154   5.93480002E-03
         155   6.07569981E-03
         156   6.21660007E-03
         157   5.76920016E-03
         158   5.32180024E-03
         159   5.29620005E-03
         160   5.27059985E-03
         161   5.40899998E-03
         162   5.54740010E-03
         163   5.18720038E-03
         164   4.82700020E-03
         165   4.90059983E-03
         166   4.97419992E-03
         167   4.89779981E-03
         168   4.82139969E-03
         169   5.03219943E-03
         170   5.24299964E-03
         171   5.19789988E-03
         172   5.15280012E-03
         173   5.43599995E-03
         174   5.71919978E-03
         175   6.63179997E-03
         176   7.54439970E-03
         177   1.07201999E-02
         178   1.38959996E-02
         179   2.24280003E-02
         180   3.09600011E-02
