 scat/ext   1.00000000    
           0   224.914291    
           1   84.6628571    
           2   9.26857090    
           3   2.64542866    
           4   1.33200002    
           5  0.847628534    
           6  0.622714281    
           7  0.530414283    
           8  0.438114285    
           9  0.397328556    
          10  0.356542856    
          11  0.331571430    
          12  0.306600004    
          13  0.288842857    
          14  0.271085739    
          15  0.256000012    
          16  0.240914285    
          17  0.227428570    
          18  0.213942856    
          19  0.202228576    
          20  0.190514281    
          21  0.179185718    
          22  0.167857140    
          23  0.158242851    
          24  0.148628578    
          25  0.141100004    
          26  0.133571431    
          27  0.125571430    
          28  0.117571428    
          29  0.110157147    
          30  0.102742858    
          31   9.60600004E-02
          32   8.93771425E-02
          33   8.42485726E-02
          34   7.91200027E-02
          35   7.42257163E-02
          36   6.93314299E-02
          37   6.45071417E-02
          38   5.96828572E-02
          39   5.67585714E-02
          40   5.38342856E-02
          41   4.96571437E-02
          42   4.54799980E-02
          43   4.27914262E-02
          44   4.01028544E-02
          45   3.76114249E-02
          46   3.51199992E-02
          47   3.18842828E-02
          48   2.86485702E-02
          49   2.74685696E-02
          50   2.62885708E-02
          51   2.50471421E-02
          52   2.38057151E-02
          53   2.15028562E-02
          54   1.91999990E-02
          55   1.73385702E-02
          56   1.54771423E-02
          57   1.43657140E-02
          58   1.32542858E-02
          59   1.26185715E-02
          60   1.19828572E-02
          61   1.11885713E-02
          62   1.03942854E-02
          63   9.72385705E-03
          64   9.05342866E-03
          65   8.44642892E-03
          66   7.83942826E-03
          67   7.18757138E-03
          68   6.53571403E-03
          69   6.10757153E-03
          70   5.67942858E-03
          71   5.18042874E-03
          72   4.68142843E-03
          73   4.29257145E-03
          74   3.90371424E-03
          75   3.53842857E-03
          76   3.17314290E-03
          77   2.85728555E-03
          78   2.54142843E-03
          79   2.32342863E-03
          80   2.10542860E-03
          81   2.06028577E-03
          82   2.01514293E-03
          83   1.95700000E-03
          84   1.89885718E-03
          85   1.75157143E-03
          86   1.60428567E-03
          87   1.50300004E-03
          88   1.40171428E-03
          89   1.33042852E-03
          90   1.25914288E-03
          91   1.18514290E-03
          92   1.11114280E-03
          93   1.07238570E-03
          94   1.03362859E-03
          95   9.91671463E-04
          96   9.49714275E-04
          97   9.58899967E-04
          98   9.68085718E-04
          99   9.91842942E-04
         100   1.01560005E-03
         101   1.00437144E-03
         102   9.93142836E-04
         103   9.77342832E-04
         104   9.61542886E-04
         105   9.75071453E-04
         106   9.88599961E-04
         107   1.00219995E-03
         108   1.01579993E-03
         109   1.04094285E-03
         110   1.06608577E-03
         111   1.05904287E-03
         112   1.05199998E-03
         113   1.05535705E-03
         114   1.05871423E-03
         115   1.17649999E-03
         116   1.29428576E-03
         117   1.42714288E-03
         118   1.56000000E-03
         119   1.68085715E-03
         120   1.80171430E-03
         121   1.91728573E-03
         122   2.03285716E-03
         123   2.15071440E-03
         124   2.26857141E-03
         125   2.27642851E-03
         126   2.28428561E-03
         127   2.24742852E-03
         128   2.21057143E-03
         129   2.29857140E-03
         130   2.38657137E-03
         131   2.55914289E-03
         132   2.73171440E-03
         133   3.05399997E-03
         134   3.37628578E-03
         135   4.64885728E-03
         136   5.92142856E-03
         137   7.51528610E-03
         138   9.10914317E-03
         139   1.11117139E-02
         140   1.31142857E-02
         141   1.37914289E-02
         142   1.44685721E-02
         143   1.32157151E-02
         144   1.19628571E-02
         145   9.95085761E-03
         146   7.93885719E-03
         147   7.32514262E-03
         148   6.71142852E-03
         149   6.82399981E-03
         150   6.93657156E-03
         151   6.82142843E-03
         152   6.70628576E-03
         153   6.48428593E-03
         154   6.26228563E-03
         155   6.12157118E-03
         156   5.98085718E-03
         157   5.87357115E-03
         158   5.76628558E-03
         159   5.56499977E-03
         160   5.36371442E-03
         161   5.39957173E-03
         162   5.43542858E-03
         163   5.40771428E-03
         164   5.37999999E-03
         165   5.35914302E-03
         166   5.33828558E-03
         167   5.29500004E-03
         168   5.25171403E-03
         169   5.35285706E-03
         170   5.45400009E-03
         171   5.70114283E-03
         172   5.94828557E-03
         173   6.18328527E-03
         174   6.41828543E-03
         175   7.92185683E-03
         176   9.42542870E-03
         177   1.43312849E-02
         178   1.92371421E-02
         179   2.51328573E-02
         180   3.10285706E-02
