 scat/ext   1.00000000    
           0   428.114288    
           1   70.7657166    
           2   5.83885717    
           3   2.03257155    
           4   1.05774283    
           5  0.698628604    
           6  0.539542854    
           7  0.467900008    
           8  0.396257162    
           9  0.365185738    
          10  0.334114283    
          11  0.314799994    
          12  0.295485705    
          13  0.278800011    
          14  0.262114286    
          15  0.248914286    
          16  0.235714287    
          17  0.223142862    
          18  0.210571438    
          19  0.198000014    
          20  0.185428575    
          21  0.175771430    
          22  0.166114286    
          23  0.156928569    
          24  0.147742853    
          25  0.140000001    
          26  0.132257149    
          27  0.123671435    
          28  0.115085721    
          29  0.107071429    
          30   9.90571380E-02
          31   9.39442813E-02
          32   8.88314247E-02
          33   8.55657160E-02
          34   8.22999999E-02
          35   7.39157125E-02
          36   6.55314252E-02
          37   6.48628622E-02
          38   6.41942918E-02
          39   5.64314313E-02
          40   4.86685708E-02
          41   4.79942858E-02
          42   4.73199971E-02
          43   4.17300016E-02
          44   3.61400023E-02
          45   3.57257128E-02
          46   3.53114270E-02
          47   3.29514295E-02
          48   3.05914283E-02
          49   2.70342864E-02
          50   2.34771427E-02
          51   2.30171420E-02
          52   2.25571431E-02
          53   2.14999989E-02
          54   2.04428565E-02
          55   1.87599994E-02
          56   1.70771424E-02
          57   1.54099995E-02
          58   1.37428567E-02
          59   1.23828575E-02
          60   1.10228574E-02
          61   1.01237148E-02
          62   9.22457129E-03
          63   8.52828566E-03
          64   7.83200003E-03
          65   7.22914282E-03
          66   6.62628608E-03
          67   6.10742904E-03
          68   5.58857154E-03
          69   5.19357156E-03
          70   4.79857111E-03
          71   4.34371410E-03
          72   3.88885732E-03
          73   3.53057147E-03
          74   3.17228562E-03
          75   2.95914290E-03
          76   2.74600019E-03
          77   2.62328563E-03
          78   2.50057131E-03
          79   2.32785707E-03
          80   2.15514284E-03
          81   1.97914289E-03
          82   1.80314283E-03
          83   1.72042847E-03
          84   1.63771422E-03
          85   1.47914281E-03
          86   1.32057141E-03
          87   1.26057141E-03
          88   1.20057142E-03
          89   1.15174288E-03
          90   1.10291434E-03
          91   1.08300010E-03
          92   1.06308574E-03
          93   9.84157203E-04
          94   9.05228546E-04
          95   9.25357104E-04
          96   9.45485721E-04
          97   8.97785707E-04
          98   8.50085693E-04
          99   8.49971431E-04
         100   8.49857170E-04
         101   8.65314272E-04
         102   8.80771433E-04
         103   8.70014308E-04
         104   8.59257125E-04
         105   8.87100003E-04
         106   9.14942881E-04
         107   9.39414313E-04
         108   9.63885745E-04
         109   9.94142843E-04
         110   1.02440000E-03
         111   1.01800007E-03
         112   1.01160002E-03
         113   1.02067145E-03
         114   1.02974288E-03
         115   1.07544288E-03
         116   1.12114288E-03
         117   1.28571433E-03
         118   1.45028578E-03
         119   1.64414290E-03
         120   1.83800003E-03
         121   2.06357148E-03
         122   2.28914293E-03
         123   2.29800004E-03
         124   2.30685715E-03
         125   2.18214281E-03
         126   2.05742870E-03
         127   2.09171441E-03
         128   2.12600012E-03
         129   1.93100004E-03
         130   1.73599995E-03
         131   1.67257141E-03
         132   1.60914287E-03
         133   2.06399988E-03
         134   2.51885713E-03
         135   3.56585719E-03
         136   4.61285701E-03
         137   6.59942813E-03
         138   8.58599972E-03
         139   1.14087146E-02
         140   1.42314285E-02
         141   1.51728569E-02
         142   1.61142852E-02
         143   1.36014279E-02
         144   1.10885715E-02
         145   9.12328623E-03
         146   7.15800002E-03
         147   7.14571401E-03
         148   7.13342847E-03
         149   7.24257156E-03
         150   7.35171419E-03
         151   7.00114295E-03
         152   6.65057125E-03
         153   6.41514268E-03
         154   6.17971458E-03
         155   6.10600039E-03
         156   6.03228575E-03
         157   5.72871417E-03
         158   5.42514306E-03
         159   5.37757156E-03
         160   5.33000007E-03
         161   5.34028560E-03
         162   5.35057159E-03
         163   5.11228573E-03
         164   4.87400033E-03
         165   4.90000006E-03
         166   4.92599979E-03
         167   4.94314265E-03
         168   4.96028550E-03
         169   4.94814292E-03
         170   4.93599987E-03
         171   5.10885706E-03
         172   5.28171426E-03
         173   5.64757129E-03
         174   6.01342833E-03
         175   6.84842840E-03
         176   7.68342894E-03
         177   1.07054282E-02
         178   1.37274284E-02
         179   2.12122854E-02
         180   2.86971424E-02
