 scat/ext   1.00000000    
           0   400.000000    
           1   113.974281    
           2   38.9434242    
           3   5.23257160    
           4   1.67474282    
           5  0.940142870    
           6  0.651300013    
           7  0.475847632    
           8  0.329855114    
           9  0.305933326    
          10  0.289649993    
          11  0.230295256    
          12  0.252383173    
          13  0.184966683    
          14  0.219935119    
          15  0.150766671    
          16  0.193899989    
          17  0.123442858    
          18  0.172383338    
          19  0.100371420    
          20  0.152745873    
          21   7.85666630E-02
          22  0.136598915    
          23   5.68523780E-02
          24  0.122382440    
          25   3.96619067E-02
          26  0.109842874    
          27   2.59095207E-02
          28   9.23385620E-02
          29   9.89524275E-03
          30   7.81014115E-02
          31   7.11413473E-02
          32   6.41812831E-02
          33   6.24980628E-02
          34   6.08148426E-02
          35   5.38489148E-02
          36   4.68829870E-02
          37   4.34629172E-02
          38   4.00428474E-02
          39   3.51731144E-02
          40   3.03033795E-02
          41   3.82216908E-02
          42   4.61400002E-02
          43   4.35810015E-02
          44   4.10219990E-02
          45   3.78630012E-02
          46   3.47039998E-02
          47   3.23130004E-02
          48   2.99219992E-02
          49   2.83930004E-02
          50   2.68639997E-02
          51   2.41540000E-02
          52   2.14440003E-02
          53   2.03800015E-02
          54   1.93160009E-02
          55   1.78459994E-02
          56   1.63759999E-02
          57   1.46380002E-02
          58   1.29000004E-02
          59   1.20090004E-02
          60   1.11180004E-02
          61   1.04914000E-02
          62   9.86479968E-03
          63   9.22559947E-03
          64   8.58640019E-03
          65   7.85940047E-03
          66   7.13240029E-03
          67   6.53639995E-03
          68   5.94040006E-03
          69   5.34890033E-03
          70   4.75740014E-03
          71   4.28589992E-03
          72   3.81439994E-03
          73   3.40239983E-03
          74   2.99039995E-03
          75   2.77099991E-03
          76   2.55159987E-03
          77   2.43939995E-03
          78   2.32720003E-03
          79   2.10270006E-03
          80   1.87819998E-03
          81   1.72509998E-03
          82   1.57199998E-03
          83   1.50659995E-03
          84   1.44119991E-03
          85   1.33390003E-03
          86   1.22660003E-03
          87   1.16800005E-03
          88   1.10940007E-03
          89   1.01569004E-03
          90   9.21980012E-04
          91   8.97530001E-04
          92   8.73079989E-04
          93   8.61439970E-04
          94   8.49799952E-04
          95   8.17670021E-04
          96   7.85540033E-04
          97   7.69980019E-04
          98   7.54420005E-04
          99   7.57389993E-04
         100   7.60359981E-04
         101   7.74529995E-04
         102   7.88700010E-04
         103   7.97640008E-04
         104   8.06580007E-04
         105   8.48690048E-04
         106   8.90800031E-04
         107   9.41319973E-04
         108   9.91839916E-04
         109   1.00208004E-03
         110   1.01232005E-03
         111   1.02205994E-03
         112   1.03179994E-03
         113   1.03867997E-03
         114   1.04556000E-03
         115   1.06117991E-03
         116   1.07679993E-03
         117   1.24290003E-03
         118   1.40900002E-03
         119   1.73389993E-03
         120   2.05879984E-03
         121   2.20600003E-03
         122   2.35319999E-03
         123   2.46029999E-03
         124   2.56739999E-03
         125   2.31599994E-03
         126   2.06460012E-03
         127   1.83430011E-03
         128   1.60399999E-03
         129   1.50060002E-03
         130   1.39720005E-03
         131   1.23143010E-03
         132   1.06566004E-03
         133   1.16423005E-03
         134   1.26280007E-03
         135   1.87479996E-03
         136   2.48679984E-03
         137   4.24059993E-03
         138   5.99440001E-03
         139   9.74920020E-03
         140   1.35039994E-02
         141   1.60610005E-02
         142   1.86180007E-02
         143   1.49990004E-02
         144   1.13800000E-02
         145   9.31470003E-03
         146   7.24940002E-03
         147   7.76570011E-03
         148   8.28200020E-03
         149   7.90529978E-03
         150   7.52859982E-03
         151   7.36889988E-03
         152   7.20919995E-03
         153   6.87799975E-03
         154   6.54680002E-03
         155   6.32449985E-03
         156   6.10220013E-03
         157   5.91180008E-03
         158   5.72140003E-03
         159   5.62100019E-03
         160   5.52059989E-03
         161   5.26100025E-03
         162   5.00140013E-03
         163   5.00530005E-03
         164   5.00919996E-03
         165   4.83470038E-03
         166   4.66020033E-03
         167   4.55080019E-03
         168   4.44140006E-03
         169   4.47509997E-03
         170   4.50879987E-03
         171   4.47389996E-03
         172   4.43900004E-03
         173   4.67539998E-03
         174   4.91179992E-03
         175   5.11190016E-03
         176   5.31199994E-03
         177   7.37369992E-03
         178   9.43540037E-03
         179   1.94667000E-02
         180   2.94979997E-02
