 scat/ext   1.00000000       1.00000000       1.00000000       1.00000000       1.00000000       1.00000000       1.00000000       1.00000000       1.00000000       1.00000000       1.00000000       1.00000000       1.00000000       1.00000000       1.00000000       1.00000000       1.00000000       1.00000000       1.00000000       1.00000000       1.00000000       1.00000000       1.00000000       1.00000000       1.00000000       1.00000000       1.00000000       1.00000000       1.00000000       1.00000000       1.00000000       1.00000000       1.00000000       1.00000000       1.00000000       1.00000000       1.00000000       1.00000000       1.00000000       1.00000000       1.00000000       1.00000000    
           0   206.000000    
           1   84.5999985    
           2   10.0000000    
           3   2.73000002    
           4   1.37000000    
           5  0.871999979    
           6  0.630999982    
           7  0.537000000    
           8  0.442999989    
           9  0.401499987    
          10  0.360000014    
          11  0.335000008    
          12  0.310000002    
          13  0.291000009    
          14  0.272000015    
          15  0.256999999    
          16  0.241999999    
          17  0.229000002    
          18  0.216000006    
          19  0.203999996    
          20  0.192000002    
          21  0.180000007    
          22  0.167999998    
          23  0.158500001    
          24  0.149000004    
          25  0.141499996    
          26  0.134000003    
          27  0.125000000    
          28  0.115999997    
          29  0.108999997    
          30  0.101999998    
          31   9.56500024E-02
          32   8.92999992E-02
          33   8.41500014E-02
          34   7.90000036E-02
          35   7.43000060E-02
          36   6.96000010E-02
          37   6.48999959E-02
          38   6.01999983E-02
          39   5.70999980E-02
          40   5.40000014E-02
          41   4.94000018E-02
          42   4.47999984E-02
          43   4.25999984E-02
          44   4.03999984E-02
          45   3.72499973E-02
          46   3.40999998E-02
          47   3.15000005E-02
          48   2.88999993E-02
          49   2.80000009E-02
          50   2.71000005E-02
          51   2.54500005E-02
          52   2.38000005E-02
          53   2.13500001E-02
          54   1.88999996E-02
          55   1.73499994E-02
          56   1.57999992E-02
          57   1.48999998E-02
          58   1.40000004E-02
          59   1.33999996E-02
          60   1.27999997E-02
          61   1.19000003E-02
          62   1.09999999E-02
          63   1.02149993E-02
          64   9.42999963E-03
          65   8.77000019E-03
          66   8.10999982E-03
          67   7.44500011E-03
          68   6.77999994E-03
          69   6.36000000E-03
          70   5.94000006E-03
          71   5.42500010E-03
          72   4.91000013E-03
          73   4.54000011E-03
          74   4.17000009E-03
          75   3.75999999E-03
          76   3.34999990E-03
          77   2.98999995E-03
          78   2.63000000E-03
          79   2.39000004E-03
          80   2.15000007E-03
          81   2.10000016E-03
          82   2.05000001E-03
          83   2.02000001E-03
          84   1.99000002E-03
          85   1.82999996E-03
          86   1.67000003E-03
          87   1.60500000E-03
          88   1.53999997E-03
          89   1.39999995E-03
          90   1.26000005E-03
          91   1.18000002E-03
          92   1.09999999E-03
          93   1.05500000E-03
          94   1.01000001E-03
          95   1.00050005E-03
          96   9.90999979E-04
          97   1.00050005E-03
          98   1.01000001E-03
          99   1.03499996E-03
         100   1.06000004E-03
         101   1.03000004E-03
         102   1.00000005E-03
         103   9.91000095E-04
         104   9.82000027E-04
         105   1.00099994E-03
         106   1.01999997E-03
         107   1.01999997E-03
         108   1.01999997E-03
         109   1.05500000E-03
         110   1.09000003E-03
         111   1.08500000E-03
         112   1.07999996E-03
         113   1.06499996E-03
         114   1.04999996E-03
         115   1.17499998E-03
         116   1.30000000E-03
         117   1.44000002E-03
         118   1.58000004E-03
         119   1.73999998E-03
         120   1.90000003E-03
         121   2.03499990E-03
         122   2.16999999E-03
         123   2.27499986E-03
         124   2.37999996E-03
         125   2.28499994E-03
         126   2.18999991E-03
         127   2.24500010E-03
         128   2.30000005E-03
         129   2.41000019E-03
         130   2.52000010E-03
         131   2.56500021E-03
         132   2.61000008E-03
         133   3.04000010E-03
         134   3.47000011E-03
         135   4.78000008E-03
         136   6.08999981E-03
         137   7.53500033E-03
         138   8.98000039E-03
         139   1.09900003E-02
         140   1.30000003E-02
         141   1.38000008E-02
         142   1.46000003E-02
         143   1.31500000E-02
         144   1.16999997E-02
         145   1.00499997E-02
         146   8.39999970E-03
         147   7.53499987E-03
         148   6.67000003E-03
         149   6.86500035E-03
         150   7.06000021E-03
         151   6.79000001E-03
         152   6.51999982E-03
         153   6.44499995E-03
         154   6.37000008E-03
         155   6.45000022E-03
         156   6.52999990E-03
         157   6.09499961E-03
         158   5.65999979E-03
         159   5.60999988E-03
         160   5.55999996E-03
         161   5.61999995E-03
         162   5.67999994E-03
         163   5.57500031E-03
         164   5.47000021E-03
         165   5.39499987E-03
         166   5.32000000E-03
         167   5.24500012E-03
         168   5.16999979E-03
         169   5.35999984E-03
         170   5.54999989E-03
         171   6.02000020E-03
         172   6.49000006E-03
         173   6.68499991E-03
         174   6.87999977E-03
         175   8.58999975E-03
         176   1.03000002E-02
         177   1.54999997E-02
         178   2.07000002E-02
         179   2.69499999E-02
         180   3.31999995E-02
