 scat/ext   1.00000000    
           0   137.919998    
           1   44.5849991    
           2   4.97510004    
           3   1.68164992    
           4  0.932699978    
           5  0.645780027    
           6  0.626060009    
           7  0.174457192    
           8  0.439986676    
           9  0.161299944    
          10  0.357500017    
          11  0.137088180    
          12  0.307180017    
          13  0.110597253    
          14  0.271366656    
          15   9.06666517E-02
          16  0.241046667    
          17   6.88889027E-02
          18  0.214439988    
          19   5.95474243E-02
          20  0.191100001    
          21   5.29615879E-02
          22  0.168019995    
          23   4.13846970E-02
          24  0.148773342    
          25   2.42000818E-02
          26  0.133593336    
          27  0.125453338    
          28  0.117313333    
          29  0.110096663    
          30  0.102880001    
          31   9.61256623E-02
          32   8.93713310E-02
          33   8.42306614E-02
          34   7.90899992E-02
          35   7.42039979E-02
          36   6.93179965E-02
          37   6.45923316E-02
          38   5.98666668E-02
          39   5.68263344E-02
          40   5.37860021E-02
          41   4.96106669E-02
          42   4.54353355E-02
          43   4.27739993E-02
          44   4.01126668E-02
          45   3.75379995E-02
          46   3.49633321E-02
          47   3.18453312E-02
          48   2.87273321E-02
          49   2.75536664E-02
          50   2.63800006E-02
          51   2.50923336E-02
          52   2.38046665E-02
          53   2.15050001E-02
          54   1.92053337E-02
          55   1.73599999E-02
          56   1.55146662E-02
          57   1.44546665E-02
          58   1.33946668E-02
          59   1.27530005E-02
          60   1.21113341E-02
          61   1.13187004E-02
          62   1.05260666E-02
          63   9.82306711E-03
          64   9.12006665E-03
          65   8.50956701E-03
          66   7.89906643E-03
          67   7.24323327E-03
          68   6.58740010E-03
          69   6.16283342E-03
          70   5.73826674E-03
          71   5.23356674E-03
          72   4.72886674E-03
          73   4.34333365E-03
          74   3.95780010E-03
          75   3.58313322E-03
          76   3.20846657E-03
          77   2.88253324E-03
          78   2.55659991E-03
          79   2.33486667E-03
          80   2.11313344E-03
          81   2.07093335E-03
          82   2.02873326E-03
          83   1.97419990E-03
          84   1.91966665E-03
          85   1.77083327E-03
          86   1.62200001E-03
          87   1.52556668E-03
          88   1.42913335E-03
          89   1.34389999E-03
          90   1.25866663E-03
          91   1.18510006E-03
          92   1.11153338E-03
          93   1.07010000E-03
          94   1.02866662E-03
          95   9.92546673E-04
          96   9.56426666E-04
          97   9.67473374E-04
          98   9.78520024E-04
          99   1.00046000E-03
         100   1.02239999E-03
         101   1.00866007E-03
         102   9.94920032E-04
         103   9.81013291E-04
         104   9.67106665E-04
         105   9.81643330E-04
         106   9.96179995E-04
         107   1.00883329E-03
         108   1.02148671E-03
         109   1.04801008E-03
         110   1.07453333E-03
         111   1.06326665E-03
         112   1.05199998E-03
         113   1.05476659E-03
         114   1.05753331E-03
         115   1.17936661E-03
         116   1.30120001E-03
         117   1.43539999E-03
         118   1.56959996E-03
         119   1.69419998E-03
         120   1.81880000E-03
         121   1.93749997E-03
         122   2.05620006E-03
         123   2.16999999E-03
         124   2.28379993E-03
         125   2.27533327E-03
         126   2.26686662E-03
         127   2.25333334E-03
         128   2.23980006E-03
         129   2.33309995E-03
         130   2.42640008E-03
         131   2.57633347E-03
         132   2.72626686E-03
         133   3.07076657E-03
         134   3.41526652E-03
         135   4.68956679E-03
         136   5.96386660E-03
         137   7.52596650E-03
         138   9.08806641E-03
         139   1.10847000E-02
         140   1.30813336E-02
         141   1.37586668E-02
         142   1.44360000E-02
         143   1.31780002E-02
         144   1.19199995E-02
         145   9.98499990E-03
         146   8.05000030E-03
         147   7.37126684E-03
         148   6.69253338E-03
         149   6.82273321E-03
         150   6.95293350E-03
         151   6.81916671E-03
         152   6.68539992E-03
         153   6.47770008E-03
         154   6.27000025E-03
         155   6.17983378E-03
         156   6.08966686E-03
         157   5.92256663E-03
         158   5.75546641E-03
         159   5.58150001E-03
         160   5.40753361E-03
         161   5.44240046E-03
         162   5.47726685E-03
         163   5.43893315E-03
         164   5.40059991E-03
         165   5.37716690E-03
         166   5.35373343E-03
         167   5.29143307E-03
         168   5.22913318E-03
         169   5.35603333E-03
         170   5.48293348E-03
         171   5.76779991E-03
         172   6.05266681E-03
         173   6.28816662E-03
         174   6.52366644E-03
         175   8.05949979E-03
         176   9.59533360E-03
         177   1.46333333E-02
         178   1.96713321E-02
         179   2.54819989E-02
         180   3.12926657E-02
