 scat/ext   1.00000000    
           0   258.828583    
           1   84.3028564    
           2   8.10514355    
           3   2.50257134    
           4   1.26685715    
           5  0.807571411    
           6  0.607428551    
           7  0.518485725    
           8  0.429542869    
           9  0.390228570    
          10  0.350914299    
          11  0.326371431    
          12  0.301828593    
          13  0.285528600    
          14  0.269228578    
          15  0.254214287    
          16  0.239199996    
          17  0.225299999    
          18  0.211400002    
          19  0.199857146    
          20  0.188314289    
          21  0.177971423    
          22  0.167628571    
          23  0.157942861    
          24  0.148257136    
          25  0.140599996    
          26  0.132942855    
          27  0.126071423    
          28  0.119199999    
          29  0.111298576    
          30  0.103397146    
          31   9.64228585E-02
          32   8.94485712E-02
          33   8.43842849E-02
          34   7.93199986E-02
          35   7.41428584E-02
          36   6.89657182E-02
          37   6.39971495E-02
          38   5.90285733E-02
          39   5.63028604E-02
          40   5.35771437E-02
          41   4.98742834E-02
          42   4.61714268E-02
          43   4.29357141E-02
          44   3.97000015E-02
          45   3.79885733E-02
          46   3.62771414E-02
          47   3.23128551E-02
          48   2.83485707E-02
          49   2.68114284E-02
          50   2.52742860E-02
          51   2.45057158E-02
          52   2.37371437E-02
          53   2.16257144E-02
          54   1.95142850E-02
          55   1.73228569E-02
          56   1.51314288E-02
          57   1.37671428E-02
          58   1.24028567E-02
          59   1.16942860E-02
          60   1.09857144E-02
          61   1.03171431E-02
          62   9.64857172E-03
          63   9.11014341E-03
          64   8.57171416E-03
          65   8.01314227E-03
          66   7.45457131E-03
          67   6.83028530E-03
          68   6.20599976E-03
          69   5.76657150E-03
          70   5.32714278E-03
          71   4.84928582E-03
          72   4.37142840E-03
          73   3.96228582E-03
          74   3.55314277E-03
          75   3.24842846E-03
          76   2.94371415E-03
          77   2.69057136E-03
          78   2.43742857E-03
          79   2.24814285E-03
          80   2.05885712E-03
          81   2.00628582E-03
          82   1.95371429E-03
          83   1.86099997E-03
          84   1.76828576E-03
          85   1.63671433E-03
          86   1.50514289E-03
          87   1.36414287E-03
          88   1.22314284E-03
          89   1.23671431E-03
          90   1.25028577E-03
          91   1.18642859E-03
          92   1.12257141E-03
          93   1.08830002E-03
          94   1.05402863E-03
          95   9.78357159E-04
          96   9.02685686E-04
          97   9.06757137E-04
          98   9.10828589E-04
          99   9.32814321E-04
         100   9.54799994E-04
         101   9.69514251E-04
         102   9.84228565E-04
         103   9.56971431E-04
         104   9.29714297E-04
         105   9.35771444E-04
         106   9.41828592E-04
         107   9.71200003E-04
         108   1.00057141E-03
         109   1.01402856E-03
         110   1.02748570E-03
         111   1.02302851E-03
         112   1.01857143E-03
         113   1.03957136E-03
         114   1.06057141E-03
         115   1.16657140E-03
         116   1.27257139E-03
         117   1.39928563E-03
         118   1.52599998E-03
         119   1.60500000E-03
         120   1.68400002E-03
         121   1.78100006E-03
         122   1.87799998E-03
         123   2.01157131E-03
         124   2.14514276E-03
         125   2.26657139E-03
         126   2.38800002E-03
         127   2.23057158E-03
         128   2.07314291E-03
         129   2.12685717E-03
         130   2.18057144E-03
         131   2.49928562E-03
         132   2.81800004E-03
         133   3.01385717E-03
         134   3.20971431E-03
         135   4.43771388E-03
         136   5.66571392E-03
         137   7.45785702E-03
         138   9.25000012E-03
         139   1.12835709E-02
         140   1.33171426E-02
         141   1.38528571E-02
         142   1.43885715E-02
         143   1.32800005E-02
         144   1.21714287E-02
         145   9.74142831E-03
         146   7.31142843E-03
         147   7.04914285E-03
         148   6.78685727E-03
         149   6.80014305E-03
         150   6.81342883E-03
         151   6.85985759E-03
         152   6.90628588E-03
         153   6.53271470E-03
         154   6.15914306E-03
         155   5.72657119E-03
         156   5.29399980E-03
         157   5.58314286E-03
         158   5.87228592E-03
         159   5.49514312E-03
         160   5.11799986E-03
         161   5.12671424E-03
         162   5.13542863E-03
         163   5.19028585E-03
         164   5.24514262E-03
         165   5.27642854E-03
         166   5.30771445E-03
         167   5.33142872E-03
         168   5.35514299E-03
         169   5.32471435E-03
         170   5.29428571E-03
         171   5.27899992E-03
         172   5.26371412E-03
         173   5.54357143E-03
         174   5.82342874E-03
         175   7.03485729E-03
         176   8.24628584E-03
         177   1.26417140E-02
         178   1.70371421E-02
         179   2.27785707E-02
         180   2.85199992E-02
