 scat/ext   1.00000000    
           0   450.092865    
           1   68.7264252    
           2   5.74514294    
           3   1.99858570    
           4   1.04094148    
           5  0.691467166    
           6  0.535055697    
           7  0.464893579    
           8  0.394731432    
           9  0.363865733    
          10  0.333000004    
          11  0.313529998    
          12  0.294059992    
          13  0.277552843    
          14  0.261045724    
          15  0.247867867    
          16  0.234690011    
          17  0.222227871    
          18  0.209765717    
          19  0.197284997    
          20  0.184804291    
          21  0.175077856    
          22  0.165351421    
          23  0.156292856    
          24  0.147234291    
          25  0.139607146    
          26  0.131980002    
          27  0.123830713    
          28  0.115681425    
          29  0.107543923    
          30   9.94064212E-02
          31   9.39142108E-02
          32   8.84220004E-02
          33   8.52806419E-02
          34   8.21392834E-02
          35   7.40272105E-02
          36   6.59151450E-02
          37   6.48692101E-02
          38   6.38232827E-02
          39   5.64270690E-02
          40   4.90308590E-02
          41   4.81068566E-02
          42   4.71828580E-02
          43   4.17794287E-02
          44   3.63759995E-02
          45   3.58865000E-02
          46   3.53970006E-02
          47   3.29511426E-02
          48   3.05052847E-02
          49   2.71132849E-02
          50   2.37212852E-02
          51   2.31266432E-02
          52   2.25319993E-02
          53   2.14171410E-02
          54   2.03022845E-02
          55   1.86315700E-02
          56   1.69608556E-02
          57   1.53132845E-02
          58   1.36657143E-02
          59   1.23473573E-02
          60   1.10289995E-02
          61   1.01404497E-02
          62   9.25190002E-03
          63   8.55122879E-03
          64   7.85055663E-03
          65   7.24162813E-03
          66   6.63270010E-03
          67   6.11055735E-03
          68   5.58841415E-03
          69   5.18359290E-03
          70   4.77877166E-03
          71   4.33162879E-03
          72   3.88448592E-03
          73   3.52637866E-03
          74   3.16827139E-03
          75   2.95557152E-03
          76   2.74287164E-03
          77   2.61223572E-03
          78   2.48159980E-03
          79   2.30627856E-03
          80   2.13095732E-03
          81   1.95908593E-03
          82   1.78721431E-03
          83   1.70130003E-03
          84   1.61538576E-03
          85   1.46473572E-03
          86   1.31408568E-03
          87   1.25389278E-03
          88   1.19369989E-03
          89   1.14484492E-03
          90   1.09598995E-03
          91   1.07312924E-03
          92   1.05026853E-03
          93   9.74777155E-04
          94   8.99285718E-04
          95   9.17802856E-04
          96   9.36319993E-04
          97   8.92354292E-04
          98   8.48388532E-04
          99   8.46373558E-04
         100   8.44358583E-04
         101   8.57804320E-04
         102   8.71249998E-04
         103   8.64477130E-04
         104   8.57704319E-04
         105   8.85134330E-04
         106   9.12564283E-04
         107   9.38849291E-04
         108   9.65134299E-04
         109   9.89604276E-04
         110   1.01407431E-03
         111   1.01238722E-03
         112   1.01070001E-03
         113   1.02039007E-03
         114   1.03008002E-03
         115   1.07113284E-03
         116   1.11218565E-03
         117   1.27834280E-03
         118   1.44449994E-03
         119   1.64527143E-03
         120   1.84604293E-03
         121   2.06521433E-03
         122   2.28438573E-03
         123   2.29897141E-03
         124   2.31355708E-03
         125   2.19092844E-03
         126   2.06830003E-03
         127   2.08307849E-03
         128   2.09785718E-03
         129   1.90030003E-03
         130   1.70274288E-03
         131   1.64623640E-03
         132   1.58972992E-03
         133   2.00792216E-03
         134   2.42611440E-03
         135   3.45672155E-03
         136   4.48732870E-03
         137   6.47479948E-03
         138   8.46227072E-03
         139   1.13307070E-02
         140   1.41991433E-02
         141   1.51976431E-02
         142   1.61961429E-02
         143   1.36291431E-02
         144   1.10621434E-02
         145   9.10359994E-03
         146   7.14505697E-03
         147   7.17552844E-03
         148   7.20599992E-03
         149   7.27193570E-03
         150   7.33787147E-03
         151   6.99862838E-03
         152   6.65938575E-03
         153   6.41439296E-03
         154   6.16940018E-03
         155   6.10200036E-03
         156   6.03460008E-03
         157   5.73472120E-03
         158   5.43484278E-03
         159   5.37364278E-03
         160   5.31244278E-03
         161   5.31900022E-03
         162   5.32555720E-03
         163   5.09700738E-03
         164   4.86845709E-03
         165   4.89045726E-03
         166   4.91245743E-03
         167   4.91493568E-03
         168   4.91741393E-03
         169   4.91230004E-03
         170   4.90718568E-03
         171   5.06248605E-03
         172   5.21778595E-03
         173   5.57269994E-03
         174   5.92761394E-03
         175   6.72627101E-03
         176   7.52492808E-03
         177   1.04803136E-02
         178   1.34356990E-02
         179   2.09880639E-02
         180   2.85404287E-02
