 scat/ext   1.00000000    
           0   910.500000    
           1   33.6800003    
           2   4.11600018    
           3   1.45299995    
           4  0.801699996    
           5  0.568199992    
           6  0.468600005    
           7  0.419400007    
           8  0.370200008    
           9  0.348699987    
          10  0.327199996    
          11  0.307950020    
          12  0.288700014    
          13  0.271300018    
          14  0.253899992    
          15  0.240449995    
          16  0.226999998    
          17  0.214749992    
          18  0.202500001    
          19  0.193350002    
          20  0.184200004    
          21  0.178750008    
          22  0.173299998    
          23  0.166850001    
          24  0.160400003    
          25  0.149199992    
          26  0.137999997    
          27  0.123099998    
          28  0.108199999    
          29  0.104399994    
          30  0.100599997    
          31   9.79949981E-02
          32   9.53899994E-02
          33   8.67899954E-02
          34   7.81899989E-02
          35   7.44249970E-02
          36   7.06600025E-02
          37   6.57500029E-02
          38   6.08399995E-02
          39   5.56199998E-02
          40   5.04000001E-02
          41   4.83900011E-02
          42   4.63799983E-02
          43   4.46249992E-02
          44   4.28700000E-02
          45   3.80650014E-02
          46   3.32599990E-02
          47   3.16649973E-02
          48   3.00699994E-02
          49   2.87749991E-02
          50   2.74800006E-02
          51   2.40500011E-02
          52   2.06199996E-02
          53   1.97100006E-02
          54   1.87999997E-02
          55   1.75400004E-02
          56   1.62799992E-02
          57   1.47599997E-02
          58   1.32400002E-02
          59   1.23450002E-02
          60   1.14500001E-02
          61   1.07850004E-02
          62   1.01199998E-02
          63   9.45599936E-03
          64   8.79199989E-03
          65   8.00700020E-03
          66   7.22200004E-03
          67   6.63600024E-03
          68   6.04999997E-03
          69   5.39349997E-03
          70   4.73699998E-03
          71   4.31750016E-03
          72   3.89800011E-03
          73   3.50400014E-03
          74   3.10999993E-03
          75   2.83199991E-03
          76   2.55399989E-03
          77   2.43499991E-03
          78   2.31599994E-03
          79   2.11449992E-03
          80   1.91300001E-03
          81   1.76950009E-03
          82   1.62600004E-03
          83   1.56800007E-03
          84   1.50999997E-03
          85   1.37650000E-03
          86   1.24300004E-03
          87   1.17200008E-03
          88   1.10100000E-03
          89   9.98049974E-04
          90   8.95100005E-04
          91   8.73749959E-04
          92   8.52399971E-04
          93   8.52599973E-04
          94   8.52799974E-04
          95   8.13549967E-04
          96   7.74300017E-04
          97   7.61499978E-04
          98   7.48699997E-04
          99   7.54849985E-04
         100   7.60999974E-04
         101   7.72850006E-04
         102   7.84699980E-04
         103   7.87199999E-04
         104   7.89700018E-04
         105   8.68750038E-04
         106   9.47799999E-04
         107   9.98399919E-04
         108   1.04899995E-03
         109   1.03549997E-03
         110   1.02199998E-03
         111   1.02149998E-03
         112   1.02099997E-03
         113   1.06799998E-03
         114   1.11499999E-03
         115   1.08149997E-03
         116   1.04799995E-03
         117   1.26649998E-03
         118   1.48500002E-03
         119   1.80749991E-03
         120   2.12999992E-03
         121   2.33200006E-03
         122   2.53399997E-03
         123   2.49450002E-03
         124   2.45500007E-03
         125   2.27100006E-03
         126   2.08700006E-03
         127   1.77650002E-03
         128   1.46599999E-03
         129   1.41200004E-03
         130   1.35799998E-03
         131   1.13905000E-03
         132   9.20100021E-04
         133   1.02604995E-03
         134   1.13200000E-03
         135   1.55399996E-03
         136   1.97599991E-03
         137   3.68600013E-03
         138   5.39600011E-03
         139   9.23800003E-03
         140   1.30799999E-02
         141   1.63950007E-02
         142   1.97100006E-02
         143   1.59150008E-02
         144   1.21200001E-02
         145   9.71649960E-03
         146   7.31300004E-03
         147   7.87550025E-03
         148   8.43800046E-03
         149   8.16350058E-03
         150   7.88899977E-03
         151   7.68150017E-03
         152   7.47400010E-03
         153   7.09700026E-03
         154   6.71999995E-03
         155   6.53650006E-03
         156   6.35300018E-03
         157   6.04300015E-03
         158   5.73300011E-03
         159   5.70400013E-03
         160   5.67500014E-03
         161   5.40299993E-03
         162   5.13100019E-03
         163   5.09750005E-03
         164   5.06399991E-03
         165   4.94549982E-03
         166   4.82700020E-03
         167   4.69100010E-03
         168   4.55499999E-03
         169   4.57650004E-03
         170   4.59800009E-03
         171   4.38649999E-03
         172   4.17499989E-03
         173   4.55900002E-03
         174   4.94300015E-03
         175   5.22650033E-03
         176   5.51000005E-03
         177   7.73049984E-03
         178   9.95100010E-03
         179   2.13504992E-02
         180   3.27499993E-02
