 scat/ext   1.00000000    
           0   234.899994    
           1   85.2300034    
           2   8.71899986    
           3   2.58999991    
           4   1.31099999    
           5  0.830100000    
           6  0.619899988    
           7  0.527350008    
           8  0.434799999    
           9  0.394299984    
          10  0.353799999    
          11  0.328249991    
          12  0.302700013    
          13  0.286700010    
          14  0.270700008    
          15  0.255349994    
          16  0.239999995    
          17  0.225499988    
          18  0.210999995    
          19  0.200149998    
          20  0.189300001    
          21  0.178649992    
          22  0.167999998    
          23  0.158100009    
          24  0.148200005    
          25  0.140550002    
          26  0.132900000    
          27  0.126199991    
          28  0.119499996    
          29  0.111949995    
          30  0.104400001    
          31   9.70750004E-02
          32   8.97499993E-02
          33   8.44700038E-02
          34   7.91900009E-02
          35   7.40099996E-02
          36   6.88299984E-02
          37   6.39950037E-02
          38   5.91600016E-02
          39   5.62999994E-02
          40   5.34400009E-02
          41   5.00700027E-02
          42   4.67000008E-02
          43   4.32050005E-02
          44   3.97100002E-02
          45   3.81649993E-02
          46   3.66199985E-02
          47   3.25649977E-02
          48   2.85100006E-02
          49   2.68050004E-02
          50   2.51000002E-02
          51   2.44750008E-02
          52   2.38499995E-02
          53   2.18049996E-02
          54   1.97599996E-02
          55   1.74099989E-02
          56   1.50600001E-02
          57   1.36150001E-02
          58   1.21700000E-02
          59   1.14850001E-02
          60   1.08000003E-02
          61   1.01615004E-02
          62   9.52299964E-03
          63   9.02399980E-03
          64   8.52499995E-03
          65   8.02200008E-03
          66   7.51900021E-03
          67   6.87250029E-03
          68   6.22599991E-03
          69   5.79049997E-03
          70   5.35500003E-03
          71   4.87449998E-03
          72   4.39399993E-03
          73   3.96549981E-03
          74   3.53699992E-03
          75   3.23450007E-03
          76   2.93199997E-03
          77   2.67399987E-03
          78   2.41600000E-03
          79   2.23500002E-03
          80   2.05400004E-03
          81   2.02549994E-03
          82   1.99700007E-03
          83   1.90250005E-03
          84   1.80800003E-03
          85   1.67100003E-03
          86   1.53400004E-03
          87   1.37550000E-03
          88   1.21699995E-03
          89   1.24250003E-03
          90   1.26799999E-03
          91   1.20349997E-03
          92   1.13900006E-03
          93   1.10800005E-03
          94   1.07700005E-03
          95   9.85600054E-04
          96   8.94199999E-04
          97   9.05800029E-04
          98   9.17400001E-04
          99   9.37549979E-04
         100   9.57700016E-04
         101   9.73099959E-04
         102   9.88499960E-04
         103   9.66499967E-04
         104   9.44499974E-04
         105   9.50800022E-04
         106   9.57100012E-04
         107   9.92050045E-04
         108   1.02700002E-03
         109   1.04050001E-03
         110   1.05399999E-03
         111   1.02950004E-03
         112   1.00499997E-03
         113   1.04749994E-03
         114   1.09000003E-03
         115   1.20249996E-03
         116   1.31500000E-03
         117   1.43499998E-03
         118   1.55499997E-03
         119   1.60899991E-03
         120   1.66299997E-03
         121   1.74199999E-03
         122   1.82100001E-03
         123   1.96000002E-03
         124   2.09899992E-03
         125   2.25899997E-03
         126   2.41900003E-03
         127   2.27750000E-03
         128   2.13599997E-03
         129   2.19450006E-03
         130   2.25299993E-03
         131   2.61700014E-03
         132   2.98100011E-03
         133   3.16550001E-03
         134   3.34999990E-03
         135   4.53849975E-03
         136   5.72700007E-03
         137   7.51550030E-03
         138   9.30400006E-03
         139   1.12069994E-02
         140   1.31099997E-02
         141   1.36399996E-02
         142   1.41700003E-02
         143   1.33699998E-02
         144   1.25700003E-02
         145   1.00114997E-02
         146   7.45300017E-03
         147   7.09750038E-03
         148   6.74200011E-03
         149   6.72950037E-03
         150   6.71700016E-03
         151   6.88300002E-03
         152   7.04899989E-03
         153   6.56200014E-03
         154   6.07499992E-03
         155   5.65399975E-03
         156   5.23300003E-03
         157   5.59700001E-03
         158   5.96099999E-03
         159   5.55550028E-03
         160   5.15000010E-03
         161   5.11800032E-03
         162   5.08600008E-03
         163   5.20099979E-03
         164   5.31599997E-03
         165   5.39049972E-03
         166   5.46499994E-03
         167   5.41550014E-03
         168   5.36599988E-03
         169   5.38299978E-03
         170   5.40000014E-03
         171   5.31250006E-03
         172   5.22499997E-03
         173   5.54649998E-03
         174   5.86799998E-03
         175   7.13500008E-03
         176   8.40200018E-03
         177   1.31209996E-02
         178   1.78399999E-02
         179   2.27049999E-02
         180   2.75699999E-02
