 scat/ext   1.00000000    
           0   523.185730    
           1   61.2628555    
           2   5.34628534    
           3   1.86717141    
           4  0.984882832    
           5  0.661634326    
           6  0.516011417    
           7   6.07050955E-02
           8  0.389262855    
           9  0.357731432    
          10  0.326200008    
          11  0.307410002    
          12  0.288619995    
          13  0.273005724    
          14  0.257391453    
          15  0.244535729    
          16  0.231680006    
          17  0.219155729    
          18  0.206631437    
          19  0.194770008    
          20  0.182908580    
          21  0.172555715    
          22  0.162202850    
          23  0.153935701    
          24  0.145668566    
          25  0.139514282    
          26  0.133359998    
          27  0.126211435    
          28  0.119062856    
          29  0.109482855    
          30   9.99028534E-02
          31   9.33084264E-02
          32   8.67139995E-02
          33   8.44062865E-02
          34   8.20985734E-02
          35   7.48444349E-02
          36   6.75902888E-02
          37   6.54034317E-02
          38   6.32165745E-02
          39   5.69391474E-02
          40   5.06617166E-02
          41   4.93137166E-02
          42   4.79657128E-02
          43   4.25138548E-02
          44   3.70620005E-02
          45   3.64729986E-02
          46   3.58840004E-02
          47   3.30272838E-02
          48   3.01705711E-02
          49   2.73115709E-02
          50   2.44525708E-02
          51   2.30582841E-02
          52   2.16639992E-02
          53   2.05542855E-02
          54   1.94445718E-02
          55   1.78731419E-02
          56   1.63017139E-02
          57   1.48665719E-02
          58   1.34314289E-02
          59   1.21747144E-02
          60   1.09179998E-02
          61   1.00634005E-02
          62   9.20880027E-03
          63   8.46045744E-03
          64   7.71211414E-03
          65   7.11625721E-03
          66   6.52040029E-03
          67   5.97311463E-03
          68   5.42582851E-03
          69   4.99518588E-03
          70   4.56454279E-03
          71   4.19775723E-03
          72   3.83097143E-03
          73   3.52325710E-03
          74   3.21554276E-03
          75   3.01414286E-03
          76   2.81274295E-03
          77   2.62397155E-03
          78   2.43519992E-03
          79   2.22755712E-03
          80   2.01991433E-03
          81   1.87867146E-03
          82   1.73742860E-03
          83   1.66160008E-03
          84   1.58577145E-03
          85   1.43547147E-03
          86   1.28517149E-03
          87   1.24328572E-03
          88   1.20139995E-03
          89   1.13719003E-03
          90   1.07298000E-03
          91   1.05375855E-03
          92   1.03453710E-03
          93   9.44954227E-04
          94   8.55371414E-04
          95   8.86955706E-04
          96   9.18539998E-04
          97   9.00308602E-04
          98   8.82077147E-04
          99   8.53247126E-04
         100   8.24417162E-04
         101   8.09358549E-04
         102   7.94299995E-04
         103   8.27054260E-04
         104   8.59808584E-04
         105   8.90518539E-04
         106   9.21228551E-04
         107   9.39748599E-04
         108   9.58268589E-04
         109   9.49208566E-04
         110   9.40148544E-04
         111   9.65274288E-04
         112   9.90399974E-04
         113   1.02477998E-03
         114   1.05915999E-03
         115   1.05426577E-03
         116   1.04937144E-03
         117   1.22318580E-03
         118   1.39700004E-03
         119   1.64704281E-03
         120   1.89708569E-03
         121   2.12042872E-03
         122   2.34377151E-03
         123   2.27544294E-03
         124   2.20711436E-03
         125   2.22185720E-03
         126   2.23660003E-03
         127   2.09615706E-03
         128   1.95571431E-03
         129   1.70859997E-03
         130   1.46148575E-03
         131   1.50497281E-03
         132   1.54845999E-03
         133   1.76934432E-03
         134   1.99022866E-03
         135   2.95294309E-03
         136   3.91565729E-03
         137   5.99560002E-03
         138   8.07554275E-03
         139   1.11069139E-02
         140   1.41382860E-02
         141   1.53852850E-02
         142   1.66322850E-02
         143   1.38032855E-02
         144   1.09742861E-02
         145   8.96169990E-03
         146   6.94911415E-03
         147   7.20255729E-03
         148   7.45599996E-03
         149   7.39187142E-03
         150   7.32774287E-03
         151   6.96175732E-03
         152   6.59577129E-03
         153   6.29428588E-03
         154   5.99280000E-03
         155   6.06650021E-03
         156   6.14019996E-03
         157   5.76894265E-03
         158   5.39768580E-03
         159   5.30628581E-03
         160   5.21488581E-03
         161   5.29300002E-03
         162   5.37111424E-03
         163   5.09501435E-03
         164   4.81891446E-03
         165   4.86741448E-03
         166   4.91591450E-03
         167   4.81837150E-03
         168   4.72082850E-03
         169   4.85709962E-03
         170   4.99337120E-03
         171   4.98947129E-03
         172   4.98557137E-03
         173   5.26939984E-03
         174   5.55322831E-03
         175   6.31104270E-03
         176   7.06885708E-03
         177   9.90012847E-03
         178   1.27313994E-02
         179   2.10261289E-02
         180   2.93208584E-02
