 scat/ext   1.00000000    
           0   329.960022    
           1   80.4860001    
           2   6.63280010    
           3   2.25720000    
           4   1.14979994    
           5  0.745299995    
           6  0.574259996    
           7  0.493709981    
           8  0.413159996    
           9  0.377640009    
          10  0.342119992    
          11  0.321489990    
          12  0.300859988    
          13  0.281499982    
          14  0.262140006    
          15  0.249200001    
          16  0.236259997    
          17  0.224819988    
          18  0.213379994    
          19  0.199800000    
          20  0.186220005    
          21  0.176800013    
          22  0.167380005    
          23  0.158610001    
          24  0.149839997    
          25  0.141180009    
          26  0.132520005    
          27  0.123330005    
          28  0.114140004    
          29  0.107080996    
          30  0.100021996    
          31   9.47919935E-02
          32   8.95619988E-02
          33   8.41909945E-02
          34   7.88199976E-02
          35   7.43739977E-02
          36   6.99279979E-02
          37   6.41790032E-02
          38   5.84300011E-02
          39   5.64270020E-02
          40   5.44239990E-02
          41   4.87959981E-02
          42   4.31680009E-02
          43   4.20489982E-02
          44   4.09299992E-02
          45   3.72520015E-02
          46   3.35740000E-02
          47   3.11110001E-02
          48   2.86480002E-02
          49   2.77989991E-02
          50   2.69499999E-02
          51   2.48590000E-02
          52   2.27680001E-02
          53   2.03680005E-02
          54   1.79680008E-02
          55   1.69259999E-02
          56   1.58839989E-02
          57   1.50399990E-02
          58   1.41960001E-02
          59   1.32679995E-02
          60   1.23399999E-02
          61   1.14914998E-02
          62   1.06429998E-02
          63   9.85240005E-03
          64   9.06179938E-03
          65   8.22179951E-03
          66   7.38180010E-03
          67   6.86360011E-03
          68   6.34540012E-03
          69   5.88760013E-03
          70   5.42980013E-03
          71   4.94629983E-03
          72   4.46279999E-03
          73   4.10789996E-03
          74   3.75300017E-03
          75   3.44140013E-03
          76   3.12980008E-03
          77   2.88650021E-03
          78   2.64320010E-03
          79   2.43900018E-03
          80   2.23480002E-03
          81   2.02309992E-03
          82   1.81140006E-03
          83   1.77219999E-03
          84   1.73299992E-03
          85   1.56320003E-03
          86   1.39340002E-03
          87   1.36730005E-03
          88   1.34119997E-03
          89   1.26569998E-03
          90   1.19019998E-03
          91   1.15210004E-03
          92   1.11399998E-03
          93   1.02615997E-03
          94   9.38320009E-04
          95   9.78969969E-04
          96   1.01961999E-03
          97   9.75559989E-04
          98   9.31499992E-04
          99   9.46420012E-04
         100   9.61340033E-04
         101   9.87090054E-04
         102   1.01284008E-03
         103   9.58540011E-04
         104   9.04240005E-04
         105   9.00510000E-04
         106   8.96779995E-04
         107   8.96350015E-04
         108   8.95919977E-04
         109   9.14079952E-04
         110   9.32239986E-04
         111   1.00121996E-03
         112   1.07020000E-03
         113   1.01703999E-03
         114   9.63879982E-04
         115   1.05343992E-03
         116   1.14299997E-03
         117   1.31109997E-03
         118   1.47919997E-03
         119   1.66109996E-03
         120   1.84300006E-03
         121   2.00239988E-03
         122   2.16179993E-03
         123   2.29969993E-03
         124   2.43759993E-03
         125   2.31759995E-03
         126   2.19759997E-03
         127   2.01479997E-03
         128   1.83199998E-03
         129   1.85799995E-03
         130   1.88400003E-03
         131   2.00590002E-03
         132   2.12779990E-03
         133   2.49890005E-03
         134   2.86999997E-03
         135   4.14610002E-03
         136   5.42220008E-03
         137   7.15560000E-03
         138   8.88899993E-03
         139   1.11584999E-02
         140   1.34279998E-02
         141   1.43579999E-02
         142   1.52880000E-02
         143   1.30349994E-02
         144   1.07819997E-02
         145   9.09950025E-03
         146   7.41699990E-03
         147   7.21209962E-03
         148   7.00719981E-03
         149   7.11079966E-03
         150   7.21439999E-03
         151   6.80069998E-03
         152   6.38699997E-03
         153   6.53890008E-03
         154   6.69080019E-03
         155   6.25590002E-03
         156   5.82099985E-03
         157   5.67370001E-03
         158   5.52639971E-03
         159   5.47660002E-03
         160   5.42680034E-03
         161   5.45740034E-03
         162   5.48799988E-03
         163   5.37099969E-03
         164   5.25399996E-03
         165   5.01189986E-03
         166   4.76979977E-03
         167   5.06709982E-03
         168   5.36439987E-03
         169   5.23350015E-03
         170   5.10259997E-03
         171   5.48509974E-03
         172   5.86759998E-03
         173   6.03399985E-03
         174   6.20040018E-03
         175   7.34310038E-03
         176   8.48580059E-03
         177   1.17569007E-02
         178   1.50279999E-02
         179   2.45220009E-02
         180   3.40160020E-02
