 scat/ext   1.00000000    
           0   290.786682    
           1   83.0619965    
           2   7.28426695    
           3   2.38439989    
           4   1.21126664    
           5  0.778033316    
           6  0.590953350    
           7  0.506536663    
           8  0.422120005    
           9  0.384513319    
          10  0.346906662    
          11  0.323563337    
          12  0.300219983    
          13  0.283366680    
          14  0.266513348    
          15  0.252200007    
          16  0.237886667    
          17  0.224706665    
          18  0.211526662    
          19  0.199566662    
          20  0.187606663    
          21  0.177466661    
          22  0.167326674    
          23  0.157903343    
          24  0.148479998    
          25  0.140760005    
          26  0.133040011    
          27  0.125443339    
          28  0.117846668    
          29  0.110127002    
          30  0.102407336    
          31   9.56873298E-02
          32   8.89673308E-02
          33   8.42169970E-02
          34   7.94666708E-02
          35   7.43046701E-02
          36   6.91426694E-02
          37   6.39630035E-02
          38   5.87833337E-02
          39   5.63056692E-02
          40   5.38280010E-02
          41   4.96520028E-02
          42   4.54760008E-02
          43   4.25763354E-02
          44   3.96766663E-02
          45   3.77573334E-02
          46   3.58380005E-02
          47   3.19836661E-02
          48   2.81293336E-02
          49   2.68229991E-02
          50   2.55166665E-02
          51   2.45096665E-02
          52   2.35026665E-02
          53   2.13259999E-02
          54   1.91493332E-02
          55   1.71486661E-02
          56   1.51479999E-02
          57   1.39199998E-02
          58   1.26919998E-02
          59   1.19593330E-02
          60   1.12266662E-02
          61   1.05201658E-02
          62   9.81366634E-03
          63   9.22079943E-03
          64   8.62793252E-03
          65   7.99759943E-03
          66   7.36726681E-03
          67   6.77020010E-03
          68   6.17313338E-03
          69   5.72953373E-03
          70   5.28593361E-03
          71   4.81576659E-03
          72   4.34560003E-03
          73   3.95796681E-03
          74   3.57033336E-03
          75   3.26646678E-03
          76   2.96259997E-03
          77   2.71016685E-03
          78   2.45773350E-03
          79   2.26500025E-03
          80   2.07226677E-03
          81   1.98236667E-03
          82   1.89246668E-03
          83   1.80273340E-03
          84   1.71300001E-03
          85   1.59340003E-03
          86   1.47380005E-03
          87   1.35010004E-03
          88   1.22640003E-03
          89   1.22423330E-03
          90   1.22206670E-03
          91   1.15903327E-03
          92   1.09599996E-03
          93   1.05838664E-03
          94   1.02077331E-03
          95   9.66856664E-04
          96   9.12940013E-04
          97   9.07786656E-04
          98   9.02633357E-04
          99   9.26606706E-04
         100   9.50579997E-04
         101   9.64029983E-04
         102   9.77479969E-04
         103   9.43313353E-04
         104   9.09146678E-04
         105   9.15470009E-04
         106   9.21793340E-04
         107   9.41650011E-04
         108   9.61506681E-04
         109   9.80126671E-04
         110   9.98746604E-04
         111   1.01440656E-03
         112   1.03006663E-03
         113   1.02667999E-03
         114   1.02329336E-03
         115   1.11481338E-03
         116   1.20633328E-03
         117   1.34436670E-03
         118   1.48240000E-03
         119   1.59836665E-03
         120   1.71433331E-03
         121   1.83379999E-03
         122   1.95326656E-03
         123   2.07989989E-03
         124   2.20653345E-03
         125   2.27520010E-03
         126   2.34386674E-03
         127   2.16493336E-03
         128   1.98599999E-03
         129   2.03833333E-03
         130   2.09066668E-03
         131   2.34663347E-03
         132   2.60260003E-03
         133   2.81263329E-03
         134   3.02266679E-03
         135   4.30169981E-03
         136   5.58073306E-03
         137   7.38019962E-03
         138   9.17966664E-03
         139   1.13878334E-02
         140   1.35960001E-02
         141   1.40993334E-02
         142   1.46026667E-02
         143   1.31049994E-02
         144   1.16073331E-02
         145   9.36583336E-03
         146   7.12433318E-03
         147   6.98670000E-03
         148   6.84906635E-03
         149   6.89226668E-03
         150   6.93546655E-03
         151   6.82390016E-03
         152   6.71233330E-03
         153   6.48796652E-03
         154   6.26360020E-03
         155   5.82296681E-03
         156   5.38233342E-03
         157   5.56823332E-03
         158   5.75413322E-03
         159   5.41586662E-03
         160   5.07760001E-03
         161   5.13513340E-03
         162   5.19266678E-03
         163   5.16700000E-03
         164   5.14133321E-03
         165   5.11430018E-03
         166   5.08726668E-03
         167   5.21203317E-03
         168   5.33679966E-03
         169   5.24683297E-03
         170   5.15686674E-03
         171   5.23303356E-03
         172   5.30919991E-03
         173   5.53566683E-03
         174   5.76213328E-03
         175   6.90270029E-03
         176   8.04326683E-03
         177   1.20296339E-02
         178   1.60160009E-02
         179   2.28806678E-02
         180   2.97453348E-02
