           0   911.000000               4           2
           1   911.000000               4           2
           2   911.000000               4           2
           3   911.000000               4           2
           4   911.000000               4           2
           5   911.000000               4           2
           6   911.000000               4           2
           7   911.000000               4           2
           8   911.000000               4           2
           9   911.000000               4           2
          10   911.000000               4           2
          11   911.000000               4           2
          12   911.000000               4           2
          13   911.000000               4           2
          14   911.000000               4           2
          15   911.000000               4           2
          16   911.000000               4           2
          17   911.000000               4           2
          18   911.000000               4           2
          19   911.000000               4           2
          20   911.000000               4           2
          21   911.000000               4           2
          22   911.000000               4           2
          23   911.000000               4           2
          24   911.000000               4           2
          25   911.000000               4           2
          26   911.000000               4           2
          27   911.000000               4           2
          28   911.000000               4           2
          29   911.000000               4           2
          30   911.000000               4           2
          31   911.000000               4           2
          32   911.000000               4           2
          33   911.000000               4           2
          34   911.000000               4           2
          35   911.000000               4           2
          36   911.000000               4           2
          37   911.000000               4           2
          38   911.000000               4           2
          39   911.000000               4           2
          40   911.000000               4           2
          41   911.000000               4           2
          42   911.000000               4           2
          43   911.000000               4           2
          44   911.000000               4           2
          45   911.000000               4           2
          46   911.000000               4           2
          47   911.000000               4           2
          48   911.000000               4           2
          49   911.000000               4           2
          50   911.000000               4           2
          51   911.000000               4           2
          52   911.000000               4           2
          53   911.000000               4           2
          54   911.000000               4           2
          55   911.000000               4           2
          56   911.000000               4           2
          57   911.000000               4           2
          58   911.000000               4           2
          59   911.000000               4           2
          60   911.000000               4           2
          61   911.000000               4           2
          62   911.000000               4           2
          63   911.000000               4           2
          64   911.000000               4           2
          65   911.000000               4           2
          66   911.000000               4           2
          67   911.000000               4           2
          68   911.000000               4           2
          69   911.000000               4           2
          70   911.000000               4           2
          71   911.000000               4           2
          72   911.000000               4           2
          73   911.000000               4           2
          74   911.000000               4           2
          75   911.000000               4           2
          76   911.000000               4           2
          77   911.000000               4           2
          78   911.000000               4           2
          79   911.000000               4           2
          80   911.000000               4           2
          81   911.000000               4           2
          82   911.000000               4           2
          83   911.000000               4           2
          84   911.000000               4           2
          85   911.000000               4           2
          86   911.000000               4           2
          87   911.000000               4           2
          88   911.000000               4           2
          89   911.000000               4           2
          90   911.000000               4           2
          91   911.000000               4           2
          92   911.000000               4           2
          93   911.000000               4           2
          94   911.000000               4           2
          95   911.000000               4           2
          96   911.000000               4           2
          97   911.000000               4           2
          98   911.000000               4           2
          99   911.000000               4           2
         100   911.000000               4           2
         101   911.000000               4           2
         102   911.000000               4           2
         103   911.000000               4           2
         104   911.000000               4           2
         105   911.000000               4           2
         106   911.000000               4           2
         107   911.000000               4           2
         108   911.000000               4           2
         109   911.000000               4           2
         110   911.000000               4           2
         111   911.000000               4           2
         112   911.000000               4           2
         113   911.000000               4           2
         114   911.000000               4           2
         115   911.000000               4           2
         116   911.000000               4           2
         117   911.000000               4           2
         118   911.000000               4           2
         119   911.000000               4           2
         120   911.000000               4           2
         121   911.000000               4           2
         122   911.000000               4           2
         123   911.000000               4           2
         124   911.000000               4           2
         125   911.000000               4           2
         126   911.000000               4           2
         127   911.000000               4           2
         128   911.000000               4           2
         129   911.000000               4           2
         130   911.000000               4           2
         131   911.000000               4           2
         132   911.000000               4           2
         133   911.000000               4           2
         134   911.000000               4           2
         135   911.000000               4           2
         136   911.000000               4           2
         137   911.000000               4           2
         138   911.000000               4           2
         139   911.000000               4           2
         140   911.000000               4           2
         141   911.000000               4           2
         142   911.000000               4           2
         143   911.000000               4           2
         144   911.000000               4           2
         145   911.000000               4           2
         146   911.000000               4           2
         147   911.000000               4           2
         148   911.000000               4           2
         149   911.000000               4           2
         150   911.000000               4           2
         151   911.000000               4           2
         152   911.000000               4           2
         153   911.000000               4           2
         154   911.000000               4           2
         155   911.000000               4           2
         156   911.000000               4           2
         157   911.000000               4           2
         158   911.000000               4           2
         159   911.000000               4           2
         160   911.000000               4           2
         161   911.000000               4           2
         162   911.000000               4           2
         163   911.000000               4           2
         164   911.000000               4           2
         165   911.000000               4           2
         166   911.000000               4           2
         167   911.000000               4           2
         168   911.000000               4           2
         169   911.000000               4           2
         170   911.000000               4           2
         171   911.000000               4           2
         172   911.000000               4           2
         173   911.000000               4           2
         174   911.000000               4           2
         175   911.000000               4           2
         176   911.000000               4           2
         177   911.000000               4           2
         178   911.000000               4           2
         179   911.000000               4           2
         180   911.000000               4           2
