 scat/ext   1.00000000    
           0   496.279999    
           1   63.5366669    
           2   5.44046640    
           3   1.90079999    
           4  0.999386609    
           5  0.669006646    
           6  0.519913375    
           7   2.28227675E-02
           8  0.391359985    
           9  0.358889997    
          10  0.326420009    
          11  0.307863355    
          12  0.289306670    
          13  0.273820013    
          14  0.258333355    
          15  0.245520011    
          16  0.232706666    
          17  0.220010012    
          18  0.207313344    
          19  0.195373341    
          20  0.183433339    
          21  0.172976673    
          22  0.162519991    
          23  0.154349983    
          24  0.146179989    
          25  0.139983326    
          26  0.133786663    
          27  0.126526669    
          28  0.119266666    
          29  0.109196663    
          30   9.91266668E-02
          31   9.31343362E-02
          32   8.71420056E-02
          33   8.47910047E-02
          34   8.24400038E-02
          35   7.48523325E-02
          36   6.72646686E-02
          37   6.55806661E-02
          38   6.38966709E-02
          39   5.71390018E-02
          40   5.03813326E-02
          41   4.94513325E-02
          42   4.85213324E-02
          43   4.26096655E-02
          44   3.66979986E-02
          45   3.62646654E-02
          46   3.58313322E-02
          47   3.30743343E-02
          48   3.03173326E-02
          49   2.72113327E-02
          50   2.41053328E-02
          51   2.27826666E-02
          52   2.14600004E-02
          53   2.04363335E-02
          54   1.94126666E-02
          55   1.78843327E-02
          56   1.63559988E-02
          57   1.49316657E-02
          58   1.35073336E-02
          59   1.22016668E-02
          60   1.08960001E-02
          61   1.00094667E-02
          62   9.12293326E-03
          63   8.37246701E-03
          64   7.62200030E-03
          65   7.03993347E-03
          66   6.45786664E-03
          67   5.91633329E-03
          68   5.37479995E-03
          69   4.95699979E-03
          70   4.53920010E-03
          71   4.18036664E-03
          72   3.82153341E-03
          73   3.53166671E-03
          74   3.24180000E-03
          75   3.04436684E-03
          76   2.84693344E-03
          77   2.65339995E-03
          78   2.45986669E-03
          79   2.25033332E-03
          80   2.04079994E-03
          81   1.89769990E-03
          82   1.75459997E-03
          83   1.68696675E-03
          84   1.61933340E-03
          85   1.45593332E-03
          86   1.29253336E-03
          87   1.25293341E-03
          88   1.21333334E-03
          89   1.14694331E-03
          90   1.08055340E-03
          91   1.06854667E-03
          92   1.05653994E-03
          93   9.55626601E-04
          94   8.54713318E-04
          95   8.94363329E-04
          96   9.34013340E-04
          97   9.15486657E-04
          98   8.96959973E-04
          99   8.64080037E-04
         100   8.31200043E-04
         101   8.11270031E-04
         102   7.91340019E-04
         103   8.27573356E-04
         104   8.63806694E-04
         105   8.96746642E-04
         106   9.29686648E-04
         107   9.41746635E-04
         108   9.53806681E-04
         109   9.45550040E-04
         110   9.37293342E-04
         111   9.63126658E-04
         112   9.88959917E-04
         113   1.02739327E-03
         114   1.06582663E-03
         115   1.05424668E-03
         116   1.04266661E-03
         117   1.22023327E-03
         118   1.39780005E-03
         119   1.64276664E-03
         120   1.88773335E-03
         121   2.12586671E-03
         122   2.36400007E-03
         123   2.25893338E-03
         124   2.15386669E-03
         125   2.20863335E-03
         126   2.26340001E-03
         127   2.11953325E-03
         128   1.97566673E-03
         129   1.71923335E-03
         130   1.46279996E-03
         131   1.52126665E-03
         132   1.57973333E-03
         133   1.82323332E-03
         134   2.06673332E-03
         135   3.04279989E-03
         136   4.01886646E-03
         137   6.12463290E-03
         138   8.23039934E-03
         139   1.11725330E-02
         140   1.41146667E-02
         141   1.53139997E-02
         142   1.65133327E-02
         143   1.37396660E-02
         144   1.09660001E-02
         145   8.94226693E-03
         146   6.91853324E-03
         147   7.14206649E-03
         148   7.36559974E-03
         149   7.35853333E-03
         150   7.35146692E-03
         151   6.95533352E-03
         152   6.55920012E-03
         153   6.25710003E-03
         154   5.95499994E-03
         155   6.06096629E-03
         156   6.16693310E-03
         157   5.76426648E-03
         158   5.36160031E-03
         159   5.29243331E-03
         160   5.22326678E-03
         161   5.33273350E-03
         162   5.44220023E-03
         163   5.12873381E-03
         164   4.81526693E-03
         165   4.87956684E-03
         166   4.94386675E-03
         167   4.85376641E-03
         168   4.76366654E-03
         169   4.92819957E-03
         170   5.09273307E-03
         171   5.07613318E-03
         172   5.05953329E-03
         173   5.34473360E-03
         174   5.62993344E-03
         175   6.45793322E-03
         176   7.28593301E-03
         177   1.02576995E-02
         178   1.32294660E-02
         179   2.15454008E-02
         180   2.98613347E-02
