 scat/ext   1.00000000    
           0   484.892822    
           1   58.9785690    
           2   5.24771404    
           3   1.83301425    
           4  0.969977140    
           5  0.654009998    
           6  0.512105703    
           7   9.85874087E-02
           8  0.387438565    
           9  0.356790721    
          10  0.326142848    
          11  0.307222843    
          12  0.288302839    
          13  0.272552848    
          14  0.256802857    
          15  0.243907139    
          16  0.231011420    
          17  0.218574286    
          18  0.206137151    
          19  0.194435000    
          20  0.182732850    
          21  0.172649279    
          22  0.162565708    
          23  0.154321432    
          24  0.146077141    
          25  0.139710709    
          26  0.133344278    
          27  0.125905707    
          28  0.118467145    
          29  0.109398574    
          30  0.100329995    
          31   9.36142132E-02
          32   8.68984312E-02
          33   8.43145698E-02
          34   8.17307159E-02
          35   7.48207867E-02
          36   6.79108575E-02
          37   6.53399229E-02
          38   6.27689958E-02
          39   5.67834973E-02
          40   5.07979989E-02
          41   4.92068566E-02
          42   4.76157144E-02
          43   4.25565727E-02
          44   3.74974310E-02
          45   3.66450734E-02
          46   3.57927158E-02
          47   3.29418555E-02
          48   3.00909989E-02
          49   2.74243578E-02
          50   2.47577149E-02
          51   2.32395008E-02
          52   2.17212848E-02
          53   2.05753557E-02
          54   1.94294285E-02
          55   1.78497843E-02
          56   1.62701420E-02
          57   1.48300715E-02
          58   1.33900000E-02
          59   1.21723562E-02
          60   1.09547134E-02
          61   1.01233069E-02
          62   9.29190032E-03
          63   8.54726415E-03
          64   7.80262845E-03
          65   7.19159283E-03
          66   6.58055721E-03
          67   6.02898560E-03
          68   5.47741447E-03
          69   5.03066462E-03
          70   4.58391430E-03
          71   4.21191426E-03
          72   3.83991422E-03
          73   3.51987849E-03
          74   3.19984276E-03
          75   2.99253571E-03
          76   2.78522866E-03
          77   2.60137860E-03
          78   2.41752854E-03
          79   2.21152860E-03
          80   2.00552866E-03
          81   1.86537148E-03
          82   1.72521430E-03
          83   1.64576434E-03
          84   1.56631437E-03
          85   1.42316427E-03
          86   1.28001429E-03
          87   1.23564294E-03
          88   1.19127147E-03
          89   1.12668076E-03
          90   1.06209004E-03
          91   1.03898288E-03
          92   1.01587572E-03
          93   9.35780699E-04
          94   8.55685677E-04
          95   8.80292151E-04
          96   9.04898567E-04
          97   8.87068571E-04
          98   8.69238575E-04
          99   8.43884307E-04
         100   8.18529981E-04
         101   8.07000673E-04
         102   7.95471424E-04
         103   8.25166469E-04
         104   8.54861457E-04
         105   8.86762864E-04
         106   9.18664271E-04
         107   9.41792154E-04
         108   9.64920036E-04
         109   9.54847143E-04
         110   9.44774249E-04
         111   9.68422799E-04
         112   9.92071349E-04
         113   1.02544716E-03
         114   1.05882285E-03
         115   1.05561141E-03
         116   1.05239998E-03
         117   1.22673577E-03
         118   1.40107144E-03
         119   1.65637862E-03
         120   1.91168569E-03
         121   2.12732144E-03
         122   2.34295707E-03
         123   2.29272153E-03
         124   2.24248576E-03
         125   2.22989288E-03
         126   2.21730000E-03
         127   2.07118574E-03
         128   1.92507147E-03
         129   1.69072859E-03
         130   1.45638571E-03
         131   1.48152572E-03
         132   1.50666572E-03
         133   1.71146146E-03
         134   1.91625720E-03
         135   2.84911436E-03
         136   3.78197152E-03
         137   5.83408540E-03
         138   7.88619928E-03
         139   1.09958854E-02
         140   1.41055714E-02
         141   1.54654998E-02
         142   1.68254282E-02
         143   1.39291426E-02
         144   1.10328570E-02
         145   9.00624320E-03
         146   6.97962847E-03
         147   7.26095727E-03
         148   7.54228607E-03
         149   7.44190020E-03
         150   7.34151434E-03
         151   6.99648587E-03
         152   6.65145740E-03
         153   6.34678593E-03
         154   6.04211446E-03
         155   6.09003566E-03
         156   6.13795687E-03
         157   5.78357838E-03
         158   5.42919990E-03
         159   5.32939285E-03
         160   5.22958580E-03
         161   5.27817849E-03
         162   5.32677164E-03
         163   5.07868547E-03
         164   4.83059976E-03
         165   4.86567151E-03
         166   4.90074279E-03
         167   4.79736459E-03
         168   4.69398592E-03
         169   4.81079984E-03
         170   4.92761424E-03
         171   4.91994992E-03
         172   4.91228560E-03
         173   5.20159304E-03
         174   5.49090002E-03
         175   6.19566441E-03
         176   6.90042833E-03
         177   9.63745639E-03
         178   1.23744849E-02
         179   2.07931697E-02
         180   2.92118564E-02
