 scat/ext   1.00000000    
           0   314.141418    
           1   81.0607147    
           2   7.00765705    
           3   2.32044291    
           4   1.18238568    
           5  0.763207138    
           6  0.581725717    
           7  0.499647141    
           8  0.417568564    
           9  0.381009996    
          10  0.344451427    
          11  0.321994275    
          12  0.299537122    
          13  0.282480717    
          14  0.265424281    
          15  0.251423568    
          16  0.237422854    
          17  0.224502861    
          18  0.211582854    
          19  0.199369282    
          20  0.187155724    
          21  0.177149296    
          22  0.167142868    
          23  0.157871425    
          24  0.148599997    
          25  0.140769288    
          26  0.132938579    
          27  0.125042140    
          28  0.117145717    
          29  0.109356433    
          30  0.101567142    
          31   9.53162163E-02
          32   8.90652835E-02
          33   8.44539255E-02
          34   7.98425674E-02
          35   7.42729306E-02
          36   6.87032863E-02
          37   6.41484261E-02
          38   5.95935732E-02
          39   5.63700013E-02
          40   5.31464294E-02
          41   4.93624993E-02
          42   4.55785692E-02
          43   4.24341410E-02
          44   3.92897129E-02
          45   3.74012142E-02
          46   3.55127156E-02
          47   3.20333578E-02
          48   2.85540000E-02
          49   2.69552860E-02
          50   2.53565721E-02
          51   2.42982861E-02
          52   2.32400000E-02
          53   2.12098584E-02
          54   1.91797148E-02
          55   1.73388571E-02
          56   1.54980002E-02
          57   1.42513569E-02
          58   1.30047146E-02
          59   1.21595711E-02
          60   1.13144284E-02
          61   1.05614923E-02
          62   9.80855711E-03
          63   9.17942822E-03
          64   8.55029933E-03
          65   7.90257845E-03
          66   7.25485757E-03
          67   6.67782873E-03
          68   6.10079989E-03
          69   5.66282123E-03
          70   5.22484258E-03
          71   4.75749280E-03
          72   4.29014303E-03
          73   3.91331408E-03
          74   3.53648560E-03
          75   3.24553577E-03
          76   2.95458571E-03
          77   2.72005703E-03
          78   2.48552859E-03
          79   2.29352852E-03
          80   2.10152846E-03
          81   1.98638579E-03
          82   1.87124289E-03
          83   1.78930000E-03
          84   1.70735712E-03
          85   1.57544285E-03
          86   1.44352857E-03
          87   1.33972859E-03
          88   1.23592862E-03
          89   1.21855712E-03
          90   1.20118575E-03
          91   1.14807137E-03
          92   1.09495712E-03
          93   1.04468002E-03
          94   9.94402915E-04
          95   9.62239341E-04
          96   9.30075708E-04
          97   9.15165001E-04
          98   9.00254294E-04
          99   9.18904319E-04
         100   9.37554287E-04
         101   9.51486407E-04
         102   9.65418527E-04
         103   9.33583535E-04
         104   9.01748543E-04
         105   9.10569273E-04
         106   9.19390004E-04
         107   9.36835713E-04
         108   9.54281422E-04
         109   9.73997812E-04
         110   9.93714202E-04
         111   1.01265067E-03
         112   1.03158713E-03
         113   1.02540781E-03
         114   1.01922848E-03
         115   1.10204285E-03
         116   1.18485722E-03
         117   1.33087859E-03
         118   1.47689995E-03
         119   1.61149283E-03
         120   1.74608571E-03
         121   1.88670005E-03
         122   2.02731439E-03
         123   2.13252846E-03
         124   2.23774277E-03
         125   2.26554275E-03
         126   2.29334272E-03
         127   2.14029290E-03
         128   1.98724284E-03
         129   2.00008554E-03
         130   2.01292848E-03
         131   2.21160706E-03
         132   2.41028564E-03
         133   2.67128577E-03
         134   2.93228589E-03
         135   4.17587161E-03
         136   5.41945687E-03
         137   7.24190753E-03
         138   9.06435773E-03
         139   1.13594644E-02
         140   1.36545710E-02
         141   1.42735001E-02
         142   1.48924282E-02
         143   1.31672863E-02
         144   1.14421435E-02
         145   9.29819327E-03
         146   7.15424307E-03
         147   7.02888565E-03
         148   6.90352824E-03
         149   6.96644280E-03
         150   7.02935737E-03
         151   6.84790732E-03
         152   6.66645728E-03
         153   6.47911429E-03
         154   6.29177131E-03
         155   5.90987131E-03
         156   5.52797131E-03
         157   5.60333580E-03
         158   5.67870028E-03
         159   5.41562168E-03
         160   5.15254308E-03
         161   5.20421425E-03
         162   5.25588542E-03
         163   5.18544298E-03
         164   5.11500007E-03
         165   5.07372152E-03
         166   5.03244251E-03
         167   5.15973568E-03
         168   5.28702838E-03
         169   5.21012116E-03
         170   5.13321441E-03
         171   5.25056431E-03
         172   5.36791421E-03
         173   5.60624991E-03
         174   5.84458560E-03
         175   6.94759283E-03
         176   8.05060007E-03
         177   1.18376575E-02
         178   1.56247150E-02
         179   2.28862874E-02
         180   3.01478580E-02
