 scat/ext   1.00000000    
           0   342.666656    
           1   79.2466660    
           2   6.51800013    
           3   2.22600007    
           4   1.13533330    
           5  0.738533318    
           6  0.568866670    
           7  0.489633322    
           8  0.410400003    
           9  0.375766665    
          10  0.341133326    
          11  0.320633352    
          12  0.300133348    
          13  0.281433344    
          14  0.262733340    
          15  0.249600008    
          16  0.236466676    
          17  0.224933341    
          18  0.213400006    
          19  0.199800014    
          20  0.186200008    
          21  0.176766664    
          22  0.167333335    
          23  0.158533335    
          24  0.149733335    
          25  0.141233325    
          26  0.132733330    
          27  0.123599999    
          28  0.114466667    
          29  0.106920004    
          30   9.93733332E-02
          31   9.44966674E-02
          32   8.96200016E-02
          33   8.45900029E-02
          34   7.95600042E-02
          35   7.43133351E-02
          36   6.90666661E-02
          37   6.43233359E-02
          38   5.95800020E-02
          39   5.64633347E-02
          40   5.33466674E-02
          41   4.86999974E-02
          42   4.40533310E-02
          43   4.20499966E-02
          44   4.00466658E-02
          45   3.69199999E-02
          46   3.37933339E-02
          47   3.14066671E-02
          48   2.90200002E-02
          49   2.76400000E-02
          50   2.62599997E-02
          51   2.44566668E-02
          52   2.26533338E-02
          53   2.05300003E-02
          54   1.84066668E-02
          55   1.72766671E-02
          56   1.61466673E-02
          57   1.51500003E-02
          58   1.41533334E-02
          59   1.31166670E-02
          60   1.20799998E-02
          61   1.12410001E-02
          62   1.04019996E-02
          63   9.62366629E-03
          64   8.84533301E-03
          65   8.04733299E-03
          66   7.24933343E-03
          67   6.73033344E-03
          68   6.21133344E-03
          69   5.76699991E-03
          70   5.32266637E-03
          71   4.84099984E-03
          72   4.35933331E-03
          73   4.00799979E-03
          74   3.65666673E-03
          75   3.36233340E-03
          76   3.06800008E-03
          77   2.84700003E-03
          78   2.62599997E-03
          79   2.42500007E-03
          80   2.22399994E-03
          81   2.01966660E-03
          82   1.81533338E-03
          83   1.77266670E-03
          84   1.73000002E-03
          85   1.55733339E-03
          86   1.38466666E-03
          87   1.35266664E-03
          88   1.32066663E-03
          89   1.24833337E-03
          90   1.17599999E-03
          91   1.14466669E-03
          92   1.11333327E-03
          93   1.02296658E-03
          94   9.32600000E-04
          95   9.72533308E-04
          96   1.01246662E-03
          97   9.66266613E-04
          98   9.20066668E-04
          99   9.31999995E-04
         100   9.43933381E-04
         101   9.67366679E-04
         102   9.90799977E-04
         103   9.43766674E-04
         104   8.96733312E-04
         105   8.99066683E-04
         106   9.01399995E-04
         107   9.03533306E-04
         108   9.05666675E-04
         109   9.27566667E-04
         110   9.49466659E-04
         111   1.00539997E-03
         112   1.06133334E-03
         113   1.01866666E-03
         114   9.76000039E-04
         115   1.05933333E-03
         116   1.14266668E-03
         117   1.30966667E-03
         118   1.47666666E-03
         119   1.66133326E-03
         120   1.84599997E-03
         121   2.01900001E-03
         122   2.19200016E-03
         123   2.29933346E-03
         124   2.40666675E-03
         125   2.29166681E-03
         126   2.17666663E-03
         127   2.02900008E-03
         128   1.88133342E-03
         129   1.87100004E-03
         130   1.86066667E-03
         131   1.95033336E-03
         132   2.03999993E-03
         133   2.43233331E-03
         134   2.82466668E-03
         135   4.06033313E-03
         136   5.29599981E-03
         137   7.07300007E-03
         138   8.84999987E-03
         139   1.11916661E-02
         140   1.35333333E-02
         141   1.44900000E-02
         142   1.54466666E-02
         143   1.31466668E-02
         144   1.08466670E-02
         145   9.11033340E-03
         146   7.37399980E-03
         147   7.19333347E-03
         148   7.01266667E-03
         149   7.13033322E-03
         150   7.24800024E-03
         151   6.83866674E-03
         152   6.42933324E-03
         153   6.51933346E-03
         154   6.60933321E-03
         155   6.23399997E-03
         156   5.85866673E-03
         157   5.68166655E-03
         158   5.50466636E-03
         159   5.46333287E-03
         160   5.42199984E-03
         161   5.45133324E-03
         162   5.48066664E-03
         163   5.33866696E-03
         164   5.19666681E-03
         165   4.99833329E-03
         166   4.79999976E-03
         167   5.05366642E-03
         168   5.30733308E-03
         169   5.20200003E-03
         170   5.09666651E-03
         171   5.44266682E-03
         172   5.78866666E-03
         173   5.98766655E-03
         174   6.18666690E-03
         175   7.28633348E-03
         176   8.38600006E-03
         177   1.16630001E-02
         178   1.49400001E-02
         179   2.41333339E-02
         180   3.33266668E-02
