 scat/ext   1.00000000    
           0   408.926666    
           1   72.7200012    
           2   5.93906689    
           3   2.06473351    
           4   1.06913328    
           5  0.706300020    
           6  0.543953300    
           7  0.471003324    
           8  0.398053348    
           9  0.366763353    
          10  0.335473329    
          11  0.315973341    
          12  0.296473324    
          13  0.279743314    
          14  0.263013333    
          15  0.249743342    
          16  0.236473337    
          17  0.223896667    
          18  0.211319998    
          19  0.198606670    
          20  0.185893342    
          21  0.176363349    
          22  0.166833341    
          23  0.157649994    
          24  0.148466662    
          25  0.140239999    
          26  0.132013336    
          27  0.123296663    
          28  0.114579998    
          29  0.106546663    
          30   9.85133275E-02
          31   9.40139964E-02
          32   8.95146653E-02
          33   8.59816670E-02
          34   8.24486688E-02
          35   7.37570003E-02
          36   6.50653318E-02
          37   6.48443326E-02
          38   6.46233335E-02
          39   5.64149991E-02
          40   4.82066683E-02
          41   4.78116646E-02
          42   4.74166647E-02
          43   4.16660011E-02
          44   3.59153338E-02
          45   3.55290025E-02
          46   3.51426676E-02
          47   3.29490006E-02
          48   3.07553336E-02
          49   2.69830003E-02
          50   2.32106671E-02
          51   2.29103342E-02
          52   2.26099994E-02
          53   2.15809997E-02
          54   2.05520000E-02
          55   1.88946668E-02
          56   1.72373336E-02
          57   1.55196665E-02
          58   1.38019994E-02
          59   1.24263335E-02
          60   1.10506667E-02
          61   1.01264669E-02
          62   9.20226704E-03
          63   8.51899944E-03
          64   7.83573277E-03
          65   7.23186648E-03
          66   6.62800018E-03
          67   6.11836649E-03
          68   5.60873328E-03
          69   5.21999970E-03
          70   4.83126659E-03
          71   4.36179992E-03
          72   3.89233348E-03
          73   3.53180012E-03
          74   3.17126676E-03
          75   2.95816688E-03
          76   2.74506677E-03
          77   2.63160001E-03
          78   2.51813326E-03
          79   2.35113315E-03
          80   2.18413328E-03
          81   1.99980009E-03
          82   1.81546668E-03
          83   1.73473335E-03
          84   1.65400002E-03
          85   1.49156665E-03
          86   1.32913329E-03
          87   1.26456656E-03
          88   1.19999994E-03
          89   1.15310005E-03
          90   1.10620004E-03
          91   1.08916662E-03
          92   1.07213331E-03
          93   9.92606627E-04
          94   9.13080003E-04
          95   9.33183357E-04
          96   9.53286653E-04
          97   9.00536659E-04
          98   8.47786665E-04
          99   8.51719989E-04
         100   8.55653314E-04
         101   8.74703284E-04
         102   8.93753313E-04
         103   8.76490027E-04
         104   8.59226682E-04
         105   8.88173352E-04
         106   9.17120022E-04
         107   9.40600003E-04
         108   9.64079984E-04
         109   1.00117340E-03
         110   1.03826670E-03
         111   1.02783670E-03
         112   1.01740670E-03
         113   1.02200336E-03
         114   1.02660002E-03
         115   1.07696664E-03
         116   1.12733326E-03
         117   1.29443326E-03
         118   1.46153325E-03
         119   1.64329994E-03
         120   1.82506663E-03
         121   2.05509993E-03
         122   2.28513335E-03
         123   2.29646685E-03
         124   2.30780011E-03
         125   2.17053341E-03
         126   2.03326670E-03
         127   2.09336681E-03
         128   2.15346669E-03
         129   1.96789997E-03
         130   1.78233336E-03
         131   1.70050003E-03
         132   1.61866669E-03
         133   2.12116656E-03
         134   2.62366654E-03
         135   3.67856654E-03
         136   4.73346654E-03
         137   6.70506665E-03
         138   8.67666677E-03
         139   1.14256665E-02
         140   1.41746663E-02
         141   1.50863333E-02
         142   1.59980003E-02
         143   1.35473330E-02
         144   1.10966666E-02
         145   9.14323330E-03
         146   7.18980003E-03
         147   7.12480024E-03
         148   7.05979997E-03
         149   7.21573364E-03
         150   7.37166684E-03
         151   7.01806694E-03
         152   6.66446704E-03
         153   6.43670000E-03
         154   6.20893342E-03
         155   6.11690013E-03
         156   6.02486683E-03
         157   5.72340004E-03
         158   5.42193372E-03
         159   5.39273350E-03
         160   5.36353327E-03
         161   5.36633329E-03
         162   5.36913332E-03
         163   5.12840040E-03
         164   4.88766702E-03
         165   4.90920013E-03
         166   4.93073324E-03
         167   4.97359969E-03
         168   5.01646660E-03
         169   4.98906663E-03
         170   4.96166665E-03
         171   5.15630003E-03
         172   5.35093341E-03
         173   5.72933350E-03
         174   6.10773312E-03
         175   6.97159953E-03
         176   7.83546641E-03
         177   1.09470664E-02
         178   1.40586663E-02
         179   2.14426666E-02
         180   2.88266670E-02
