# fog                 
#
# size distribution: gamma    
# ------------------
#
#   minimum radius, [um]:      2.000E-02
#   maximum radius, [um]:      5.000E+01
#                      A:      3.040E-04
#                  ALPHA:      4.000E+00
#                      B:      5.620E-02
#                  Gamma:      1.770E+00
# optical parameters:
# -------------------
#
# wavelength ext.coef  sca.coef  abs.coef  si.sc.alb  asym.par  ext.nor    ref.real  ref.imag
#     [um]     [1/km]    [1/km]    [1/km]
#
#  2.500E-01 5.516E-01 5.516E-01 8.845E-06 1.000E+00 0.863E+00 9.815E-01  1.362E+00 -3.350E-08
#  3.000E-01 5.542E-01 5.542E-01 3.435E-06 1.000E+00 0.869E+00 9.860E-01  1.349E+00 -1.600E-08
#  3.500E-01 5.555E-01 5.555E-01 1.291E-06 1.000E+00 0.874E+00 9.885E-01  1.343E+00 -6.500E-09
#  4.000E-01 5.570E-01 5.570E-01 1.660E-07 1.000E+00 0.863E+00 9.911E-01  1.339E+00 -1.860E-09
#  4.500E-01 5.587E-01 5.587E-01 2.331E-07 1.000E+00 0.863E+00 9.940E-01  1.337E+00 -1.020E-09
#  5.000E-01 5.594E-01 5.594E-01 1.000E-07 1.000E+00 0.868E+00 9.954E-01  1.335E+00 -1.000E-09
#  5.500E-01 5.620E-01 5.620E-01 1.675E-07 1.000E+00 0.866E+00 1.000E+00  1.333E+00 -1.960E-09
#  6.000E-01 5.634E-01 5.634E-01 1.410E-06 1.000E+00 0.867E+00 1.003E+00  1.332E+00 -1.090E-08
#  6.500E-01 5.636E-01 5.636E-01 1.646E-06 1.000E+00 0.868E+00 1.003E+00  1.331E+00 -1.640E-08
#  7.000E-01 5.650E-01 5.650E-01 3.267E-06 1.000E+00 0.869E+00 1.005E+00  1.331E+00 -3.350E-08
#  7.500E-01 5.665E-01 5.665E-01 1.489E-05 1.000E+00 0.870E+00 1.008E+00  1.330E+00 -1.560E-07
#  8.000E-01 5.682E-01 5.682E-01 1.108E-05 1.000E+00 0.871E+00 1.011E+00  1.329E+00 -1.250E-07
#  9.000E-01 5.703E-01 5.702E-01 4.011E-05 9.999E-01 0.868E+00 1.015E+00  1.328E+00 -4.860E-07
#  1.000E+00 5.744E-01 5.742E-01 2.103E-04 9.996E-01 0.866E+00 1.022E+00  1.327E+00 -2.890E-06
#  1.250E+00 5.797E-01 5.792E-01 5.233E-04 9.991E-01 0.859E+00 1.032E+00  1.323E+00 -8.700E-06
#  1.500E+00 5.821E-01 5.725E-01 9.529E-03 9.836E-01 0.856E+00 1.036E+00  1.321E+00 -2.000E-04
#  1.750E+00 5.914E-01 5.869E-01 4.498E-03 9.924E-01 0.849E+00 1.052E+00  1.313E+00 -1.000E-04
#  2.000E+00 5.933E-01 5.561E-01 3.725E-02 9.372E-01 0.857E+00 1.056E+00  1.306E+00 -1.100E-03
#  2.500E+00 6.067E-01 5.600E-01 4.669E-02 9.230E-01 0.861E+00 1.080E+00  1.261E+00 -1.740E-03
#  3.000E+00 5.985E-01 3.062E-01 2.922E-01 5.117E-01 0.951E+00 1.065E+00  1.371E+00 -2.720E-01
#  3.200E+00 6.102E-01 3.121E-01 2.982E-01 5.114E-01 0.947E+00 1.086E+00  1.478E+00 -9.240E-02
#  3.390E+00 6.169E-01 3.757E-01 2.411E-01 6.091E-01 0.901E+00 1.098E+00  1.423E+00 -2.314E-02
#  3.500E+00 6.206E-01 4.718E-01 1.488E-01 7.602E-01 0.849E+00 1.104E+00  1.400E+00 -9.400E-03
#  3.750E+00 6.243E-01 5.579E-01 6.638E-02 8.937E-01 0.814E+00 1.111E+00  1.369E+00 -3.500E-03
#  4.000E+00 6.293E-01 5.500E-01 7.933E-02 8.739E-01 0.814E+00 1.120E+00  1.351E+00 -4.600E-03
#  4.500E+00 6.359E-01 4.736E-01 1.623E-01 7.447E-01 0.839E+00 1.132E+00  1.332E+00 -1.340E-02
#  5.000E+00 6.437E-01 4.997E-01 1.441E-01 7.762E-01 0.823E+00 1.145E+00  1.325E+00 -1.240E-02
#  5.500E+00 6.676E-01 5.416E-01 1.259E-01 8.113E-01 0.829E+00 1.188E+00  1.298E+00 -1.160E-02
#  6.000E+00 6.586E-01 3.436E-01 3.149E-01 5.218E-01 0.940E+00 1.172E+00  1.265E+00 -1.070E-01
#  6.200E+00 6.605E-01 3.431E-01 3.174E-01 5.195E-01 0.912E+00 1.175E+00  1.363E+00 -8.800E-02
#  6.500E+00 6.849E-01 4.371E-01 2.478E-01 6.382E-01 0.863E+00 1.219E+00  1.339E+00 -3.920E-02
#  7.200E+00 7.369E-01 5.269E-01 2.100E-01 7.150E-01 0.867E+00 1.311E+00  1.312E+00 -3.210E-02
#  7.900E+00 7.770E-01 5.746E-01 2.024E-01 7.395E-01 0.883E+00 1.383E+00  1.294E+00 -3.390E-02
#  8.200E+00 7.867E-01 5.862E-01 2.005E-01 7.451E-01 0.890E+00 1.400E+00  1.286E+00 -3.510E-02
#  8.500E+00 7.898E-01 5.899E-01 1.999E-01 7.469E-01 0.896E+00 1.405E+00  1.278E+00 -3.670E-02
#  8.700E+00 7.877E-01 5.881E-01 1.996E-01 7.466E-01 0.900E+00 1.402E+00  1.272E+00 -3.790E-02
#  9.000E+00 7.773E-01 5.778E-01 1.995E-01 7.434E-01 0.906E+00 1.383E+00  1.262E+00 -3.990E-02
#  9.200E+00 7.653E-01 5.654E-01 1.999E-01 7.388E-01 0.909E+00 1.362E+00  1.255E+00 -4.150E-02
#  9.500E+00 7.381E-01 5.368E-01 2.013E-01 7.273E-01 0.914E+00 1.313E+00  1.243E+00 -4.440E-02
#  9.800E+00 6.995E-01 4.963E-01 2.033E-01 7.094E-01 0.918E+00 1.245E+00  1.229E+00 -4.790E-02
#  1.000E+01 6.663E-01 4.611E-01 2.051E-01 6.921E-01 0.921E+00 1.185E+00  1.218E+00 -5.080E-02
#  1.060E+01 5.429E-01 3.218E-01 2.211E-01 5.928E-01 0.928E+00 9.659E-01  1.179E+00 -6.740E-02
#  1.100E+01 4.821E-01 2.332E-01 2.489E-01 4.838E-01 0.929E+00 8.578E-01  1.153E+00 -9.680E-02
#  1.150E+01 4.588E-01 1.851E-01 2.737E-01 4.034E-01 0.925E+00 8.163E-01  1.126E+00 -1.420E-01
#  1.250E+01 5.138E-01 2.038E-01 3.100E-01 3.967E-01 0.905E+00 9.143E-01  1.123E+00 -2.590E-01
#  1.300E+01 5.421E-01 2.208E-01 3.213E-01 4.073E-01 0.895E+00 9.646E-01  1.146E+00 -3.050E-01
#  1.400E+01 5.854E-01 2.471E-01 3.382E-01 4.222E-01 0.877E+00 1.042E+00  1.210E+00 -3.700E-01
#  1.480E+01 6.070E-01 2.599E-01 3.471E-01 4.281E-01 0.866E+00 1.080E+00  1.258E+00 -3.960E-01
#  1.500E+01 6.120E-01 2.628E-01 3.492E-01 4.295E-01 0.863E+00 1.089E+00  1.270E+00 -4.020E-01
#  1.640E+01 6.400E-01 2.792E-01 3.608E-01 4.362E-01 0.846E+00 1.139E+00  1.346E+00 -4.270E-01
#  1.720E+01 6.531E-01 2.871E-01 3.660E-01 4.396E-01 0.836E+00 1.162E+00  1.386E+00 -4.290E-01
#  1.800E+01 6.650E-01 2.947E-01 3.703E-01 4.432E-01 0.828E+00 1.183E+00  1.423E+00 -4.260E-01
#  1.850E+01 6.713E-01 2.990E-01 3.723E-01 4.454E-01 0.822E+00 1.194E+00  1.443E+00 -4.210E-01
#  2.000E+01 6.824E-01 3.080E-01 3.744E-01 4.514E-01 0.808E+00 1.214E+00  1.480E+00 -3.930E-01
#  2.130E+01 6.823E-01 3.088E-01 3.735E-01 4.526E-01 0.797E+00 1.214E+00  1.491E+00 -3.790E-01
#  2.250E+01 6.836E-01 3.108E-01 3.727E-01 4.547E-01 0.785E+00 1.216E+00  1.506E+00 -3.700E-01
#  2.500E+01 6.804E-01 3.116E-01 3.688E-01 4.579E-01 0.761E+00 1.211E+00  1.531E+00 -3.560E-01
#  2.790E+01 6.659E-01 3.065E-01 3.594E-01 4.602E-01 0.732E+00 1.185E+00  1.549E+00 -3.390E-01
#  3.000E+01 6.451E-01 2.956E-01 3.495E-01 4.582E-01 0.713E+00 1.148E+00  1.551E+00 -3.280E-01
#  3.500E+01 5.780E-01 2.467E-01 3.313E-01 4.268E-01 0.663E+00 1.028E+00  1.532E+00 -3.360E-01
#  4.000E+01 5.331E-01 2.036E-01 3.295E-01 3.820E-01 0.605E+00 9.486E-01  1.519E+00 -3.850E-01
#
# volume phase function [1/km]:
# -----------------------------
#
# sca.ang. | wavelengths --->
# ---------|------------------
#          | 2.500E-01 3.000E-01 3.500E-01 4.000E-01 4.500E-01 5.000E-01 5.500E-01 6.000E-01 6.500E-01 7.000E-01 7.500E-01 8.000E-01 9.000E-01 1.000E+00 1.250E+00 1.500E+00 1.750E+00 2.000E+00 2.500E+00 3.000E+00 3.200E+00 3.390E+00 3.500E+00 3.750E+00 4.000E+00 4.500E+00 5.000E+00 5.500E+00 6.000E+00 6.200E+00 6.500E+00 7.200E+00 7.900E+00 8.200E+00 8.500E+00 8.700E+00 9.000E+00 9.200E+00 9.500E+00 9.800E+00 1.000E+01 1.060E+01 1.100E+01 1.150E+01 1.250E+01 1.300E+01 1.400E+01 1.480E+01 1.500E+01 1.640E+01 1.720E+01 1.800E+01 1.850E+01 2.000E+01 2.130E+01 2.250E+01 2.500E+01 2.790E+01 3.000E+01 3.500E+01 4.000E+01
#
  0.000E+00  1.757E+03 1.233E+03 9.105E+02 7.000E+02 5.563E+02 4.519E+02 3.770E+02 3.182E+02 2.712E+02 2.349E+02 2.059E+02 1.822E+02 1.447E+02 1.188E+02 7.752E+01 5.445E+01 4.114E+01 3.175E+01 2.136E+01 1.427E+01 1.296E+01 1.180E+01 1.125E+01 1.006E+01 9.008E+00 7.222E+00 5.957E+00 5.038E+00 4.163E+00 3.896E+00 3.704E+00 3.428E+00 3.289E+00 3.223E+00 3.131E+00 3.054E+00 2.912E+00 2.793E+00 2.578E+00 2.318E+00 2.114E+00 1.392E+00 9.628E-01 7.103E-01 6.713E-01 6.779E-01 6.662E-01 6.356E-01 6.279E-01 5.698E-01 5.388E-01 5.102E-01 4.930E-01 4.426E-01 3.980E-01 3.645E-01 3.055E-01 2.507E-01 2.153E-01 1.419E-01 9.600E-02
  1.000E-01  1.621E+03 1.165E+03 8.736E+02 6.782E+02 5.425E+02 4.428E+02 3.707E+02 3.137E+02 2.679E+02 2.324E+02 2.040E+02 1.807E+02 1.438E+02 1.182E+02 7.726E+01 5.432E+01 4.107E+01 3.171E+01 2.134E+01 1.426E+01 1.295E+01 1.179E+01 1.125E+01 1.006E+01 9.005E+00 7.220E+00 5.956E+00 5.037E+00 4.163E+00 3.895E+00 3.704E+00 3.428E+00 3.289E+00 3.223E+00 3.130E+00 3.054E+00 2.912E+00 2.793E+00 2.578E+00 2.317E+00 2.114E+00 1.392E+00 9.628E-01 7.102E-01 6.712E-01 6.779E-01 6.662E-01 6.356E-01 6.279E-01 5.698E-01 5.387E-01 5.102E-01 4.930E-01 4.426E-01 3.980E-01 3.645E-01 3.055E-01 2.507E-01 2.153E-01 1.419E-01 9.600E-02
  2.000E-01  1.276E+03 9.860E+02 7.722E+02 6.170E+02 5.034E+02 4.167E+02 3.524E+02 3.006E+02 2.584E+02 2.253E+02 1.985E+02 1.764E+02 1.410E+02 1.164E+02 7.650E+01 5.394E+01 4.086E+01 3.159E+01 2.129E+01 1.424E+01 1.293E+01 1.178E+01 1.123E+01 1.005E+01 8.996E+00 7.214E+00 5.952E+00 5.034E+00 4.161E+00 3.893E+00 3.702E+00 3.427E+00 3.288E+00 3.222E+00 3.130E+00 3.054E+00 2.911E+00 2.792E+00 2.577E+00 2.317E+00 2.114E+00 1.392E+00 9.627E-01 7.101E-01 6.712E-01 6.778E-01 6.661E-01 6.355E-01 6.278E-01 5.698E-01 5.387E-01 5.101E-01 4.930E-01 4.425E-01 3.980E-01 3.645E-01 3.055E-01 2.507E-01 2.153E-01 1.419E-01 9.600E-02
  3.000E-01  8.611E+02 7.485E+02 6.297E+02 5.274E+02 4.445E+02 3.766E+02 3.241E+02 2.801E+02 2.433E+02 2.139E+02 1.897E+02 1.695E+02 1.367E+02 1.134E+02 7.524E+01 5.332E+01 4.051E+01 3.138E+01 2.120E+01 1.420E+01 1.290E+01 1.175E+01 1.121E+01 1.003E+01 8.981E+00 7.205E+00 5.945E+00 5.029E+00 4.157E+00 3.890E+00 3.700E+00 3.425E+00 3.286E+00 3.221E+00 3.129E+00 3.052E+00 2.910E+00 2.792E+00 2.577E+00 2.316E+00 2.113E+00 1.391E+00 9.625E-01 7.100E-01 6.710E-01 6.777E-01 6.660E-01 6.354E-01 6.277E-01 5.697E-01 5.387E-01 5.101E-01 4.929E-01 4.425E-01 3.980E-01 3.645E-01 3.055E-01 2.507E-01 2.153E-01 1.419E-01 9.600E-02
  4.000E-01  5.063E+02 5.129E+02 4.750E+02 4.244E+02 3.739E+02 3.272E+02 2.883E+02 2.538E+02 2.237E+02 1.989E+02 1.780E+02 1.602E+02 1.307E+02 1.094E+02 7.351E+01 5.246E+01 4.003E+01 3.109E+01 2.107E+01 1.414E+01 1.285E+01 1.171E+01 1.117E+01 1.000E+01 8.960E+00 7.191E+00 5.936E+00 5.023E+00 4.153E+00 3.886E+00 3.696E+00 3.422E+00 3.284E+00 3.219E+00 3.127E+00 3.051E+00 2.909E+00 2.790E+00 2.576E+00 2.315E+00 2.113E+00 1.391E+00 9.621E-01 7.098E-01 6.709E-01 6.776E-01 6.659E-01 6.353E-01 6.276E-01 5.696E-01 5.386E-01 5.100E-01 4.929E-01 4.425E-01 3.979E-01 3.644E-01 3.055E-01 2.506E-01 2.153E-01 1.419E-01 9.599E-02
  5.000E-01  2.676E+02 3.209E+02 3.333E+02 3.222E+02 3.002E+02 2.735E+02 2.483E+02 2.238E+02 2.009E+02 1.812E+02 1.641E+02 1.491E+02 1.235E+02 1.045E+02 7.135E+01 5.138E+01 3.942E+01 3.073E+01 2.091E+01 1.406E+01 1.279E+01 1.166E+01 1.113E+01 9.965E+00 8.932E+00 7.173E+00 5.924E+00 5.014E+00 4.147E+00 3.881E+00 3.692E+00 3.419E+00 3.282E+00 3.217E+00 3.125E+00 3.049E+00 2.907E+00 2.789E+00 2.574E+00 2.314E+00 2.111E+00 1.390E+00 9.617E-01 7.095E-01 6.706E-01 6.774E-01 6.657E-01 6.352E-01 6.274E-01 5.695E-01 5.385E-01 5.099E-01 4.928E-01 4.424E-01 3.979E-01 3.644E-01 3.055E-01 2.506E-01 2.152E-01 1.419E-01 9.599E-02
  6.000E-01  1.353E+02 1.872E+02 2.194E+02 2.320E+02 2.305E+02 2.203E+02 2.073E+02 1.920E+02 1.763E+02 1.619E+02 1.487E+02 1.367E+02 1.153E+02 9.875E+01 6.880E+01 5.009E+01 3.869E+01 3.029E+01 2.072E+01 1.397E+01 1.272E+01 1.160E+01 1.108E+01 9.923E+00 8.899E+00 7.152E+00 5.910E+00 5.004E+00 4.140E+00 3.875E+00 3.686E+00 3.415E+00 3.279E+00 3.214E+00 3.122E+00 3.047E+00 2.905E+00 2.787E+00 2.572E+00 2.313E+00 2.110E+00 1.390E+00 9.613E-01 7.092E-01 6.704E-01 6.771E-01 6.655E-01 6.350E-01 6.273E-01 5.694E-01 5.383E-01 5.098E-01 4.927E-01 4.423E-01 3.978E-01 3.643E-01 3.054E-01 2.506E-01 2.152E-01 1.419E-01 9.598E-02
  7.000E-01  7.188E+01 1.056E+02 1.376E+02 1.594E+02 1.699E+02 1.713E+02 1.679E+02 1.606E+02 1.513E+02 1.418E+02 1.324E+02 1.233E+02 1.063E+02 9.241E+01 6.591E+01 4.861E+01 3.784E+01 2.978E+01 2.049E+01 1.386E+01 1.263E+01 1.153E+01 1.101E+01 9.874E+00 8.860E+00 7.126E+00 5.893E+00 4.992E+00 4.132E+00 3.867E+00 3.680E+00 3.410E+00 3.275E+00 3.211E+00 3.119E+00 3.044E+00 2.902E+00 2.784E+00 2.570E+00 2.311E+00 2.109E+00 1.389E+00 9.607E-01 7.088E-01 6.701E-01 6.768E-01 6.652E-01 6.347E-01 6.270E-01 5.692E-01 5.382E-01 5.097E-01 4.926E-01 4.422E-01 3.977E-01 3.643E-01 3.054E-01 2.506E-01 2.152E-01 1.419E-01 9.598E-02
  8.000E-01  4.338E+01 6.081E+01 8.425E+01 1.058E+02 1.209E+02 1.290E+02 1.322E+02 1.310E+02 1.270E+02 1.218E+02 1.159E+02 1.096E+02 9.677E+01 8.562E+01 6.273E+01 4.695E+01 3.688E+01 2.920E+01 2.023E+01 1.374E+01 1.253E+01 1.145E+01 1.094E+01 9.817E+00 8.815E+00 7.097E+00 5.873E+00 4.978E+00 4.122E+00 3.859E+00 3.672E+00 3.405E+00 3.271E+00 3.207E+00 3.116E+00 3.041E+00 2.899E+00 2.782E+00 2.568E+00 2.309E+00 2.107E+00 1.388E+00 9.600E-01 7.083E-01 6.697E-01 6.764E-01 6.649E-01 6.345E-01 6.268E-01 5.690E-01 5.380E-01 5.095E-01 4.924E-01 4.421E-01 3.976E-01 3.642E-01 3.053E-01 2.505E-01 2.152E-01 1.419E-01 9.597E-02
  9.000E-01  2.966E+01 3.768E+01 5.206E+01 6.887E+01 8.375E+01 9.458E+01 1.014E+02 1.044E+02 1.045E+02 1.028E+02 9.979E+01 9.601E+01 8.708E+01 7.856E+01 5.932E+01 4.515E+01 3.583E+01 2.855E+01 1.994E+01 1.360E+01 1.242E+01 1.135E+01 1.086E+01 9.753E+00 8.765E+00 7.065E+00 5.851E+00 4.962E+00 4.111E+00 3.849E+00 3.664E+00 3.398E+00 3.266E+00 3.203E+00 3.112E+00 3.037E+00 2.896E+00 2.779E+00 2.566E+00 2.307E+00 2.105E+00 1.387E+00 9.593E-01 7.078E-01 6.693E-01 6.760E-01 6.646E-01 6.342E-01 6.265E-01 5.688E-01 5.378E-01 5.093E-01 4.923E-01 4.420E-01 3.975E-01 3.641E-01 3.053E-01 2.505E-01 2.151E-01 1.419E-01 9.596E-02
  1.000E+00  2.173E+01 2.573E+01 3.368E+01 4.503E+01 5.718E+01 6.793E+01 7.619E+01 8.156E+01 8.435E+01 8.523E+01 8.460E+01 8.291E+01 7.747E+01 7.139E+01 5.574E+01 4.322E+01 3.469E+01 2.785E+01 1.963E+01 1.345E+01 1.229E+01 1.125E+01 1.077E+01 9.682E+00 8.708E+00 7.028E+00 5.826E+00 4.945E+00 4.099E+00 3.838E+00 3.655E+00 3.392E+00 3.260E+00 3.198E+00 3.107E+00 3.033E+00 2.892E+00 2.775E+00 2.563E+00 2.304E+00 2.103E+00 1.385E+00 9.584E-01 7.073E-01 6.688E-01 6.756E-01 6.642E-01 6.338E-01 6.262E-01 5.685E-01 5.376E-01 5.092E-01 4.921E-01 4.419E-01 3.974E-01 3.640E-01 3.052E-01 2.505E-01 2.151E-01 1.418E-01 9.595E-02
  1.100E+00  1.635E+01 1.906E+01 2.337E+01 3.030E+01 3.908E+01 4.822E+01 5.629E+01 6.258E+01 6.694E+01 6.956E+01 7.066E+01 7.064E+01 6.815E+01 6.426E+01 5.204E+01 4.119E+01 3.348E+01 2.710E+01 1.928E+01 1.328E+01 1.216E+01 1.114E+01 1.067E+01 9.604E+00 8.647E+00 6.988E+00 5.799E+00 4.926E+00 4.086E+00 3.826E+00 3.644E+00 3.384E+00 3.254E+00 3.192E+00 3.103E+00 3.028E+00 2.888E+00 2.772E+00 2.559E+00 2.302E+00 2.100E+00 1.384E+00 9.575E-01 7.066E-01 6.683E-01 6.751E-01 6.637E-01 6.335E-01 6.258E-01 5.682E-01 5.374E-01 5.089E-01 4.919E-01 4.417E-01 3.973E-01 3.639E-01 3.051E-01 2.504E-01 2.151E-01 1.418E-01 9.594E-02
  1.200E+00  1.247E+01 1.486E+01 1.740E+01 2.141E+01 2.722E+01 3.424E+01 4.120E+01 4.739E+01 5.237E+01 5.597E+01 5.822E+01 5.943E+01 5.930E+01 5.732E+01 4.829E+01 3.908E+01 3.220E+01 2.630E+01 1.891E+01 1.310E+01 1.201E+01 1.102E+01 1.056E+01 9.520E+00 8.580E+00 6.944E+00 5.769E+00 4.905E+00 4.072E+00 3.813E+00 3.633E+00 3.376E+00 3.248E+00 3.186E+00 3.097E+00 3.023E+00 2.884E+00 2.768E+00 2.556E+00 2.299E+00 2.098E+00 1.382E+00 9.565E-01 7.060E-01 6.677E-01 6.746E-01 6.633E-01 6.331E-01 6.254E-01 5.679E-01 5.371E-01 5.087E-01 4.917E-01 4.415E-01 3.972E-01 3.638E-01 3.051E-01 2.504E-01 2.150E-01 1.418E-01 9.593E-02
  1.300E+00  9.712E+00 1.193E+01 1.366E+01 1.601E+01 1.964E+01 2.462E+01 3.013E+01 3.562E+01 4.053E+01 4.450E+01 4.739E+01 4.942E+01 5.108E+01 5.068E+01 4.454E+01 3.692E+01 3.087E+01 2.546E+01 1.852E+01 1.290E+01 1.185E+01 1.089E+01 1.044E+01 9.429E+00 8.508E+00 6.897E+00 5.737E+00 4.882E+00 4.056E+00 3.799E+00 3.621E+00 3.367E+00 3.241E+00 3.180E+00 3.092E+00 3.018E+00 2.879E+00 2.763E+00 2.552E+00 2.295E+00 2.095E+00 1.381E+00 9.554E-01 7.052E-01 6.671E-01 6.740E-01 6.628E-01 6.326E-01 6.250E-01 5.676E-01 5.368E-01 5.085E-01 4.914E-01 4.414E-01 3.970E-01 3.637E-01 3.050E-01 2.503E-01 2.150E-01 1.418E-01 9.592E-02
  1.400E+00  7.808E+00 9.753E+00 1.109E+01 1.259E+01 1.482E+01 1.816E+01 2.224E+01 2.674E+01 3.116E+01 3.505E+01 3.819E+01 4.068E+01 4.358E+01 4.443E+01 4.083E+01 3.472E+01 2.949E+01 2.458E+01 1.810E+01 1.270E+01 1.168E+01 1.075E+01 1.032E+01 9.332E+00 8.431E+00 6.847E+00 5.702E+00 4.858E+00 4.039E+00 3.783E+00 3.607E+00 3.357E+00 3.233E+00 3.173E+00 3.085E+00 3.012E+00 2.874E+00 2.758E+00 2.548E+00 2.292E+00 2.092E+00 1.379E+00 9.542E-01 7.044E-01 6.664E-01 6.734E-01 6.622E-01 6.321E-01 6.245E-01 5.672E-01 5.365E-01 5.082E-01 4.912E-01 4.412E-01 3.969E-01 3.635E-01 3.049E-01 2.502E-01 2.149E-01 1.418E-01 9.591E-02
  1.500E+00  6.515E+00 8.075E+00 9.181E+00 1.027E+01 1.169E+01 1.386E+01 1.673E+01 2.021E+01 2.392E+01 2.746E+01 3.054E+01 3.321E+01 3.685E+01 3.864E+01 3.722E+01 3.252E+01 2.809E+01 2.367E+01 1.767E+01 1.248E+01 1.150E+01 1.061E+01 1.019E+01 9.229E+00 8.349E+00 6.793E+00 5.666E+00 4.832E+00 4.021E+00 3.767E+00 3.593E+00 3.347E+00 3.225E+00 3.166E+00 3.079E+00 3.006E+00 2.868E+00 2.753E+00 2.543E+00 2.288E+00 2.089E+00 1.377E+00 9.530E-01 7.035E-01 6.657E-01 6.727E-01 6.616E-01 6.316E-01 6.240E-01 5.669E-01 5.362E-01 5.079E-01 4.909E-01 4.409E-01 3.967E-01 3.634E-01 3.048E-01 2.502E-01 2.149E-01 1.417E-01 9.589E-02
  1.600E+00  5.604E+00 6.747E+00 7.689E+00 8.588E+00 9.567E+00 1.096E+01 1.292E+01 1.549E+01 1.845E+01 2.148E+01 2.430E+01 2.693E+01 3.093E+01 3.335E+01 3.373E+01 3.033E+01 2.667E+01 2.275E+01 1.722E+01 1.225E+01 1.132E+01 1.045E+01 1.005E+01 9.120E+00 8.262E+00 6.736E+00 5.627E+00 4.804E+00 4.002E+00 3.750E+00 3.578E+00 3.335E+00 3.217E+00 3.158E+00 3.072E+00 2.999E+00 2.862E+00 2.748E+00 2.539E+00 2.284E+00 2.085E+00 1.375E+00 9.516E-01 7.026E-01 6.650E-01 6.720E-01 6.610E-01 6.311E-01 6.235E-01 5.664E-01 5.358E-01 5.076E-01 4.906E-01 4.407E-01 3.965E-01 3.633E-01 3.047E-01 2.501E-01 2.148E-01 1.417E-01 9.588E-02
  1.700E+00  4.896E+00 5.676E+00 6.498E+00 7.290E+00 8.041E+00 8.968E+00 1.030E+01 1.212E+01 1.438E+01 1.686E+01 1.931E+01 2.175E+01 2.579E+01 2.860E+01 3.041E+01 2.817E+01 2.524E+01 2.180E+01 1.675E+01 1.202E+01 1.112E+01 1.029E+01 9.907E+00 9.005E+00 8.171E+00 6.676E+00 5.585E+00 4.775E+00 3.981E+00 3.731E+00 3.562E+00 3.324E+00 3.207E+00 3.150E+00 3.064E+00 2.992E+00 2.856E+00 2.742E+00 2.534E+00 2.280E+00 2.081E+00 1.372E+00 9.502E-01 7.016E-01 6.642E-01 6.712E-01 6.603E-01 6.305E-01 6.229E-01 5.660E-01 5.354E-01 5.072E-01 4.903E-01 4.405E-01 3.963E-01 3.631E-01 3.046E-01 2.500E-01 2.148E-01 1.417E-01 9.586E-02
  1.800E+00  4.286E+00 4.803E+00 5.535E+00 6.252E+00 6.879E+00 7.536E+00 8.460E+00 9.725E+00 1.139E+01 1.334E+01 1.539E+01 1.755E+01 2.140E+01 2.437E+01 2.727E+01 2.606E+01 2.382E+01 2.084E+01 1.627E+01 1.177E+01 1.092E+01 1.012E+01 9.755E+00 8.885E+00 8.075E+00 6.613E+00 5.542E+00 4.744E+00 3.960E+00 3.712E+00 3.545E+00 3.311E+00 3.198E+00 3.141E+00 3.056E+00 2.985E+00 2.850E+00 2.736E+00 2.528E+00 2.275E+00 2.077E+00 1.370E+00 9.487E-01 7.006E-01 6.633E-01 6.704E-01 6.596E-01 6.299E-01 6.223E-01 5.655E-01 5.350E-01 5.069E-01 4.900E-01 4.402E-01 3.961E-01 3.629E-01 3.045E-01 2.500E-01 2.147E-01 1.416E-01 9.584E-02
  1.900E+00  3.717E+00 4.094E+00 4.752E+00 5.403E+00 5.953E+00 6.458E+00 7.135E+00 8.007E+00 9.209E+00 1.070E+01 1.235E+01 1.419E+01 1.770E+01 2.067E+01 2.433E+01 2.402E+01 2.240E+01 1.988E+01 1.577E+01 1.151E+01 1.071E+01 9.947E+00 9.598E+00 8.761E+00 7.975E+00 6.547E+00 5.496E+00 4.712E+00 3.937E+00 3.692E+00 3.528E+00 3.298E+00 3.187E+00 3.131E+00 3.048E+00 2.977E+00 2.843E+00 2.729E+00 2.523E+00 2.271E+00 2.073E+00 1.368E+00 9.471E-01 6.995E-01 6.624E-01 6.695E-01 6.589E-01 6.292E-01 6.217E-01 5.651E-01 5.346E-01 5.065E-01 4.897E-01 4.400E-01 3.959E-01 3.628E-01 3.043E-01 2.499E-01 2.147E-01 1.416E-01 9.583E-02
  2.000E+00  3.172E+00 3.530E+00 4.116E+00 4.701E+00 5.194E+00 5.613E+00 6.144E+00 6.755E+00 7.610E+00 8.719E+00 1.002E+01 1.154E+01 1.463E+01 1.747E+01 2.162E+01 2.205E+01 2.101E+01 1.891E+01 1.527E+01 1.125E+01 1.049E+01 9.766E+00 9.435E+00 8.631E+00 7.871E+00 6.478E+00 5.449E+00 4.678E+00 3.914E+00 3.670E+00 3.509E+00 3.285E+00 3.177E+00 3.122E+00 3.039E+00 2.969E+00 2.835E+00 2.723E+00 2.517E+00 2.266E+00 2.069E+00 1.365E+00 9.454E-01 6.984E-01 6.615E-01 6.686E-01 6.581E-01 6.286E-01 6.211E-01 5.645E-01 5.341E-01 5.061E-01 4.893E-01 4.397E-01 3.957E-01 3.626E-01 3.042E-01 2.498E-01 2.146E-01 1.416E-01 9.581E-02
  3.000E+00  1.180E+00 1.251E+00 1.453E+00 1.642E+00 1.795E+00 1.969E+00 2.130E+00 2.289E+00 2.448E+00 2.590E+00 2.728E+00 2.864E+00 3.204E+00 3.735E+00 5.795E+00 7.975E+00 9.562E+00 1.019E+01 1.016E+01 8.390E+00 8.076E+00 7.729E+00 7.587E+00 7.142E+00 6.661E+00 5.659E+00 4.877E+00 4.266E+00 3.624E+00 3.407E+00 3.280E+00 3.114E+00 3.042E+00 2.999E+00 2.928E+00 2.865E+00 2.743E+00 2.637E+00 2.442E+00 2.202E+00 2.013E+00 1.332E+00 9.240E-01 6.838E-01 6.494E-01 6.572E-01 6.481E-01 6.199E-01 6.127E-01 5.580E-01 5.284E-01 5.011E-01 4.847E-01 4.361E-01 3.928E-01 3.602E-01 3.025E-01 2.486E-01 2.137E-01 1.411E-01 9.556E-02
  4.000E+00  6.786E-01 6.926E-01 8.017E-01 8.848E-01 9.590E-01 1.027E+00 1.097E+00 1.163E+00 1.242E+00 1.311E+00 1.373E+00 1.447E+00 1.559E+00 1.705E+00 2.058E+00 2.768E+00 3.757E+00 4.663E+00 5.915E+00 5.611E+00 5.635E+00 5.599E+00 5.620E+00 5.505E+00 5.292E+00 4.692E+00 4.180E+00 3.754E+00 3.256E+00 3.072E+00 2.985E+00 2.892E+00 2.865E+00 2.837E+00 2.780E+00 2.727E+00 2.618E+00 2.523E+00 2.342E+00 2.117E+00 1.938E+00 1.287E+00 8.949E-01 6.639E-01 6.329E-01 6.415E-01 6.344E-01 6.079E-01 6.011E-01 5.489E-01 5.206E-01 4.942E-01 4.783E-01 4.311E-01 3.888E-01 3.569E-01 3.002E-01 2.471E-01 2.125E-01 1.405E-01 9.523E-02
  5.000E+00  4.933E-01 4.921E-01 5.682E-01 6.155E-01 6.439E-01 6.844E-01 7.213E-01 7.513E-01 7.944E-01 8.301E-01 8.721E-01 9.047E-01 9.875E-01 1.037E+00 1.199E+00 1.373E+00 1.691E+00 2.115E+00 3.181E+00 3.410E+00 3.597E+00 3.741E+00 3.863E+00 3.980E+00 3.967E+00 3.701E+00 3.437E+00 3.191E+00 2.839E+00 2.691E+00 2.647E+00 2.631E+00 2.653E+00 2.642E+00 2.602E+00 2.560E+00 2.468E+00 2.383E+00 2.220E+00 2.012E+00 1.845E+00 1.232E+00 8.589E-01 6.393E-01 6.124E-01 6.219E-01 6.172E-01 5.929E-01 5.866E-01 5.375E-01 5.106E-01 4.855E-01 4.703E-01 4.248E-01 3.837E-01 3.526E-01 2.973E-01 2.451E-01 2.110E-01 1.398E-01 9.480E-02
  6.000E+00  3.967E-01 4.069E-01 4.686E-01 4.857E-01 5.115E-01 5.267E-01 5.541E-01 5.793E-01 5.993E-01 6.199E-01 6.312E-01 6.584E-01 6.937E-01 7.404E-01 8.479E-01 9.322E-01 1.043E+00 1.157E+00 1.740E+00 1.931E+00 2.137E+00 2.338E+00 2.498E+00 2.729E+00 2.828E+00 2.788E+00 2.717E+00 2.625E+00 2.406E+00 2.291E+00 2.289E+00 2.348E+00 2.417E+00 2.424E+00 2.402E+00 2.371E+00 2.296E+00 2.224E+00 2.080E+00 1.892E+00 1.739E+00 1.168E+00 8.170E-01 6.104E-01 5.882E-01 5.988E-01 5.968E-01 5.750E-01 5.693E-01 5.240E-01 4.987E-01 4.751E-01 4.607E-01 4.172E-01 3.776E-01 3.475E-01 2.937E-01 2.427E-01 2.092E-01 1.388E-01 9.427E-02
  8.000E+00  3.118E-01 3.345E-01 3.702E-01 3.730E-01 3.836E-01 3.963E-01 4.002E-01 4.164E-01 4.266E-01 4.348E-01 4.434E-01 4.562E-01 4.668E-01 4.870E-01 5.365E-01 5.670E-01 6.289E-01 6.315E-01 7.837E-01 6.099E-01 7.028E-01 8.366E-01 9.703E-01 1.193E+00 1.315E+00 1.417E+00 1.535E+00 1.633E+00 1.593E+00 1.532E+00 1.593E+00 1.768E+00 1.917E+00 1.955E+00 1.965E+00 1.956E+00 1.917E+00 1.869E+00 1.765E+00 1.620E+00 1.497E+00 1.020E+00 7.198E-01 5.430E-01 5.312E-01 5.441E-01 5.481E-01 5.322E-01 5.278E-01 4.910E-01 4.698E-01 4.495E-01 4.370E-01 3.986E-01 3.626E-01 3.349E-01 2.848E-01 2.366E-01 2.046E-01 1.364E-01 9.295E-02
  1.000E+01  2.741E-01 3.067E-01 3.272E-01 3.237E-01 3.249E-01 3.273E-01 3.398E-01 3.427E-01 3.493E-01 3.538E-01 3.598E-01 3.654E-01 3.693E-01 3.853E-01 4.074E-01 4.203E-01 4.617E-01 4.538E-01 5.372E-01 2.668E-01 2.910E-01 3.562E-01 4.492E-01 5.845E-01 6.412E-01 6.796E-01 7.991E-01 9.455E-01 9.613E-01 9.310E-01 1.022E+00 1.251E+00 1.440E+00 1.498E+00 1.530E+00 1.538E+00 1.528E+00 1.502E+00 1.435E+00 1.330E+00 1.237E+00 8.587E-01 6.124E-01 4.678E-01 4.663E-01 4.814E-01 4.916E-01 4.820E-01 4.790E-01 4.518E-01 4.351E-01 4.189E-01 4.086E-01 3.760E-01 3.441E-01 3.195E-01 2.739E-01 2.291E-01 1.988E-01 1.334E-01 9.128E-02
  1.200E+01  2.500E-01 2.872E-01 2.887E-01 2.820E-01 2.849E-01 2.918E-01 2.995E-01 3.012E-01 2.999E-01 3.027E-01 3.097E-01 3.110E-01 3.186E-01 3.223E-01 3.392E-01 3.385E-01 3.763E-01 3.517E-01 4.183E-01 1.574E-01 1.668E-01 2.114E-01 2.877E-01 3.767E-01 3.921E-01 3.607E-01 4.286E-01 5.528E-01 5.464E-01 5.279E-01 6.213E-01 8.471E-01 1.037E+00 1.099E+00 1.142E+00 1.161E+00 1.169E+00 1.160E+00 1.121E+00 1.052E+00 9.854E-01 6.979E-01 5.039E-01 3.905E-01 3.982E-01 4.150E-01 4.309E-01 4.273E-01 4.259E-01 4.084E-01 3.965E-01 3.844E-01 3.765E-01 3.502E-01 3.229E-01 3.016E-01 2.611E-01 2.202E-01 1.920E-01 1.299E-01 8.929E-02
  1.400E+01  2.283E-01 2.636E-01 2.539E-01 2.482E-01 2.542E-01 2.610E-01 2.647E-01 2.615E-01 2.687E-01 2.707E-01 2.719E-01 2.766E-01 2.761E-01 2.822E-01 2.913E-01 2.977E-01 3.064E-01 3.001E-01 3.393E-01 1.023E-01 1.089E-01 1.487E-01 2.180E-01 2.916E-01 2.930E-01 2.355E-01 2.682E-01 3.605E-01 3.086E-01 2.930E-01 3.763E-01 5.658E-01 7.274E-01 7.840E-01 8.268E-01 8.478E-01 8.652E-01 8.654E-01 8.468E-01 8.035E-01 7.585E-01 5.488E-01 4.017E-01 3.164E-01 3.312E-01 3.489E-01 3.692E-01 3.712E-01 3.711E-01 3.628E-01 3.555E-01 3.475E-01 3.420E-01 3.221E-01 2.997E-01 2.818E-01 2.468E-01 2.102E-01 1.843E-01 1.258E-01 8.700E-02
  1.600E+01  2.155E-01 2.413E-01 2.270E-01 2.202E-01 2.301E-01 2.350E-01 2.377E-01 2.359E-01 2.387E-01 2.400E-01 2.417E-01 2.430E-01 2.450E-01 2.483E-01 2.591E-01 2.553E-01 2.655E-01 2.547E-01 2.788E-01 6.987E-02 7.463E-02 1.116E-01 1.749E-01 2.419E-01 2.385E-01 1.799E-01 2.010E-01 2.728E-01 1.851E-01 1.707E-01 2.419E-01 3.867E-01 5.085E-01 5.530E-01 5.886E-01 6.072E-01 6.257E-01 6.299E-01 6.225E-01 5.967E-01 5.670E-01 4.188E-01 3.109E-01 2.493E-01 2.687E-01 2.865E-01 3.097E-01 3.161E-01 3.171E-01 3.168E-01 3.138E-01 3.096E-01 3.063E-01 2.927E-01 2.751E-01 2.608E-01 2.314E-01 1.993E-01 1.758E-01 1.213E-01 8.443E-02
  1.800E+01  2.057E-01 2.129E-01 2.025E-01 1.999E-01 2.052E-01 2.089E-01 2.129E-01 2.135E-01 2.106E-01 2.110E-01 2.162E-01 2.156E-01 2.210E-01 2.194E-01 2.215E-01 2.229E-01 2.364E-01 2.162E-01 2.335E-01 4.983E-02 5.324E-02 8.746E-02 1.449E-01 2.061E-01 2.000E-01 1.477E-01 1.679E-01 2.290E-01 1.232E-01 1.110E-01 1.728E-01 2.791E-01 3.627E-01 3.938E-01 4.192E-01 4.331E-01 4.478E-01 4.523E-01 4.496E-01 4.339E-01 4.145E-01 3.116E-01 2.344E-01 1.914E-01 2.129E-01 2.300E-01 2.546E-01 2.642E-01 2.661E-01 2.723E-01 2.728E-01 2.720E-01 2.708E-01 2.628E-01 2.499E-01 2.390E-01 2.152E-01 1.877E-01 1.667E-01 1.164E-01 8.163E-02
  2.000E+01  1.901E-01 1.883E-01 1.842E-01 1.759E-01 1.814E-01 1.850E-01 1.867E-01 1.861E-01 1.883E-01 1.893E-01 1.921E-01 1.952E-01 1.896E-01 1.913E-01 1.949E-01 2.011E-01 1.987E-01 1.917E-01 1.962E-01 3.690E-02 3.940E-02 7.103E-02 1.233E-01 1.769E-01 1.698E-01 1.252E-01 1.465E-01 2.005E-01 9.022E-02 8.117E-02 1.367E-01 2.151E-01 2.687E-01 2.882E-01 3.040E-01 3.126E-01 3.218E-01 3.246E-01 3.226E-01 3.120E-01 2.987E-01 2.272E-01 1.729E-01 1.438E-01 1.653E-01 1.810E-01 2.054E-01 2.170E-01 2.194E-01 2.304E-01 2.338E-01 2.358E-01 2.363E-01 2.334E-01 2.247E-01 2.169E-01 1.985E-01 1.755E-01 1.572E-01 1.112E-01 7.862E-02
  2.200E+01  1.630E-01 1.583E-01 1.733E-01 1.542E-01 1.599E-01 1.644E-01 1.685E-01 1.671E-01 1.673E-01 1.680E-01 1.681E-01 1.715E-01 1.688E-01 1.755E-01 1.758E-01 1.683E-01 1.817E-01 1.625E-01 1.649E-01 2.820E-02 3.008E-02 5.932E-02 1.073E-01 1.524E-01 1.456E-01 1.086E-01 1.299E-01 1.773E-01 7.016E-02 6.435E-02 1.154E-01 1.750E-01 2.080E-01 2.189E-01 2.272E-01 2.314E-01 2.354E-01 2.360E-01 2.329E-01 2.243E-01 2.144E-01 1.635E-01 1.254E-01 1.061E-01 1.260E-01 1.400E-01 1.629E-01 1.753E-01 1.781E-01 1.922E-01 1.977E-01 2.018E-01 2.036E-01 2.050E-01 2.000E-01 1.951E-01 1.817E-01 1.632E-01 1.473E-01 1.057E-01 7.544E-02
  2.400E+01  1.400E-01 1.353E-01 1.604E-01 1.385E-01 1.378E-01 1.503E-01 1.488E-01 1.501E-01 1.478E-01 1.482E-01 1.491E-01 1.497E-01 1.540E-01 1.511E-01 1.530E-01 1.514E-01 1.586E-01 1.431E-01 1.406E-01 2.212E-02 2.359E-02 5.056E-02 9.405E-02 1.327E-01 1.265E-01 9.570E-02 1.160E-01 1.567E-01 5.616E-02 5.315E-02 1.002E-01 1.471E-01 1.672E-01 1.725E-01 1.757E-01 1.768E-01 1.769E-01 1.756E-01 1.710E-01 1.630E-01 1.549E-01 1.171E-01 9.015E-02 7.724E-02 9.477E-02 1.068E-01 1.274E-01 1.398E-01 1.426E-01 1.583E-01 1.651E-01 1.707E-01 1.735E-01 1.782E-01 1.764E-01 1.740E-01 1.651E-01 1.507E-01 1.373E-01 1.001E-01 7.212E-02
  2.600E+01  1.179E-01 1.225E-01 1.380E-01 1.314E-01 1.266E-01 1.369E-01 1.306E-01 1.330E-01 1.333E-01 1.329E-01 1.339E-01 1.323E-01 1.344E-01 1.319E-01 1.344E-01 1.334E-01 1.362E-01 1.257E-01 1.192E-01 1.774E-02 1.891E-02 4.376E-02 8.267E-02 1.171E-01 1.114E-01 8.525E-02 1.039E-01 1.380E-01 4.558E-02 4.477E-02 8.790E-02 1.256E-01 1.379E-01 1.399E-01 1.401E-01 1.394E-01 1.369E-01 1.344E-01 1.287E-01 1.208E-01 1.137E-01 8.432E-02 6.471E-02 5.592E-02 7.063E-02 8.063E-02 9.861E-02 1.101E-01 1.128E-01 1.289E-01 1.364E-01 1.429E-01 1.464E-01 1.534E-01 1.541E-01 1.539E-01 1.490E-01 1.383E-01 1.273E-01 9.431E-02 6.871E-02
  2.800E+01  1.176E-01 1.203E-01 1.082E-01 1.220E-01 1.185E-01 1.193E-01 1.123E-01 1.146E-01 1.197E-01 1.195E-01 1.162E-01 1.188E-01 1.153E-01 1.178E-01 1.202E-01 1.131E-01 1.242E-01 1.066E-01 1.017E-01 1.450E-02 1.545E-02 3.837E-02 7.302E-02 1.040E-01 9.883E-02 7.639E-02 9.335E-02 1.212E-01 3.733E-02 3.813E-02 7.732E-02 1.079E-01 1.155E-01 1.158E-01 1.144E-01 1.126E-01 1.089E-01 1.057E-01 9.956E-02 9.184E-02 8.550E-02 6.154E-02 4.678E-02 4.055E-02 5.247E-02 6.060E-02 7.575E-02 8.605E-02 8.853E-02 1.039E-01 1.116E-01 1.185E-01 1.223E-01 1.309E-01 1.336E-01 1.351E-01 1.335E-01 1.263E-01 1.174E-01 8.851E-02 6.522E-02
  3.000E+01  9.800E-02 1.042E-01 1.006E-01 1.025E-01 1.086E-01 9.500E-02 9.891E-02 1.003E-01 1.036E-01 1.044E-01 1.022E-01 1.039E-01 1.023E-01 1.043E-01 1.014E-01 1.030E-01 1.042E-01 9.565E-02 8.819E-02 1.204E-02 1.283E-02 3.394E-02 6.489E-02 9.249E-02 8.795E-02 6.865E-02 8.387E-02 1.063E-01 3.082E-02 3.275E-02 6.807E-02 9.297E-02 9.755E-02 9.689E-02 9.480E-02 9.269E-02 8.853E-02 8.517E-02 7.900E-02 7.168E-02 6.595E-02 4.587E-02 3.435E-02 2.967E-02 3.909E-02 4.558E-02 5.803E-02 6.692E-02 6.910E-02 8.322E-02 9.061E-02 9.747E-02 1.014E-01 1.109E-01 1.150E-01 1.177E-01 1.189E-01 1.146E-01 1.077E-01 8.274E-02 6.170E-02
  3.200E+01  8.800E-02 8.940E-02 9.539E-02 8.085E-02 8.182E-02 8.990E-02 9.013E-02 8.942E-02 8.867E-02 8.975E-02 8.929E-02 9.078E-02 8.964E-02 9.212E-02 9.341E-02 8.763E-02 9.386E-02 8.168E-02 7.513E-02 1.014E-02 1.081E-02 3.017E-02 5.811E-02 8.187E-02 7.820E-02 6.181E-02 7.529E-02 9.307E-02 2.563E-02 2.834E-02 5.997E-02 8.017E-02 8.277E-02 8.166E-02 7.934E-02 7.716E-02 7.304E-02 6.979E-02 6.399E-02 5.726E-02 5.214E-02 3.504E-02 2.577E-02 2.207E-02 2.940E-02 3.452E-02 4.456E-02 5.199E-02 5.386E-02 6.635E-02 7.318E-02 7.971E-02 8.354E-02 9.330E-02 9.827E-02 1.019E-01 1.052E-01 1.035E-01 9.835E-02 7.703E-02 5.818E-02
  3.400E+01  8.524E-02 8.235E-02 7.819E-02 8.454E-02 7.649E-02 8.461E-02 8.218E-02 7.798E-02 7.979E-02 7.919E-02 7.898E-02 7.752E-02 8.038E-02 7.882E-02 7.722E-02 7.921E-02 8.001E-02 7.216E-02 6.558E-02 8.639E-03 9.219E-03 2.695E-02 5.224E-02 7.211E-02 6.948E-02 5.575E-02 6.748E-02 8.143E-02 2.146E-02 2.469E-02 5.287E-02 6.922E-02 7.045E-02 6.913E-02 6.682E-02 6.474E-02 6.088E-02 5.790E-02 5.263E-02 4.661E-02 4.208E-02 2.744E-02 1.981E-02 1.676E-02 2.245E-02 2.646E-02 3.446E-02 4.054E-02 4.210E-02 5.283E-02 5.893E-02 6.493E-02 6.853E-02 7.809E-02 8.352E-02 8.773E-02 9.266E-02 9.296E-02 8.940E-02 7.144E-02 5.469E-02
  3.600E+01  7.255E-02 7.079E-02 7.066E-02 6.555E-02 7.298E-02 6.515E-02 6.424E-02 7.135E-02 6.875E-02 6.883E-02 6.957E-02 6.664E-02 7.092E-02 6.756E-02 7.157E-02 6.748E-02 7.030E-02 6.216E-02 5.668E-02 7.444E-03 7.951E-03 2.417E-02 4.675E-02 6.408E-02 6.213E-02 5.031E-02 6.038E-02 7.124E-02 1.809E-02 2.163E-02 4.666E-02 5.987E-02 6.014E-02 5.874E-02 5.653E-02 5.461E-02 5.111E-02 4.844E-02 4.376E-02 3.846E-02 3.451E-02 2.197E-02 1.561E-02 1.303E-02 1.746E-02 2.063E-02 2.696E-02 3.186E-02 3.313E-02 4.214E-02 4.745E-02 5.280E-02 5.609E-02 6.510E-02 7.067E-02 7.517E-02 8.119E-02 8.314E-02 8.091E-02 6.602E-02 5.124E-02
  3.800E+01  6.568E-02 6.090E-02 6.084E-02 6.061E-02 5.681E-02 6.706E-02 6.443E-02 5.693E-02 5.896E-02 5.916E-02 6.024E-02 6.002E-02 6.229E-02 6.007E-02 5.985E-02 5.985E-02 6.176E-02 5.465E-02 4.938E-02 6.476E-03 6.925E-03 2.175E-02 4.177E-02 5.778E-02 5.607E-02 4.534E-02 5.397E-02 6.233E-02 1.534E-02 1.903E-02 4.122E-02 5.189E-02 5.150E-02 5.008E-02 4.802E-02 4.627E-02 4.314E-02 4.078E-02 3.668E-02 3.206E-02 2.864E-02 1.791E-02 1.256E-02 1.037E-02 1.387E-02 1.639E-02 2.142E-02 2.533E-02 2.636E-02 3.379E-02 3.832E-02 4.298E-02 4.590E-02 5.416E-02 5.960E-02 6.416E-02 7.084E-02 7.405E-02 7.294E-02 6.081E-02 4.788E-02
  4.000E+01  5.704E-02 5.354E-02 5.040E-02 5.104E-02 5.462E-02 4.862E-02 4.740E-02 5.618E-02 5.353E-02 5.344E-02 5.395E-02 5.234E-02 5.348E-02 5.126E-02 5.254E-02 5.242E-02 5.155E-02 4.786E-02 4.322E-02 5.682E-03 6.086E-03 1.966E-02 3.757E-02 5.205E-02 5.053E-02 4.078E-02 4.823E-02 5.455E-02 1.308E-02 1.681E-02 3.645E-02 4.507E-02 4.424E-02 4.286E-02 4.095E-02 3.937E-02 3.659E-02 3.451E-02 3.093E-02 2.694E-02 2.398E-02 1.480E-02 1.028E-02 8.415E-03 1.125E-02 1.328E-02 1.731E-02 2.042E-02 2.125E-02 2.732E-02 3.111E-02 3.511E-02 3.765E-02 4.504E-02 5.017E-02 5.462E-02 6.160E-02 6.572E-02 6.552E-02 5.582E-02 4.461E-02
  4.200E+01  4.773E-02 4.990E-02 4.638E-02 4.578E-02 4.261E-02 5.116E-02 4.640E-02 4.236E-02 4.663E-02 4.670E-02 4.481E-02 4.671E-02 4.576E-02 4.634E-02 4.689E-02 4.501E-02 4.801E-02 4.148E-02 3.737E-02 5.025E-03 5.391E-03 1.780E-02 3.396E-02 4.629E-02 4.513E-02 3.663E-02 4.309E-02 4.777E-02 1.121E-02 1.490E-02 3.227E-02 3.925E-02 3.814E-02 3.681E-02 3.507E-02 3.364E-02 3.117E-02 2.935E-02 2.623E-02 2.276E-02 2.022E-02 1.237E-02 8.537E-03 6.943E-03 9.289E-03 1.097E-02 1.425E-02 1.674E-02 1.740E-02 2.232E-02 2.546E-02 2.884E-02 3.102E-02 3.751E-02 4.221E-02 4.642E-02 5.341E-02 5.814E-02 5.867E-02 5.109E-02 4.145E-02
  4.400E+01  3.751E-02 4.143E-02 4.287E-02 3.825E-02 3.843E-02 3.585E-02 3.569E-02 4.224E-02 3.905E-02 3.971E-02 4.038E-02 4.108E-02 3.857E-02 4.034E-02 3.991E-02 3.998E-02 3.901E-02 3.616E-02 3.286E-02 4.475E-03 4.810E-03 1.612E-02 3.067E-02 4.108E-02 4.029E-02 3.293E-02 3.845E-02 4.189E-02 9.652E-03 1.325E-02 2.861E-02 3.426E-02 3.299E-02 3.174E-02 3.015E-02 2.887E-02 2.667E-02 2.507E-02 2.235E-02 1.934E-02 1.715E-02 1.041E-02 7.159E-03 5.803E-03 7.791E-03 9.205E-03 1.192E-02 1.394E-02 1.447E-02 1.847E-02 2.106E-02 2.388E-02 2.573E-02 3.133E-02 3.555E-02 3.944E-02 4.623E-02 5.129E-02 5.238E-02 4.663E-02 3.843E-02
  4.600E+01  3.656E-02 3.316E-02 3.326E-02 3.687E-02 3.700E-02 3.526E-02 3.491E-02 3.324E-02 3.697E-02 3.662E-02 3.410E-02 3.465E-02 3.472E-02 3.514E-02 3.535E-02 3.410E-02 3.571E-02 3.170E-02 2.886E-02 4.011E-03 4.320E-03 1.462E-02 2.765E-02 3.697E-02 3.634E-02 2.964E-02 3.429E-02 3.680E-02 8.348E-03 1.181E-02 2.539E-02 2.999E-02 2.864E-02 2.747E-02 2.602E-02 2.487E-02 2.292E-02 2.151E-02 1.913E-02 1.652E-02 1.461E-02 8.826E-03 6.051E-03 4.898E-03 6.617E-03 7.830E-03 1.013E-02 1.178E-02 1.222E-02 1.549E-02 1.761E-02 1.996E-02 2.152E-02 2.631E-02 3.002E-02 3.354E-02 3.997E-02 4.516E-02 4.666E-02 4.246E-02 3.554E-02
  4.800E+01  3.114E-02 3.049E-02 3.007E-02 2.970E-02 2.849E-02 3.111E-02 3.084E-02 2.810E-02 2.787E-02 2.851E-02 2.890E-02 3.156E-02 2.986E-02 3.051E-02 3.102E-02 3.041E-02 3.028E-02 2.780E-02 2.519E-02 3.617E-03 3.903E-03 1.330E-02 2.490E-02 3.358E-02 3.293E-02 2.664E-02 3.059E-02 3.238E-02 7.251E-03 1.055E-02 2.257E-02 2.632E-02 2.495E-02 2.386E-02 2.255E-02 2.152E-02 1.979E-02 1.854E-02 1.645E-02 1.417E-02 1.252E-02 7.521E-03 5.146E-03 4.166E-03 5.675E-03 6.733E-03 8.710E-03 1.010E-02 1.047E-02 1.316E-02 1.492E-02 1.687E-02 1.817E-02 2.222E-02 2.545E-02 2.859E-02 3.455E-02 3.971E-02 4.148E-02 3.857E-02 3.281E-02
  5.000E+01  2.793E-02 2.504E-02 2.748E-02 2.594E-02 2.666E-02 2.290E-02 2.299E-02 2.794E-02 2.480E-02 2.510E-02 2.705E-02 2.697E-02 2.581E-02 2.663E-02 2.652E-02 2.608E-02 2.661E-02 2.432E-02 2.206E-02 3.280E-03 3.547E-03 1.212E-02 2.250E-02 3.021E-02 2.959E-02 2.389E-02 2.733E-02 2.853E-02 6.323E-03 9.447E-03 2.009E-02 2.316E-02 2.181E-02 2.081E-02 1.962E-02 1.870E-02 1.716E-02 1.605E-02 1.421E-02 1.221E-02 1.077E-02 6.441E-03 4.399E-03 3.566E-03 4.906E-03 5.840E-03 7.571E-03 8.759E-03 9.071E-03 1.133E-02 1.278E-02 1.441E-02 1.550E-02 1.892E-02 2.168E-02 2.445E-02 2.990E-02 3.489E-02 3.683E-02 3.498E-02 3.023E-02
  5.200E+01  2.295E-02 2.238E-02 2.062E-02 2.268E-02 2.423E-02 2.023E-02 2.340E-02 2.261E-02 2.387E-02 2.385E-02 2.378E-02 2.202E-02 2.187E-02 2.242E-02 2.346E-02 2.314E-02 2.309E-02 2.111E-02 1.936E-02 2.989E-03 3.240E-03 1.105E-02 2.050E-02 2.680E-02 2.634E-02 2.144E-02 2.444E-02 2.519E-02 5.536E-03 8.477E-03 1.792E-02 2.043E-02 1.913E-02 1.822E-02 1.714E-02 1.632E-02 1.494E-02 1.396E-02 1.233E-02 1.058E-02 9.312E-03 5.542E-03 3.779E-03 3.067E-03 4.268E-03 5.101E-03 6.637E-03 7.670E-03 7.940E-03 9.859E-03 1.108E-02 1.245E-02 1.337E-02 1.624E-02 1.859E-02 2.100E-02 2.591E-02 3.065E-02 3.267E-02 3.166E-02 2.780E-02
  5.400E+01  2.109E-02 1.939E-02 1.880E-02 2.009E-02 1.960E-02 1.927E-02 2.116E-02 1.717E-02 1.974E-02 1.976E-02 1.893E-02 1.979E-02 1.958E-02 1.988E-02 2.046E-02 1.961E-02 2.009E-02 1.890E-02 1.709E-02 2.737E-03 2.973E-03 1.008E-02 1.865E-02 2.391E-02 2.359E-02 1.928E-02 2.185E-02 2.229E-02 4.865E-03 7.623E-03 1.601E-02 1.808E-02 1.684E-02 1.600E-02 1.504E-02 1.429E-02 1.306E-02 1.219E-02 1.075E-02 9.199E-03 8.087E-03 4.791E-03 3.261E-03 2.651E-03 3.733E-03 4.481E-03 5.858E-03 6.771E-03 7.008E-03 8.668E-03 9.711E-03 1.087E-02 1.164E-02 1.406E-02 1.605E-02 1.814E-02 2.251E-02 2.693E-02 2.897E-02 2.863E-02 2.554E-02
  5.600E+01  1.698E-02 1.815E-02 1.628E-02 1.652E-02 1.528E-02 1.677E-02 1.762E-02 1.545E-02 1.478E-02 1.506E-02 1.577E-02 1.715E-02 1.704E-02 1.700E-02 1.787E-02 1.771E-02 1.786E-02 1.625E-02 1.493E-02 2.518E-03 2.741E-03 9.201E-03 1.677E-02 2.183E-02 2.147E-02 1.735E-02 1.954E-02 1.977E-02 4.291E-03 6.870E-03 1.433E-02 1.604E-02 1.487E-02 1.411E-02 1.324E-02 1.257E-02 1.147E-02 1.069E-02 9.409E-03 8.036E-03 7.055E-03 4.159E-03 2.826E-03 2.301E-03 3.280E-03 3.957E-03 5.201E-03 6.017E-03 6.229E-03 7.686E-03 8.586E-03 9.580E-03 1.024E-02 1.228E-02 1.396E-02 1.576E-02 1.963E-02 2.370E-02 2.569E-02 2.586E-02 2.343E-02
  5.800E+01  1.557E-02 1.499E-02 1.324E-02 1.239E-02 1.343E-02 1.365E-02 1.390E-02 1.427E-02 1.194E-02 1.217E-02 1.403E-02 1.471E-02 1.451E-02 1.522E-02 1.530E-02 1.496E-02 1.512E-02 1.439E-02 1.311E-02 2.327E-03 2.538E-03 8.407E-03 1.508E-02 2.000E-02 1.954E-02 1.561E-02 1.751E-02 1.758E-02 3.798E-03 6.204E-03 1.285E-02 1.427E-02 1.318E-02 1.249E-02 1.170E-02 1.110E-02 1.011E-02 9.414E-03 8.271E-03 7.051E-03 6.181E-03 3.626E-03 2.459E-03 2.006E-03 2.896E-03 3.510E-03 4.640E-03 5.378E-03 5.568E-03 6.865E-03 7.653E-03 8.516E-03 9.083E-03 1.082E-02 1.224E-02 1.378E-02 1.718E-02 2.089E-02 2.280E-02 2.335E-02 2.148E-02
  6.000E+01  1.267E-02 1.149E-02 1.145E-02 1.062E-02 1.128E-02 1.077E-02 1.114E-02 1.264E-02 1.067E-02 1.080E-02 1.278E-02 1.213E-02 1.228E-02 1.279E-02 1.345E-02 1.317E-02 1.360E-02 1.273E-02 1.153E-02 2.159E-03 2.359E-03 7.694E-03 1.377E-02 1.786E-02 1.746E-02 1.404E-02 1.572E-02 1.566E-02 3.374E-03 5.614E-03 1.154E-02 1.274E-02 1.172E-02 1.109E-02 1.038E-02 9.835E-03 8.946E-03 8.323E-03 7.301E-03 6.213E-03 5.439E-03 3.175E-03 2.148E-03 1.756E-03 2.568E-03 3.127E-03 4.160E-03 4.830E-03 5.003E-03 6.170E-03 6.868E-03 7.626E-03 8.120E-03 9.613E-03 1.081E-02 1.214E-02 1.511E-02 1.846E-02 2.026E-02 2.107E-02 1.968E-02
  6.200E+01  1.075E-02 9.419E-03 1.012E-02 9.482E-03 9.768E-03 8.829E-03 9.295E-03 1.098E-02 9.399E-03 9.523E-03 1.104E-02 1.022E-02 1.021E-02 1.099E-02 1.130E-02 1.173E-02 1.158E-02 1.110E-02 1.022E-02 2.010E-03 2.201E-03 7.051E-03 1.265E-02 1.574E-02 1.551E-02 1.266E-02 1.414E-02 1.399E-02 3.008E-03 5.091E-03 1.039E-02 1.140E-02 1.046E-02 9.884E-03 9.238E-03 8.749E-03 7.948E-03 7.388E-03 6.471E-03 5.497E-03 4.806E-03 2.792E-03 1.885E-03 1.543E-03 2.286E-03 2.798E-03 3.745E-03 4.358E-03 4.516E-03 5.575E-03 6.201E-03 6.874E-03 7.309E-03 8.601E-03 9.615E-03 1.076E-02 1.335E-02 1.636E-02 1.804E-02 1.903E-02 1.803E-02
  6.400E+01  9.068E-03 8.207E-03 8.792E-03 8.278E-03 7.958E-03 7.422E-03 7.989E-03 9.330E-03 8.411E-03 8.525E-03 9.429E-03 8.514E-03 8.694E-03 9.528E-03 9.999E-03 9.778E-03 1.048E-02 9.612E-03 8.862E-03 1.880E-03 2.061E-03 6.460E-03 1.146E-02 1.427E-02 1.406E-02 1.143E-02 1.272E-02 1.253E-02 2.691E-03 4.627E-03 9.378E-03 1.023E-02 9.363E-03 8.841E-03 8.254E-03 7.812E-03 7.088E-03 6.584E-03 5.759E-03 4.883E-03 4.263E-03 2.465E-03 1.660E-03 1.362E-03 2.044E-03 2.514E-03 3.386E-03 3.949E-03 4.095E-03 5.062E-03 5.628E-03 6.232E-03 6.619E-03 7.747E-03 8.614E-03 9.603E-03 1.186E-02 1.455E-02 1.609E-02 1.719E-02 1.652E-02
  6.600E+01  7.552E-03 7.008E-03 7.222E-03 6.998E-03 6.630E-03 6.335E-03 6.745E-03 7.541E-03 7.360E-03 7.519E-03 8.105E-03 7.083E-03 7.396E-03 7.781E-03 8.358E-03 8.938E-03 8.704E-03 8.713E-03 7.885E-03 1.764E-03 1.936E-03 5.920E-03 1.031E-02 1.323E-02 1.290E-02 1.032E-02 1.147E-02 1.125E-02 2.416E-03 4.215E-03 8.481E-03 9.210E-03 8.411E-03 7.935E-03 7.403E-03 7.002E-03 6.346E-03 5.890E-03 5.144E-03 4.355E-03 3.797E-03 2.185E-03 1.469E-03 1.207E-03 1.836E-03 2.269E-03 3.074E-03 3.594E-03 3.728E-03 4.617E-03 5.131E-03 5.678E-03 6.025E-03 7.020E-03 7.766E-03 8.625E-03 1.060E-02 1.299E-02 1.440E-02 1.554E-02 1.513E-02
  6.800E+01  6.170E-03 5.553E-03 6.050E-03 5.776E-03 5.529E-03 5.273E-03 5.751E-03 6.494E-03 6.087E-03 6.226E-03 6.782E-03 6.065E-03 6.507E-03 6.863E-03 7.430E-03 7.598E-03 7.808E-03 7.669E-03 7.004E-03 1.661E-03 1.825E-03 5.437E-03 9.400E-03 1.196E-02 1.163E-02 9.326E-03 1.036E-02 1.014E-02 2.177E-03 3.849E-03 7.688E-03 8.317E-03 7.582E-03 7.147E-03 6.663E-03 6.298E-03 5.703E-03 5.289E-03 4.613E-03 3.900E-03 3.396E-03 1.944E-03 1.304E-03 1.074E-03 1.656E-03 2.056E-03 2.803E-03 3.283E-03 3.407E-03 4.228E-03 4.699E-03 5.197E-03 5.511E-03 6.395E-03 7.043E-03 7.793E-03 9.521E-03 1.164E-02 1.292E-02 1.407E-02 1.387E-02
  7.000E+01  4.843E-03 4.364E-03 4.737E-03 4.788E-03 4.635E-03 4.476E-03 4.993E-03 5.539E-03 5.214E-03 5.355E-03 5.944E-03 5.008E-03 5.284E-03 6.058E-03 6.339E-03 6.586E-03 6.954E-03 6.518E-03 6.085E-03 1.570E-03 1.726E-03 5.000E-03 8.632E-03 1.058E-02 1.039E-02 8.452E-03 9.376E-03 9.158E-03 1.968E-03 3.522E-03 6.986E-03 7.532E-03 6.857E-03 6.460E-03 6.018E-03 5.686E-03 5.144E-03 4.767E-03 4.153E-03 3.505E-03 3.048E-03 1.737E-03 1.163E-03 9.595E-04 1.500E-03 1.871E-03 2.566E-03 3.012E-03 3.127E-03 3.887E-03 4.321E-03 4.776E-03 5.062E-03 5.854E-03 6.421E-03 7.080E-03 8.598E-03 1.048E-02 1.163E-02 1.275E-02 1.273E-02
  7.200E+01  4.114E-03 3.592E-03 3.898E-03 3.689E-03 4.081E-03 3.731E-03 3.938E-03 4.594E-03 4.287E-03 4.394E-03 4.907E-03 4.522E-03 4.784E-03 5.007E-03 5.451E-03 5.858E-03 5.917E-03 5.886E-03 5.377E-03 1.488E-03 1.637E-03 4.594E-03 7.834E-03 9.642E-03 9.482E-03 7.685E-03 8.495E-03 8.300E-03 1.786E-03 3.231E-03 6.363E-03 6.843E-03 6.223E-03 5.860E-03 5.456E-03 5.152E-03 4.657E-03 4.313E-03 3.753E-03 3.162E-03 2.747E-03 1.558E-03 1.040E-03 8.609E-04 1.364E-03 1.710E-03 2.359E-03 2.774E-03 2.881E-03 3.587E-03 3.988E-03 4.407E-03 4.669E-03 5.382E-03 5.883E-03 6.466E-03 7.805E-03 9.475E-03 1.051E-02 1.159E-02 1.169E-02
  7.400E+01  3.425E-03 3.366E-03 3.110E-03 2.811E-03 3.279E-03 3.270E-03 3.121E-03 3.911E-03 3.479E-03 3.537E-03 4.174E-03 4.072E-03 3.931E-03 4.674E-03 4.901E-03 4.994E-03 5.239E-03 5.281E-03 4.885E-03 1.415E-03 1.557E-03 4.224E-03 7.083E-03 9.016E-03 8.747E-03 6.990E-03 7.719E-03 7.544E-03 1.626E-03 2.972E-03 5.811E-03 6.237E-03 5.668E-03 5.335E-03 4.964E-03 4.685E-03 4.231E-03 3.916E-03 3.403E-03 2.864E-03 2.484E-03 1.402E-03 9.347E-04 7.757E-04 1.246E-03 1.570E-03 2.177E-03 2.565E-03 2.665E-03 3.324E-03 3.695E-03 4.082E-03 4.322E-03 4.968E-03 5.414E-03 5.934E-03 7.121E-03 8.605E-03 9.530E-03 1.055E-02 1.075E-02
  7.600E+01  2.629E-03 2.653E-03 2.554E-03 2.548E-03 2.694E-03 2.938E-03 2.673E-03 3.244E-03 2.879E-03 2.932E-03 3.352E-03 3.529E-03 3.465E-03 3.833E-03 4.141E-03 4.366E-03 4.780E-03 4.512E-03 4.301E-03 1.350E-03 1.485E-03 3.898E-03 6.516E-03 8.144E-03 7.887E-03 6.358E-03 7.043E-03 6.877E-03 1.486E-03 2.740E-03 5.321E-03 5.703E-03 5.180E-03 4.873E-03 4.533E-03 4.276E-03 3.859E-03 3.569E-03 3.098E-03 2.603E-03 2.255E-03 1.267E-03 8.431E-04 7.019E-04 1.144E-03 1.447E-03 2.018E-03 2.381E-03 2.475E-03 3.091E-03 3.435E-03 3.794E-03 4.016E-03 4.604E-03 5.002E-03 5.469E-03 6.528E-03 7.849E-03 8.677E-03 9.627E-03 9.901E-03
  7.800E+01  2.198E-03 2.274E-03 2.316E-03 2.344E-03 2.216E-03 2.569E-03 2.528E-03 2.672E-03 2.365E-03 2.416E-03 2.632E-03 3.150E-03 3.223E-03 3.391E-03 3.746E-03 3.871E-03 4.051E-03 3.947E-03 3.787E-03 1.291E-03 1.420E-03 3.607E-03 6.041E-03 7.180E-03 7.061E-03 5.800E-03 6.441E-03 6.291E-03 1.363E-03 2.533E-03 4.886E-03 5.232E-03 4.750E-03 4.468E-03 4.154E-03 3.917E-03 3.532E-03 3.265E-03 2.831E-03 2.374E-03 2.055E-03 1.149E-03 7.634E-04 6.378E-04 1.054E-03 1.340E-03 1.878E-03 2.219E-03 2.307E-03 2.884E-03 3.206E-03 3.539E-03 3.744E-03 4.281E-03 4.640E-03 5.061E-03 6.010E-03 7.191E-03 7.931E-03 8.808E-03 9.136E-03
  8.000E+01  1.928E-03 1.803E-03 1.913E-03 1.826E-03 1.954E-03 2.097E-03 2.242E-03 2.233E-03 1.991E-03 2.054E-03 2.149E-03 2.704E-03 2.873E-03 3.069E-03 3.213E-03 3.318E-03 3.814E-03 3.552E-03 3.432E-03 1.239E-03 1.362E-03 3.332E-03 5.499E-03 6.648E-03 6.533E-03 5.313E-03 5.897E-03 5.779E-03 1.255E-03 2.348E-03 4.499E-03 4.816E-03 4.372E-03 4.111E-03 3.820E-03 3.602E-03 3.245E-03 2.998E-03 2.596E-03 2.174E-03 1.879E-03 1.046E-03 6.938E-04 5.819E-04 9.752E-04 1.245E-03 1.754E-03 2.076E-03 2.159E-03 2.702E-03 3.002E-03 3.313E-03 3.503E-03 3.994E-03 4.319E-03 4.701E-03 5.557E-03 6.615E-03 7.277E-03 8.082E-03 8.447E-03
  8.200E+01  1.682E-03 1.503E-03 1.626E-03 1.491E-03 1.782E-03 1.770E-03 1.837E-03 1.805E-03 1.933E-03 1.997E-03 2.051E-03 2.190E-03 2.262E-03 2.438E-03 2.869E-03 2.994E-03 3.269E-03 3.234E-03 3.189E-03 1.192E-03 1.310E-03 3.077E-03 4.960E-03 6.366E-03 6.130E-03 4.880E-03 5.414E-03 5.330E-03 1.159E-03 2.182E-03 4.154E-03 4.448E-03 4.039E-03 3.797E-03 3.527E-03 3.323E-03 2.992E-03 2.762E-03 2.389E-03 1.997E-03 1.724E-03 9.550E-04 6.331E-04 5.333E-04 9.064E-04 1.162E-03 1.645E-03 1.950E-03 2.029E-03 2.540E-03 2.821E-03 3.111E-03 3.288E-03 3.739E-03 4.034E-03 4.383E-03 5.159E-03 6.111E-03 6.703E-03 7.437E-03 7.826E-03
  8.400E+01  1.316E-03 1.356E-03 1.510E-03 1.338E-03 1.368E-03 1.748E-03 1.645E-03 1.755E-03 1.703E-03 1.808E-03 1.986E-03 1.728E-03 2.101E-03 1.962E-03 2.380E-03 2.675E-03 2.916E-03 2.729E-03 2.866E-03 1.150E-03 1.262E-03 2.852E-03 4.572E-03 5.826E-03 5.593E-03 4.488E-03 4.994E-03 4.935E-03 1.074E-03 2.033E-03 3.848E-03 4.123E-03 3.744E-03 3.519E-03 3.267E-03 3.078E-03 2.769E-03 2.554E-03 2.206E-03 1.842E-03 1.588E-03 8.754E-04 5.799E-04 4.907E-04 8.459E-04 1.089E-03 1.549E-03 1.838E-03 1.913E-03 2.396E-03 2.660E-03 2.932E-03 3.096E-03 3.512E-03 3.780E-03 4.100E-03 4.807E-03 5.667E-03 6.198E-03 6.864E-03 7.267E-03
  8.600E+01  1.153E-03 1.197E-03 1.243E-03 1.202E-03 1.279E-03 1.307E-03 1.343E-03 1.406E-03 1.514E-03 1.534E-03 1.668E-03 1.749E-03 2.006E-03 1.931E-03 2.151E-03 2.383E-03 2.815E-03 2.482E-03 2.509E-03 1.112E-03 1.219E-03 2.655E-03 4.285E-03 5.183E-03 5.064E-03 4.140E-03 4.624E-03 4.588E-03 9.997E-04 1.900E-03 3.575E-03 3.835E-03 3.484E-03 3.274E-03 3.038E-03 2.861E-03 2.571E-03 2.371E-03 2.045E-03 1.704E-03 1.467E-03 8.054E-04 5.333E-04 4.535E-04 7.927E-04 1.025E-03 1.464E-03 1.739E-03 1.810E-03 2.268E-03 2.517E-03 2.771E-03 2.925E-03 3.309E-03 3.554E-03 3.848E-03 4.494E-03 5.275E-03 5.753E-03 6.354E-03 6.764E-03
  8.800E+01  1.042E-03 1.046E-03 1.101E-03 1.122E-03 1.152E-03 1.247E-03 1.186E-03 1.380E-03 1.169E-03 1.217E-03 1.540E-03 1.594E-03 1.605E-03 1.908E-03 2.057E-03 2.116E-03 2.426E-03 2.312E-03 2.341E-03 1.078E-03 1.180E-03 2.473E-03 3.953E-03 4.864E-03 4.742E-03 3.834E-03 4.295E-03 4.285E-03 9.335E-04 1.781E-03 3.332E-03 3.581E-03 3.254E-03 3.057E-03 2.836E-03 2.669E-03 2.397E-03 2.208E-03 1.902E-03 1.582E-03 1.360E-03 7.436E-04 4.922E-04 4.209E-04 7.458E-04 9.680E-04 1.389E-03 1.651E-03 1.719E-03 2.154E-03 2.389E-03 2.628E-03 2.772E-03 3.127E-03 3.351E-03 3.623E-03 4.217E-03 4.928E-03 5.358E-03 5.899E-03 6.311E-03
  9.000E+01  8.901E-04 9.463E-04 8.951E-04 9.623E-04 1.159E-03 1.061E-03 1.119E-03 1.208E-03 1.238E-03 1.268E-03 1.257E-03 1.247E-03 1.432E-03 1.653E-03 1.975E-03 1.882E-03 2.183E-03 2.127E-03 2.244E-03 1.047E-03 1.145E-03 2.302E-03 3.604E-03 4.682E-03 4.481E-03 3.562E-03 4.007E-03 4.021E-03 8.747E-04 1.674E-03 3.115E-03 3.356E-03 3.051E-03 2.865E-03 2.657E-03 2.499E-03 2.242E-03 2.064E-03 1.775E-03 1.474E-03 1.266E-03 6.889E-04 4.561E-04 3.922E-04 7.046E-04 9.178E-04 1.322E-03 1.573E-03 1.638E-03 2.053E-03 2.275E-03 2.500E-03 2.635E-03 2.963E-03 3.170E-03 3.421E-03 3.969E-03 4.620E-03 5.008E-03 5.494E-03 5.903E-03
  9.200E+01  8.298E-04 9.198E-04 8.524E-04 9.041E-04 9.260E-04 1.124E-03 1.066E-03 1.126E-03 1.087E-03 1.139E-03 1.103E-03 1.060E-03 1.355E-03 1.204E-03 1.666E-03 1.767E-03 2.091E-03 1.882E-03 1.972E-03 1.020E-03 1.113E-03 2.148E-03 3.356E-03 4.279E-03 4.113E-03 3.318E-03 3.759E-03 3.790E-03 8.226E-04 1.578E-03 2.923E-03 3.157E-03 2.871E-03 2.696E-03 2.498E-03 2.348E-03 2.105E-03 1.936E-03 1.662E-03 1.378E-03 1.182E-03 6.404E-04 4.243E-04 3.671E-04 6.681E-04 8.734E-04 1.263E-03 1.503E-03 1.566E-03 1.962E-03 2.173E-03 2.386E-03 2.513E-03 2.817E-03 3.007E-03 3.240E-03 3.748E-03 4.344E-03 4.695E-03 5.131E-03 5.534E-03
  9.400E+01  8.694E-04 8.980E-04 8.528E-04 8.453E-04 8.766E-04 8.469E-04 9.432E-04 9.371E-04 1.062E-03 1.077E-03 1.006E-03 1.109E-03 1.306E-03 1.293E-03 1.535E-03 1.680E-03 1.949E-03 1.809E-03 1.731E-03 9.953E-04 1.085E-03 2.014E-03 3.174E-03 3.868E-03 3.782E-03 3.100E-03 3.542E-03 3.592E-03 7.762E-04 1.492E-03 2.752E-03 2.981E-03 2.712E-03 2.546E-03 2.357E-03 2.215E-03 1.983E-03 1.822E-03 1.562E-03 1.293E-03 1.107E-03 5.974E-04 3.962E-04 3.449E-04 6.359E-04 8.341E-04 1.210E-03 1.442E-03 1.502E-03 1.881E-03 2.081E-03 2.283E-03 2.403E-03 2.686E-03 2.861E-03 3.078E-03 3.549E-03 4.099E-03 4.417E-03 4.806E-03 5.202E-03
  9.600E+01  7.891E-04 7.980E-04 7.743E-04 8.024E-04 8.747E-04 9.709E-04 9.541E-04 1.036E-03 8.596E-04 8.942E-04 9.910E-04 1.169E-03 1.260E-03 1.239E-03 1.394E-03 1.527E-03 1.685E-03 1.639E-03 1.672E-03 9.731E-04 1.059E-03 1.893E-03 2.944E-03 3.751E-03 3.627E-03 2.909E-03 3.349E-03 3.425E-03 7.349E-04 1.415E-03 2.600E-03 2.827E-03 2.572E-03 2.413E-03 2.233E-03 2.097E-03 1.875E-03 1.721E-03 1.473E-03 1.217E-03 1.040E-03 5.592E-04 3.713E-04 3.254E-04 6.075E-04 7.992E-04 1.163E-03 1.387E-03 1.444E-03 1.809E-03 2.000E-03 2.191E-03 2.304E-03 2.568E-03 2.730E-03 2.932E-03 3.371E-03 3.878E-03 4.167E-03 4.514E-03 4.901E-03
  9.800E+01  8.132E-04 7.815E-04 7.487E-04 7.630E-04 8.446E-04 9.313E-04 8.147E-04 9.607E-04 8.882E-04 9.174E-04 1.012E-03 1.103E-03 1.160E-03 1.314E-03 1.362E-03 1.488E-03 1.612E-03 1.633E-03 1.607E-03 9.532E-04 1.035E-03 1.781E-03 2.697E-03 3.685E-03 3.504E-03 2.748E-03 3.181E-03 3.287E-03 6.981E-04 1.345E-03 2.465E-03 2.691E-03 2.449E-03 2.296E-03 2.123E-03 1.992E-03 1.778E-03 1.631E-03 1.393E-03 1.149E-03 9.805E-04 5.251E-04 3.493E-04 3.082E-04 5.823E-04 7.684E-04 1.122E-03 1.338E-03 1.393E-03 1.744E-03 1.926E-03 2.109E-03 2.216E-03 2.461E-03 2.612E-03 2.801E-03 3.211E-03 3.680E-03 3.942E-03 4.251E-03 4.629E-03
  1.000E+02  7.961E-04 8.050E-04 7.610E-04 7.594E-04 8.194E-04 8.431E-04 8.643E-04 9.856E-04 9.452E-04 9.577E-04 1.056E-03 9.199E-04 1.063E-03 1.304E-03 1.287E-03 1.393E-03 1.473E-03 1.506E-03 1.492E-03 9.353E-04 1.014E-03 1.676E-03 2.533E-03 3.379E-03 3.261E-03 2.613E-03 3.039E-03 3.172E-03 6.652E-04 1.283E-03 2.346E-03 2.572E-03 2.340E-03 2.193E-03 2.025E-03 1.898E-03 1.693E-03 1.551E-03 1.322E-03 1.088E-03 9.272E-04 4.947E-04 3.297E-04 2.930E-04 5.601E-04 7.410E-04 1.085E-03 1.294E-03 1.348E-03 1.687E-03 1.861E-03 2.035E-03 2.136E-03 2.366E-03 2.505E-03 2.684E-03 3.067E-03 3.502E-03 3.739E-03 4.013E-03 4.382E-03
  1.020E+02  8.116E-04 8.404E-04 7.847E-04 7.947E-04 8.431E-04 7.703E-04 9.482E-04 1.029E-03 9.598E-04 9.885E-04 1.001E-03 8.660E-04 1.011E-03 1.176E-03 1.262E-03 1.334E-03 1.447E-03 1.333E-03 1.417E-03 9.192E-04 9.952E-04 1.581E-03 2.428E-03 3.047E-03 3.011E-03 2.492E-03 2.924E-03 3.078E-03 6.359E-04 1.227E-03 2.242E-03 2.469E-03 2.245E-03 2.102E-03 1.939E-03 1.816E-03 1.617E-03 1.479E-03 1.259E-03 1.033E-03 8.794E-04 4.676E-04 3.124E-04 2.796E-04 5.404E-04 7.167E-04 1.052E-03 1.255E-03 1.307E-03 1.635E-03 1.802E-03 1.968E-03 2.065E-03 2.280E-03 2.410E-03 2.577E-03 2.937E-03 3.341E-03 3.556E-03 3.798E-03 4.157E-03
  1.040E+02  9.735E-04 7.932E-04 7.897E-04 8.319E-04 8.628E-04 8.674E-04 8.556E-04 9.164E-04 9.116E-04 9.445E-04 9.817E-04 8.827E-04 1.092E-03 9.554E-04 1.372E-03 1.255E-03 1.347E-03 1.324E-03 1.393E-03 9.049E-04 9.779E-04 1.500E-03 2.303E-03 2.936E-03 2.885E-03 2.382E-03 2.830E-03 3.007E-03 6.097E-04 1.177E-03 2.151E-03 2.380E-03 2.162E-03 2.023E-03 1.863E-03 1.743E-03 1.549E-03 1.415E-03 1.202E-03 9.843E-04 8.365E-04 4.434E-04 2.970E-04 2.677E-04 5.229E-04 6.952E-04 1.022E-03 1.220E-03 1.271E-03 1.588E-03 1.749E-03 1.908E-03 2.000E-03 2.202E-03 2.323E-03 2.482E-03 2.820E-03 3.195E-03 3.390E-03 3.602E-03 3.953E-03
  1.060E+02  1.041E-03 9.042E-04 9.478E-04 8.053E-04 8.970E-04 9.552E-04 9.039E-04 8.950E-04 9.343E-04 9.571E-04 1.018E-03 9.775E-04 1.058E-03 1.152E-03 1.110E-03 1.202E-03 1.335E-03 1.282E-03 1.417E-03 8.920E-04 9.624E-04 1.428E-03 2.158E-03 2.891E-03 2.820E-03 2.294E-03 2.753E-03 2.958E-03 5.863E-04 1.132E-03 2.071E-03 2.303E-03 2.091E-03 1.953E-03 1.796E-03 1.679E-03 1.489E-03 1.359E-03 1.151E-03 9.405E-04 7.980E-04 4.216E-04 2.833E-04 2.573E-04 5.074E-04 6.760E-04 9.961E-04 1.189E-03 1.239E-03 1.547E-03 1.702E-03 1.855E-03 1.942E-03 2.132E-03 2.246E-03 2.395E-03 2.714E-03 3.062E-03 3.239E-03 3.424E-03 3.768E-03
  1.080E+02  1.131E-03 9.475E-04 1.049E-03 9.061E-04 1.032E-03 9.273E-04 9.720E-04 8.769E-04 9.943E-04 1.027E-03 1.022E-03 9.473E-04 1.060E-03 1.030E-03 1.386E-03 1.223E-03 1.352E-03 1.289E-03 1.494E-03 8.805E-04 9.484E-04 1.360E-03 2.031E-03 2.736E-03 2.722E-03 2.236E-03 2.691E-03 2.931E-03 5.653E-04 1.091E-03 2.003E-03 2.239E-03 2.029E-03 1.893E-03 1.738E-03 1.622E-03 1.436E-03 1.308E-03 1.105E-03 9.011E-04 7.634E-04 4.022E-04 2.711E-04 2.480E-04 4.937E-04 6.590E-04 9.728E-04 1.161E-03 1.210E-03 1.510E-03 1.659E-03 1.806E-03 1.890E-03 2.070E-03 2.176E-03 2.317E-03 2.618E-03 2.942E-03 3.101E-03 3.262E-03 3.598E-03
  1.100E+02  1.136E-03 9.940E-04 1.022E-03 9.978E-04 8.844E-04 9.524E-04 1.088E-03 8.933E-04 1.032E-03 1.054E-03 1.087E-03 9.914E-04 1.122E-03 1.154E-03 1.151E-03 1.155E-03 1.511E-03 1.250E-03 1.571E-03 8.702E-04 9.358E-04 1.293E-03 1.918E-03 2.568E-03 2.603E-03 2.194E-03 2.652E-03 2.924E-03 5.465E-04 1.055E-03 1.945E-03 2.185E-03 1.976E-03 1.841E-03 1.687E-03 1.572E-03 1.388E-03 1.263E-03 1.065E-03 8.656E-04 7.322E-04 3.847E-04 2.603E-04 2.398E-04 4.816E-04 6.440E-04 9.521E-04 1.137E-03 1.184E-03 1.476E-03 1.621E-03 1.763E-03 1.844E-03 2.013E-03 2.113E-03 2.247E-03 2.531E-03 2.832E-03 2.975E-03 3.114E-03 3.444E-03
  1.120E+02  1.156E-03 1.130E-03 1.021E-03 1.048E-03 9.391E-04 1.003E-03 1.031E-03 1.080E-03 1.010E-03 1.005E-03 1.075E-03 1.113E-03 1.131E-03 1.186E-03 1.371E-03 1.330E-03 1.730E-03 1.292E-03 1.595E-03 8.610E-04 9.244E-04 1.235E-03 1.821E-03 2.468E-03 2.510E-03 2.158E-03 2.635E-03 2.937E-03 5.296E-04 1.023E-03 1.897E-03 2.142E-03 1.931E-03 1.796E-03 1.642E-03 1.528E-03 1.346E-03 1.223E-03 1.028E-03 8.337E-04 7.041E-04 3.691E-04 2.506E-04 2.325E-04 4.708E-04 6.306E-04 9.337E-04 1.115E-03 1.161E-03 1.446E-03 1.587E-03 1.724E-03 1.802E-03 1.962E-03 2.056E-03 2.183E-03 2.452E-03 2.731E-03 2.859E-03 2.978E-03 3.303E-03
  1.140E+02  1.321E-03 1.051E-03 1.115E-03 9.414E-04 1.049E-03 1.085E-03 1.001E-03 9.546E-04 1.053E-03 1.090E-03 1.045E-03 1.231E-03 1.312E-03 1.200E-03 1.537E-03 1.427E-03 1.587E-03 1.317E-03 1.741E-03 8.528E-04 9.143E-04 1.188E-03 1.746E-03 2.393E-03 2.475E-03 2.140E-03 2.634E-03 2.972E-03 5.144E-04 9.946E-04 1.858E-03 2.107E-03 1.894E-03 1.758E-03 1.604E-03 1.490E-03 1.309E-03 1.187E-03 9.952E-04 8.050E-04 6.787E-04 3.550E-04 2.420E-04 2.261E-04 4.613E-04 6.187E-04 9.172E-04 1.095E-03 1.141E-03 1.420E-03 1.556E-03 1.689E-03 1.764E-03 1.916E-03 2.004E-03 2.126E-03 2.380E-03 2.638E-03 2.752E-03 2.854E-03 3.174E-03
  1.160E+02  2.031E-03 1.263E-03 1.048E-03 1.120E-03 1.080E-03 1.020E-03 1.175E-03 1.135E-03 1.238E-03 1.315E-03 1.302E-03 1.407E-03 1.368E-03 1.628E-03 1.462E-03 1.571E-03 1.955E-03 1.557E-03 2.126E-03 8.455E-04 9.052E-04 1.148E-03 1.665E-03 2.366E-03 2.512E-03 2.152E-03 2.647E-03 3.029E-03 5.009E-04 9.692E-04 1.828E-03 2.082E-03 1.864E-03 1.726E-03 1.571E-03 1.457E-03 1.276E-03 1.155E-03 9.657E-04 7.791E-04 6.558E-04 3.423E-04 2.344E-04 2.204E-04 4.529E-04 6.082E-04 9.026E-04 1.077E-03 1.122E-03 1.396E-03 1.529E-03 1.658E-03 1.730E-03 1.875E-03 1.958E-03 2.073E-03 2.313E-03 2.552E-03 2.653E-03 2.739E-03 3.056E-03
  1.180E+02  2.903E-03 1.826E-03 1.485E-03 1.295E-03 1.443E-03 1.390E-03 1.492E-03 1.476E-03 1.484E-03 1.555E-03 1.584E-03 1.584E-03 1.810E-03 1.601E-03 1.742E-03 1.946E-03 1.941E-03 1.815E-03 2.456E-03 8.390E-04 8.970E-04 1.108E-03 1.567E-03 2.396E-03 2.567E-03 2.188E-03 2.683E-03 3.105E-03 4.886E-04 9.467E-04 1.806E-03 2.065E-03 1.840E-03 1.699E-03 1.542E-03 1.428E-03 1.247E-03 1.126E-03 9.392E-04 7.557E-04 6.352E-04 3.309E-04 2.275E-04 2.154E-04 4.455E-04 5.989E-04 8.896E-04 1.062E-03 1.106E-03 1.374E-03 1.504E-03 1.629E-03 1.699E-03 1.837E-03 1.915E-03 2.025E-03 2.252E-03 2.472E-03 2.561E-03 2.635E-03 2.949E-03
  1.200E+02  2.379E-03 2.319E-03 2.130E-03 1.952E-03 1.866E-03 1.890E-03 1.795E-03 1.855E-03 1.650E-03 1.663E-03 1.898E-03 1.757E-03 2.099E-03 1.787E-03 1.817E-03 1.906E-03 2.202E-03 1.859E-03 2.802E-03 8.333E-04 8.898E-04 1.073E-03 1.494E-03 2.386E-03 2.587E-03 2.238E-03 2.752E-03 3.198E-03 4.776E-04 9.269E-04 1.791E-03 2.056E-03 1.822E-03 1.678E-03 1.518E-03 1.403E-03 1.222E-03 1.101E-03 9.154E-04 7.346E-04 6.165E-04 3.207E-04 2.215E-04 2.109E-04 4.389E-04 5.907E-04 8.781E-04 1.048E-03 1.091E-03 1.355E-03 1.482E-03 1.604E-03 1.672E-03 1.804E-03 1.877E-03 1.982E-03 2.195E-03 2.398E-03 2.476E-03 2.539E-03 2.851E-03
  1.220E+02  1.964E-03 2.913E-03 2.534E-03 2.082E-03 2.207E-03 2.455E-03 2.225E-03 2.146E-03 1.849E-03 1.821E-03 2.171E-03 1.873E-03 2.271E-03 1.933E-03 2.143E-03 2.162E-03 2.198E-03 2.161E-03 3.428E-03 8.282E-04 8.833E-04 1.046E-03 1.473E-03 2.335E-03 2.621E-03 2.300E-03 2.852E-03 3.309E-03 4.677E-04 9.096E-04 1.785E-03 2.054E-03 1.809E-03 1.661E-03 1.498E-03 1.381E-03 1.199E-03 1.079E-03 8.940E-04 7.155E-04 5.995E-04 3.115E-04 2.160E-04 2.070E-04 4.331E-04 5.834E-04 8.679E-04 1.035E-03 1.078E-03 1.338E-03 1.462E-03 1.581E-03 1.647E-03 1.773E-03 1.842E-03 1.941E-03 2.142E-03 2.329E-03 2.397E-03 2.451E-03 2.762E-03
  1.240E+02  1.406E-03 2.284E-03 2.455E-03 2.736E-03 2.353E-03 2.016E-03 2.420E-03 2.442E-03 2.091E-03 2.099E-03 2.377E-03 2.093E-03 2.192E-03 2.382E-03 2.399E-03 2.444E-03 2.748E-03 2.601E-03 3.970E-03 8.238E-04 8.776E-04 1.029E-03 1.466E-03 2.370E-03 2.738E-03 2.381E-03 2.976E-03 3.441E-03 4.588E-04 8.946E-04 1.786E-03 2.059E-03 1.800E-03 1.648E-03 1.481E-03 1.363E-03 1.179E-03 1.058E-03 8.747E-04 6.982E-04 5.842E-04 3.032E-04 2.112E-04 2.035E-04 4.279E-04 5.770E-04 8.588E-04 1.024E-03 1.067E-03 1.323E-03 1.444E-03 1.561E-03 1.625E-03 1.745E-03 1.809E-03 1.904E-03 2.093E-03 2.264E-03 2.322E-03 2.370E-03 2.681E-03
  1.260E+02  9.969E-04 1.469E-03 2.087E-03 2.031E-03 2.115E-03 2.346E-03 1.900E-03 2.272E-03 2.417E-03 2.419E-03 2.191E-03 2.397E-03 2.066E-03 2.384E-03 2.677E-03 2.422E-03 3.079E-03 2.847E-03 4.601E-03 8.199E-04 8.725E-04 1.018E-03 1.454E-03 2.534E-03 2.947E-03 2.495E-03 3.123E-03 3.592E-03 4.507E-04 8.817E-04 1.793E-03 2.069E-03 1.796E-03 1.638E-03 1.468E-03 1.347E-03 1.162E-03 1.041E-03 8.574E-04 6.826E-04 5.703E-04 2.958E-04 2.069E-04 2.004E-04 4.234E-04 5.713E-04 8.508E-04 1.015E-03 1.057E-03 1.309E-03 1.429E-03 1.542E-03 1.604E-03 1.719E-03 1.779E-03 1.868E-03 2.046E-03 2.202E-03 2.253E-03 2.297E-03 2.608E-03
  1.280E+02  8.161E-04 1.167E-03 1.466E-03 1.811E-03 2.046E-03 1.964E-03 2.240E-03 1.730E-03 2.063E-03 2.136E-03 2.299E-03 2.464E-03 2.441E-03 2.430E-03 2.829E-03 2.950E-03 3.742E-03 3.386E-03 5.453E-03 8.164E-04 8.681E-04 1.011E-03 1.462E-03 2.776E-03 3.232E-03 2.649E-03 3.295E-03 3.757E-03 4.435E-04 8.707E-04 1.808E-03 2.085E-03 1.795E-03 1.631E-03 1.457E-03 1.334E-03 1.146E-03 1.025E-03 8.418E-04 6.685E-04 5.578E-04 2.891E-04 2.030E-04 1.977E-04 4.194E-04 5.663E-04 8.437E-04 1.006E-03 1.048E-03 1.297E-03 1.414E-03 1.525E-03 1.586E-03 1.695E-03 1.751E-03 1.835E-03 2.001E-03 2.145E-03 2.188E-03 2.230E-03 2.543E-03
  1.300E+02  6.611E-04 1.049E-03 1.358E-03 1.456E-03 1.499E-03 1.449E-03 1.944E-03 1.869E-03 2.194E-03 2.253E-03 2.519E-03 2.571E-03 2.470E-03 3.064E-03 3.850E-03 3.263E-03 4.960E-03 4.084E-03 6.067E-03 8.134E-04 8.642E-04 1.008E-03 1.521E-03 3.035E-03 3.549E-03 2.835E-03 3.501E-03 3.932E-03 4.370E-04 8.615E-04 1.828E-03 2.106E-03 1.797E-03 1.627E-03 1.448E-03 1.322E-03 1.133E-03 1.010E-03 8.277E-04 6.558E-04 5.465E-04 2.831E-04 1.996E-04 1.953E-04 4.159E-04 5.619E-04 8.374E-04 9.983E-04 1.040E-03 1.286E-03 1.401E-03 1.510E-03 1.569E-03 1.673E-03 1.724E-03 1.804E-03 1.959E-03 2.090E-03 2.128E-03 2.170E-03 2.484E-03
  1.320E+02  6.988E-04 8.317E-04 9.201E-04 1.284E-03 1.658E-03 1.578E-03 1.631E-03 2.252E-03 2.840E-03 2.981E-03 2.613E-03 2.944E-03 3.200E-03 3.326E-03 4.232E-03 4.566E-03 5.496E-03 4.958E-03 6.496E-03 8.108E-04 8.608E-04 1.012E-03 1.641E-03 3.257E-03 3.846E-03 3.039E-03 3.742E-03 4.111E-03 4.311E-04 8.540E-04 1.854E-03 2.131E-03 1.801E-03 1.625E-03 1.440E-03 1.313E-03 1.121E-03 9.978E-04 8.150E-04 6.443E-04 5.364E-04 2.777E-04 1.965E-04 1.931E-04 4.128E-04 5.580E-04 8.319E-04 9.915E-04 1.032E-03 1.276E-03 1.390E-03 1.496E-03 1.553E-03 1.652E-03 1.699E-03 1.774E-03 1.918E-03 2.038E-03 2.072E-03 2.116E-03 2.432E-03
  1.340E+02  6.934E-04 8.335E-04 1.132E-03 1.459E-03 1.803E-03 2.233E-03 2.862E-03 2.872E-03 3.099E-03 3.350E-03 3.473E-03 4.577E-03 3.929E-03 5.334E-03 5.840E-03 5.640E-03 7.175E-03 5.920E-03 7.022E-03 8.085E-04 8.579E-04 1.028E-03 1.814E-03 3.538E-03 4.193E-03 3.264E-03 4.009E-03 4.293E-03 4.258E-04 8.480E-04 1.886E-03 2.159E-03 1.808E-03 1.624E-03 1.435E-03 1.304E-03 1.110E-03 9.865E-04 8.038E-04 6.341E-04 5.273E-04 2.730E-04 1.938E-04 1.912E-04 4.102E-04 5.546E-04 8.270E-04 9.855E-04 1.026E-03 1.267E-03 1.379E-03 1.483E-03 1.539E-03 1.631E-03 1.675E-03 1.745E-03 1.880E-03 1.990E-03 2.020E-03 2.068E-03 2.386E-03
  1.360E+02  7.422E-04 1.216E-03 1.976E-03 3.253E-03 4.000E-03 4.103E-03 5.059E-03 5.513E-03 5.660E-03 5.727E-03 6.089E-03 6.202E-03 6.205E-03 6.734E-03 8.025E-03 7.317E-03 8.063E-03 7.179E-03 7.205E-03 8.066E-04 8.554E-04 1.058E-03 2.012E-03 4.075E-03 4.738E-03 3.519E-03 4.286E-03 4.473E-03 4.210E-04 8.435E-04 1.922E-03 2.189E-03 1.815E-03 1.625E-03 1.430E-03 1.298E-03 1.101E-03 9.766E-04 7.938E-04 6.251E-04 5.194E-04 2.687E-04 1.914E-04 1.895E-04 4.078E-04 5.516E-04 8.227E-04 9.801E-04 1.020E-03 1.259E-03 1.369E-03 1.471E-03 1.525E-03 1.612E-03 1.651E-03 1.717E-03 1.843E-03 1.945E-03 1.972E-03 2.025E-03 2.346E-03
  1.380E+02  1.162E-03 3.009E-03 5.396E-03 6.892E-03 8.276E-03 8.346E-03 8.849E-03 8.899E-03 9.325E-03 9.304E-03 8.978E-03 9.975E-03 9.112E-03 9.527E-03 9.182E-03 9.239E-03 9.007E-03 8.002E-03 7.206E-03 8.049E-04 8.533E-04 1.101E-03 2.242E-03 4.839E-03 5.471E-03 3.807E-03 4.562E-03 4.643E-03 4.167E-04 8.403E-04 1.962E-03 2.221E-03 1.823E-03 1.626E-03 1.427E-03 1.292E-03 1.093E-03 9.681E-04 7.853E-04 6.174E-04 5.126E-04 2.650E-04 1.892E-04 1.880E-04 4.057E-04 5.490E-04 8.189E-04 9.753E-04 1.015E-03 1.252E-03 1.360E-03 1.459E-03 1.511E-03 1.593E-03 1.629E-03 1.690E-03 1.808E-03 1.903E-03 1.929E-03 1.988E-03 2.311E-03
  1.400E+02  3.003E-03 9.404E-03 1.308E-02 1.414E-02 1.502E-02 1.375E-02 1.426E-02 1.322E-02 1.368E-02 1.311E-02 1.301E-02 1.292E-02 1.203E-02 1.267E-02 1.194E-02 1.019E-02 1.050E-02 8.524E-03 6.732E-03 8.035E-04 8.517E-04 1.159E-03 2.555E-03 5.638E-03 6.223E-03 4.115E-03 4.835E-03 4.792E-03 4.129E-04 8.384E-04 2.004E-03 2.252E-03 1.832E-03 1.628E-03 1.424E-03 1.287E-03 1.087E-03 9.613E-04 7.785E-04 6.112E-04 5.070E-04 2.618E-04 1.872E-04 1.867E-04 4.039E-04 5.467E-04 8.155E-04 9.710E-04 1.011E-03 1.245E-03 1.351E-03 1.448E-03 1.499E-03 1.575E-03 1.607E-03 1.664E-03 1.774E-03 1.864E-03 1.889E-03 1.956E-03 2.281E-03
  1.420E+02  1.140E-02 2.033E-02 1.971E-02 1.698E-02 1.653E-02 1.646E-02 1.576E-02 1.517E-02 1.426E-02 1.417E-02 1.456E-02 1.302E-02 1.360E-02 1.310E-02 1.309E-02 1.071E-02 1.102E-02 8.415E-03 6.035E-03 8.023E-04 8.504E-04 1.234E-03 2.965E-03 6.453E-03 6.912E-03 4.416E-03 5.102E-03 4.912E-03 4.096E-04 8.377E-04 2.049E-03 2.283E-03 1.840E-03 1.631E-03 1.423E-03 1.285E-03 1.083E-03 9.566E-04 7.737E-04 6.068E-04 5.028E-04 2.589E-04 1.855E-04 1.855E-04 4.023E-04 5.447E-04 8.125E-04 9.672E-04 1.007E-03 1.238E-03 1.343E-03 1.438E-03 1.487E-03 1.557E-03 1.586E-03 1.640E-03 1.744E-03 1.828E-03 1.854E-03 1.929E-03 2.256E-03
  1.440E+02  2.436E-02 1.601E-02 1.212E-02 1.027E-02 1.123E-02 1.093E-02 1.115E-02 1.069E-02 1.202E-02 1.257E-02 1.165E-02 1.147E-02 1.232E-02 1.196E-02 1.085E-02 1.087E-02 1.008E-02 8.094E-03 5.680E-03 8.012E-04 8.494E-04 1.331E-03 3.461E-03 7.345E-03 7.590E-03 4.685E-03 5.349E-03 4.998E-03 4.068E-04 8.382E-04 2.093E-03 2.313E-03 1.849E-03 1.635E-03 1.425E-03 1.285E-03 1.082E-03 9.551E-04 7.717E-04 6.043E-04 5.001E-04 2.564E-04 1.838E-04 1.844E-04 4.010E-04 5.430E-04 8.099E-04 9.637E-04 1.003E-03 1.233E-03 1.335E-03 1.428E-03 1.475E-03 1.540E-03 1.566E-03 1.616E-03 1.715E-03 1.797E-03 1.824E-03 1.907E-03 2.236E-03
  1.460E+02  1.161E-02 8.409E-03 7.313E-03 7.154E-03 7.021E-03 6.854E-03 7.341E-03 7.436E-03 6.978E-03 7.453E-03 8.396E-03 8.120E-03 9.327E-03 9.031E-03 9.845E-03 9.231E-03 9.455E-03 7.203E-03 5.157E-03 8.004E-04 8.488E-04 1.453E-03 4.047E-03 8.284E-03 8.311E-03 4.909E-03 5.554E-03 5.050E-03 4.044E-04 8.403E-04 2.138E-03 2.340E-03 1.861E-03 1.643E-03 1.431E-03 1.290E-03 1.085E-03 9.580E-04 7.731E-04 6.041E-04 4.990E-04 2.542E-04 1.823E-04 1.834E-04 3.998E-04 5.415E-04 8.076E-04 9.606E-04 9.996E-04 1.227E-03 1.328E-03 1.418E-03 1.464E-03 1.524E-03 1.547E-03 1.595E-03 1.689E-03 1.769E-03 1.798E-03 1.890E-03 2.220E-03
  1.480E+02  1.050E-02 9.913E-03 8.438E-03 8.048E-03 7.729E-03 7.152E-03 6.956E-03 7.020E-03 6.770E-03 6.742E-03 6.665E-03 7.046E-03 6.947E-03 7.602E-03 7.914E-03 7.614E-03 8.721E-03 6.426E-03 4.884E-03 7.997E-04 8.485E-04 1.601E-03 4.675E-03 9.304E-03 9.042E-03 5.084E-03 5.702E-03 5.069E-03 4.025E-04 8.446E-04 2.182E-03 2.368E-03 1.878E-03 1.658E-03 1.445E-03 1.302E-03 1.096E-03 9.668E-04 7.787E-04 6.065E-04 4.994E-04 2.521E-04 1.809E-04 1.825E-04 3.987E-04 5.401E-04 8.055E-04 9.578E-04 9.966E-04 1.222E-03 1.321E-03 1.409E-03 1.453E-03 1.509E-03 1.530E-03 1.575E-03 1.666E-03 1.745E-03 1.776E-03 1.876E-03 2.207E-03
  1.500E+02  9.803E-03 8.506E-03 7.889E-03 6.988E-03 7.031E-03 7.516E-03 7.348E-03 7.181E-03 6.796E-03 6.717E-03 7.063E-03 6.250E-03 7.026E-03 6.659E-03 6.578E-03 6.745E-03 6.820E-03 5.835E-03 5.077E-03 7.991E-04 8.486E-04 1.770E-03 5.273E-03 1.034E-02 9.639E-03 5.202E-03 5.790E-03 5.058E-03 4.013E-04 8.526E-04 2.228E-03 2.403E-03 1.908E-03 1.687E-03 1.472E-03 1.327E-03 1.116E-03 9.830E-04 7.889E-04 6.111E-04 5.009E-04 2.500E-04 1.795E-04 1.817E-04 3.978E-04 5.390E-04 8.037E-04 9.553E-04 9.939E-04 1.217E-03 1.315E-03 1.401E-03 1.444E-03 1.495E-03 1.514E-03 1.558E-03 1.647E-03 1.725E-03 1.758E-03 1.867E-03 2.198E-03
  1.520E+02  9.349E-03 7.758E-03 7.474E-03 6.812E-03 6.489E-03 6.562E-03 6.723E-03 6.303E-03 6.875E-03 7.049E-03 6.521E-03 6.753E-03 6.921E-03 6.591E-03 6.581E-03 6.743E-03 6.133E-03 5.724E-03 5.239E-03 7.986E-04 8.494E-04 1.949E-03 5.855E-03 1.103E-02 9.923E-03 5.261E-03 5.828E-03 5.019E-03 4.009E-04 8.667E-04 2.286E-03 2.459E-03 1.963E-03 1.738E-03 1.517E-03 1.367E-03 1.146E-03 1.007E-03 8.029E-04 6.170E-04 5.028E-04 2.477E-04 1.781E-04 1.810E-04 3.971E-04 5.380E-04 8.022E-04 9.532E-04 9.916E-04 1.213E-03 1.310E-03 1.394E-03 1.435E-03 1.483E-03 1.501E-03 1.543E-03 1.630E-03 1.709E-03 1.745E-03 1.861E-03 2.192E-03
  1.540E+02  8.002E-03 6.897E-03 6.720E-03 6.287E-03 5.902E-03 5.943E-03 6.346E-03 6.777E-03 6.050E-03 6.075E-03 6.370E-03 6.254E-03 6.726E-03 6.325E-03 6.889E-03 6.369E-03 6.607E-03 5.204E-03 5.266E-03 7.983E-04 8.511E-04 2.125E-03 6.427E-03 1.119E-02 9.884E-03 5.264E-03 5.827E-03 4.966E-03 4.018E-04 8.902E-04 2.375E-03 2.556E-03 2.053E-03 1.819E-03 1.584E-03 1.423E-03 1.186E-03 1.036E-03 8.185E-04 6.224E-04 5.037E-04 2.450E-04 1.767E-04 1.803E-04 3.964E-04 5.372E-04 8.009E-04 9.514E-04 9.896E-04 1.210E-03 1.305E-03 1.388E-03 1.428E-03 1.473E-03 1.490E-03 1.531E-03 1.617E-03 1.697E-03 1.735E-03 1.858E-03 2.188E-03
  1.560E+02  7.769E-03 6.685E-03 6.353E-03 5.726E-03 6.047E-03 6.259E-03 5.929E-03 5.794E-03 5.163E-03 5.233E-03 6.525E-03 6.131E-03 7.039E-03 6.826E-03 6.558E-03 6.197E-03 6.971E-03 5.346E-03 5.227E-03 7.980E-04 8.541E-04 2.288E-03 6.908E-03 1.102E-02 9.631E-03 5.224E-03 5.807E-03 4.934E-03 4.042E-04 9.256E-04 2.524E-03 2.721E-03 2.186E-03 1.928E-03 1.669E-03 1.491E-03 1.229E-03 1.066E-03 8.316E-04 6.248E-04 5.019E-04 2.417E-04 1.753E-04 1.797E-04 3.959E-04 5.366E-04 7.999E-04 9.500E-04 9.881E-04 1.208E-03 1.302E-03 1.384E-03 1.423E-03 1.465E-03 1.481E-03 1.521E-03 1.608E-03 1.689E-03 1.729E-03 1.858E-03 2.187E-03
  1.580E+02  7.067E-03 6.304E-03 5.733E-03 5.704E-03 5.465E-03 5.286E-03 5.472E-03 5.540E-03 5.868E-03 5.961E-03 5.662E-03 5.647E-03 6.069E-03 6.687E-03 6.673E-03 5.909E-03 7.021E-03 5.559E-03 5.356E-03 7.978E-04 8.585E-04 2.442E-03 7.228E-03 1.063E-02 9.245E-03 5.184E-03 5.837E-03 5.004E-03 4.084E-04 9.721E-04 2.759E-03 2.967E-03 2.353E-03 2.055E-03 1.757E-03 1.556E-03 1.264E-03 1.086E-03 8.363E-04 6.210E-04 4.958E-04 2.378E-04 1.739E-04 1.792E-04 3.956E-04 5.362E-04 7.992E-04 9.491E-04 9.871E-04 1.206E-03 1.299E-03 1.380E-03 1.419E-03 1.459E-03 1.475E-03 1.515E-03 1.601E-03 1.684E-03 1.727E-03 1.860E-03 2.188E-03
  1.600E+02  6.071E-03 5.527E-03 5.675E-03 5.289E-03 4.785E-03 5.392E-03 5.410E-03 5.431E-03 4.903E-03 5.150E-03 5.561E-03 5.358E-03 5.737E-03 6.463E-03 7.118E-03 6.431E-03 6.886E-03 5.468E-03 5.471E-03 7.976E-04 8.636E-04 2.612E-03 7.370E-03 1.023E-02 8.950E-03 5.262E-03 6.086E-03 5.332E-03 4.139E-04 1.022E-03 3.081E-03 3.272E-03 2.518E-03 2.165E-03 1.822E-03 1.596E-03 1.277E-03 1.087E-03 8.263E-04 6.081E-04 4.838E-04 2.335E-04 1.727E-04 1.788E-04 3.953E-04 5.359E-04 7.988E-04 9.486E-04 9.866E-04 1.205E-03 1.298E-03 1.379E-03 1.417E-03 1.456E-03 1.471E-03 1.511E-03 1.598E-03 1.683E-03 1.727E-03 1.864E-03 2.190E-03
  1.620E+02  6.385E-03 5.236E-03 5.131E-03 4.807E-03 4.989E-03 5.687E-03 5.280E-03 5.540E-03 5.045E-03 5.086E-03 5.677E-03 5.274E-03 6.436E-03 5.777E-03 6.652E-03 6.175E-03 6.681E-03 5.796E-03 5.567E-03 7.975E-04 8.677E-04 2.847E-03 7.469E-03 1.036E-02 9.226E-03 5.715E-03 6.829E-03 6.126E-03 4.192E-04 1.060E-03 3.425E-03 3.556E-03 2.623E-03 2.214E-03 1.831E-03 1.586E-03 1.252E-03 1.057E-03 7.974E-04 5.850E-04 4.660E-04 2.290E-04 1.716E-04 1.786E-04 3.952E-04 5.358E-04 7.988E-04 9.486E-04 9.865E-04 1.205E-03 1.298E-03 1.378E-03 1.417E-03 1.455E-03 1.470E-03 1.510E-03 1.598E-03 1.684E-03 1.730E-03 1.869E-03 2.193E-03
  1.640E+02  5.748E-03 5.157E-03 5.064E-03 4.927E-03 4.643E-03 4.873E-03 4.918E-03 5.338E-03 5.085E-03 5.316E-03 5.466E-03 5.317E-03 6.146E-03 6.300E-03 6.528E-03 6.689E-03 7.128E-03 5.948E-03 5.495E-03 7.974E-04 8.686E-04 3.174E-03 7.905E-03 1.148E-02 1.061E-02 6.878E-03 8.292E-03 7.473E-03 4.215E-04 1.064E-03 3.655E-03 3.686E-03 2.595E-03 2.153E-03 1.754E-03 1.508E-03 1.180E-03 9.935E-04 7.493E-04 5.530E-04 4.438E-04 2.248E-04 1.708E-04 1.784E-04 3.952E-04 5.358E-04 7.990E-04 9.490E-04 9.870E-04 1.206E-03 1.299E-03 1.380E-03 1.418E-03 1.456E-03 1.471E-03 1.512E-03 1.600E-03 1.687E-03 1.734E-03 1.875E-03 2.197E-03
  1.660E+02  5.242E-03 4.885E-03 4.827E-03 4.410E-03 5.047E-03 4.956E-03 4.909E-03 4.735E-03 5.246E-03 5.465E-03 5.320E-03 6.001E-03 5.531E-03 6.151E-03 6.053E-03 7.001E-03 7.252E-03 6.264E-03 5.966E-03 7.973E-04 8.650E-04 3.534E-03 8.985E-03 1.389E-02 1.349E-02 8.788E-03 1.023E-02 9.017E-03 4.180E-04 1.019E-03 3.606E-03 3.533E-03 2.392E-03 1.961E-03 1.586E-03 1.360E-03 1.066E-03 9.013E-04 6.877E-04 5.163E-04 4.201E-04 2.214E-04 1.704E-04 1.784E-04 3.953E-04 5.361E-04 7.996E-04 9.499E-04 9.880E-04 1.208E-03 1.301E-03 1.382E-03 1.420E-03 1.458E-03 1.474E-03 1.515E-03 1.604E-03 1.692E-03 1.740E-03 1.882E-03 2.201E-03
  1.680E+02  5.061E-03 4.709E-03 4.555E-03 4.271E-03 4.611E-03 4.874E-03 5.114E-03 5.427E-03 5.323E-03 5.366E-03 5.165E-03 5.615E-03 6.525E-03 6.149E-03 6.839E-03 7.422E-03 7.808E-03 7.008E-03 6.872E-03 7.973E-04 8.581E-04 3.840E-03 1.064E-02 1.754E-02 1.741E-02 1.065E-02 1.162E-02 9.859E-03 4.070E-04 9.268E-04 3.192E-03 3.064E-03 2.033E-03 1.666E-03 1.353E-03 1.169E-03 9.300E-04 7.970E-04 6.234E-04 4.812E-04 3.989E-04 2.194E-04 1.703E-04 1.786E-04 3.955E-04 5.364E-04 8.003E-04 9.510E-04 9.893E-04 1.210E-03 1.304E-03 1.385E-03 1.424E-03 1.462E-03 1.478E-03 1.519E-03 1.609E-03 1.697E-03 1.746E-03 1.889E-03 2.205E-03
  1.700E+02  5.043E-03 4.567E-03 4.598E-03 4.375E-03 4.319E-03 5.474E-03 4.821E-03 5.173E-03 5.184E-03 5.400E-03 5.546E-03 5.578E-03 6.768E-03 6.760E-03 7.543E-03 8.526E-03 8.459E-03 8.398E-03 8.832E-03 7.972E-04 8.519E-04 4.008E-03 1.243E-02 2.095E-02 2.004E-02 1.099E-02 1.118E-02 9.127E-03 3.903E-04 8.131E-04 2.516E-03 2.399E-03 1.612E-03 1.340E-03 1.112E-03 9.775E-04 8.021E-04 7.029E-04 5.692E-04 4.541E-04 3.840E-04 2.189E-04 1.707E-04 1.788E-04 3.958E-04 5.368E-04 8.012E-04 9.524E-04 9.908E-04 1.212E-03 1.307E-03 1.389E-03 1.428E-03 1.467E-03 1.483E-03 1.524E-03 1.614E-03 1.703E-03 1.752E-03 1.896E-03 2.210E-03
  1.720E+02  5.051E-03 4.681E-03 4.175E-03 4.835E-03 4.432E-03 5.333E-03 5.450E-03 5.972E-03 5.030E-03 5.225E-03 6.486E-03 5.815E-03 7.624E-03 7.560E-03 8.290E-03 9.072E-03 1.061E-02 9.877E-03 1.215E-02 7.971E-04 8.511E-04 3.788E-03 1.297E-02 2.115E-02 1.863E-02 9.125E-03 8.871E-03 7.049E-03 3.728E-04 7.182E-04 1.859E-03 1.789E-03 1.259E-03 1.079E-03 9.256E-04 8.338E-04 7.106E-04 6.381E-04 5.349E-04 4.394E-04 3.774E-04 2.199E-04 1.713E-04 1.791E-04 3.961E-04 5.373E-04 8.021E-04 9.538E-04 9.923E-04 1.215E-03 1.310E-03 1.393E-03 1.432E-03 1.471E-03 1.488E-03 1.529E-03 1.620E-03 1.709E-03 1.759E-03 1.901E-03 2.213E-03
  1.740E+02  5.345E-03 4.959E-03 4.943E-03 4.865E-03 5.396E-03 5.800E-03 6.302E-03 6.175E-03 5.543E-03 5.868E-03 6.884E-03 7.082E-03 9.040E-03 9.317E-03 1.119E-02 1.256E-02 1.467E-02 1.326E-02 1.189E-02 7.971E-04 8.587E-04 3.055E-03 1.092E-02 1.747E-02 1.455E-02 6.759E-03 6.719E-03 5.248E-03 3.599E-04 6.745E-04 1.520E-03 1.466E-03 1.075E-03 9.438E-04 8.321E-04 7.636E-04 6.687E-04 6.106E-04 5.232E-04 4.371E-04 3.784E-04 2.219E-04 1.721E-04 1.794E-04 3.964E-04 5.377E-04 8.030E-04 9.551E-04 9.938E-04 1.217E-03 1.313E-03 1.396E-03 1.436E-03 1.476E-03 1.493E-03 1.534E-03 1.625E-03 1.714E-03 1.764E-03 1.906E-03 2.217E-03
  1.760E+02  6.137E-03 5.689E-03 5.510E-03 5.015E-03 6.646E-03 7.769E-03 7.981E-03 8.612E-03 7.822E-03 8.402E-03 1.025E-02 9.847E-03 1.219E-02 1.292E-02 1.828E-02 1.908E-02 2.047E-02 1.496E-02 8.944E-03 7.972E-04 8.732E-04 2.561E-03 8.767E-03 1.577E-02 1.413E-02 6.676E-03 7.032E-03 5.290E-03 3.541E-04 6.842E-04 1.589E-03 1.481E-03 1.065E-03 9.330E-04 8.243E-04 7.587E-04 6.684E-04 6.128E-04 5.281E-04 4.430E-04 3.840E-04 2.242E-04 1.728E-04 1.796E-04 3.967E-04 5.380E-04 8.037E-04 9.562E-04 9.949E-04 1.219E-03 1.316E-03 1.399E-03 1.439E-03 1.479E-03 1.496E-03 1.538E-03 1.629E-03 1.718E-03 1.768E-03 1.910E-03 2.219E-03
  1.780E+02  8.713E-03 8.768E-03 9.951E-03 8.662E-03 1.072E-02 1.469E-02 1.414E-02 1.525E-02 1.651E-02 1.784E-02 2.072E-02 2.077E-02 2.167E-02 2.210E-02 1.704E-02 1.405E-02 1.513E-02 1.238E-02 1.684E-02 7.973E-04 8.881E-04 3.046E-03 1.034E-02 2.104E-02 1.984E-02 9.019E-03 9.420E-03 6.797E-03 3.535E-04 7.175E-04 1.860E-03 1.665E-03 1.138E-03 9.812E-04 8.562E-04 7.832E-04 6.855E-04 6.267E-04 5.384E-04 4.505E-04 3.899E-04 2.259E-04 1.733E-04 1.798E-04 3.968E-04 5.383E-04 8.042E-04 9.569E-04 9.957E-04 1.220E-03 1.317E-03 1.401E-03 1.441E-03 1.482E-03 1.499E-03 1.540E-03 1.631E-03 1.721E-03 1.770E-03 1.912E-03 2.221E-03
  1.800E+02  2.547E-02 2.728E-02 3.275E-02 2.462E-02 2.420E-02 3.265E-02 2.776E-02 3.558E-02 2.761E-02 2.757E-02 3.315E-02 2.368E-02 3.130E-02 3.037E-02 3.879E-02 2.755E-02 2.776E-02 1.953E-02 2.657E-02 7.973E-04 8.945E-04 3.549E-03 1.232E-02 2.545E-02 2.385E-02 1.052E-02 1.083E-02 7.703E-03 3.540E-04 7.346E-04 2.002E-03 1.765E-03 1.180E-03 1.009E-03 8.746E-04 7.971E-04 6.948E-04 6.339E-04 5.433E-04 4.538E-04 3.923E-04 2.266E-04 1.735E-04 1.799E-04 3.969E-04 5.384E-04 8.043E-04 9.571E-04 9.959E-04 1.221E-03 1.318E-03 1.402E-03 1.442E-03 1.482E-03 1.499E-03 1.541E-03 1.632E-03 1.722E-03 1.771E-03 1.913E-03 2.221E-03
