  0.  0.
  0.  1.
  0.  2.
  0.  3.
  0.  4.
  0.  5.
  0.  6.
  0.  7.
  0.  8.
  0.  9.
  0.  10.
  0.  11.
  0.  12.
  0.  13.
  0.  14.
  0.  15.
  0.  16.
  0.  17.
  0.  18.
  0.  19.
  0.  20.
  0.  21.
  0.  22.
  0.  23.
  0.  24.
  0.  25.
  0.  26.
  0.  27.
  0.  28.
  0.  29.
  0.  30.
  0.  31.
  0.  32.
  0.  33.
  0.  34.
  0.  35.
  0.  36.
  0.  37.
  0.  38.
  0.  39.
  0.  40.
  0.  41.
  0.  42.
  0.  43.
  0.  44.
  0.  45.
  0.  46.
  0.  47.
  0.  48.
  0.  49.
  0.  50.
  0.  51.
  0.  52.
  0.  53.
  0.  54.
  0.  55.
  0.  56.
  0.  57.
  0.  58.
  0.  59.
  0.  60.
  0.  61.
  0.  62.
  0.  63.
  0.  64.
  0.  65.
  0.  66.
  0.  67.
  0.  68.
  0.  69.
  0.  70.
  0.  71.
  0.  72.
  0.  73.
  0.  74.
  0.  75.
  0.  76.
  0.  77.
  0.  78.
  0.  79.
  0.  80.
  0.  81.
  0.  82.
  0.  83.
  0.  84.
  0.  85.
  0.  86.
  0.  87.
  0.  88.
  0.  89.
  0.  90.
  11.8999939  91.
  14.6999931  92.
  17.4999924  93.
  37.3999786  94.
  57.2999649  95.
  121.599854  96.
  185.899872  97.
  391.049591  98.
  596.199646  99.
  1211.49976  100.
  1826.80005  101.
  2235.54858  102.
  2644.29834  103.
  3755.55273  104.
  4866.80273  105.
  5502.6001  106.
  6138.39941  107.
  7087.5459  108.
  8036.69727  109.
  8821.94922  110.
  9607.19922  111.
  10162.0469  112.
  10716.8955  113.
  11581.1494  114.
  12445.4004  115.
  12894.0996  116.
  13342.8008  117.
  13953.8506  118.
  14564.9004  119.
  14860.5469  120.
  15156.1943  121.
  15419.5928  122.
  15682.9902  123.
  15738.043  124.
  15793.0957  125.
  15830.9961  126.
  15868.8965  127.
  15785.7988  128.
  15702.7012  129.
  15629.5996  130.
  15556.499  131.
  15567.2012  132.
  15577.9023  133.
  15773.3506  134.
  15968.7988  135.
  15968.7979  136.
  15968.7979  137.
  16502.1445  138.
  17035.4941  139.
  17035.4941  140.
  17035.4941  141.
  17656.4922  142.
  18277.4922  143.
  18277.4941  144.
  18277.4941  145.
  18277.4941  146.
  18277.4941  147.
  18616.7461  148.
  18956.  149.
  18956.  150.
  18956.  151.
  19075.3516  152.
  19194.7012  153.
  19194.7012  154.
  19194.7012  155.
  19194.7012  156.
  19194.7012  157.
  19292.9004  158.
  19391.0996  159.
  19391.0996  160.
  19391.0996  161.
  19659.4004  162.
  19927.6992  163.
  19927.6992  164.
  19927.6992  165.
  19927.6992  166.
  19927.6992  167.
  20093.0508  168.
  20258.4004  169.
  20258.4004  170.
  20258.4004  171.
  20135.7969  172.
  20013.1934  173.
  20013.1934  174.
  20013.1934  175.
  20013.1934  176.
  20013.1934  177.
  19992.1055  178.
  19971.0176  179.
  19934.123  180.
