wavelength	relativeIntensity
2.000000000000000000e+02 2.940609999999999752e-04
2.005000000000000000e+02 0.000000000000000000e+00
2.010000000000000000e+02 4.264590000000000177e-04
2.015000000000000000e+02 3.945670000000000188e-04
2.020000000000000000e+02 0.000000000000000000e+00
2.025000000000000000e+02 0.000000000000000000e+00
2.030000000000000000e+02 0.000000000000000000e+00
2.035000000000000000e+02 1.120918999999999952e-03
2.040000000000000000e+02 4.005980000000000023e-04
2.045000000000000000e+02 0.000000000000000000e+00
2.050000000000000000e+02 0.000000000000000000e+00
2.055000000000000000e+02 0.000000000000000000e+00
2.060000000000000000e+02 0.000000000000000000e+00
2.065000000000000000e+02 1.039083000000000107e-03
2.070000000000000000e+02 0.000000000000000000e+00
2.075000000000000000e+02 0.000000000000000000e+00
2.080000000000000000e+02 4.816299999999999813e-04
2.085000000000000000e+02 0.000000000000000000e+00
2.090000000000000000e+02 0.000000000000000000e+00
2.095000000000000000e+02 0.000000000000000000e+00
2.100000000000000000e+02 2.065570000000000080e-04
2.105000000000000000e+02 0.000000000000000000e+00
2.110000000000000000e+02 1.879770000000000063e-04
2.115000000000000000e+02 0.000000000000000000e+00
2.120000000000000000e+02 0.000000000000000000e+00
2.125000000000000000e+02 0.000000000000000000e+00
2.130000000000000000e+02 0.000000000000000000e+00
2.135000000000000000e+02 0.000000000000000000e+00
2.140000000000000000e+02 0.000000000000000000e+00
2.145000000000000000e+02 0.000000000000000000e+00
2.150000000000000000e+02 0.000000000000000000e+00
2.155000000000000000e+02 0.000000000000000000e+00
2.160000000000000000e+02 0.000000000000000000e+00
2.165000000000000000e+02 0.000000000000000000e+00
2.170000000000000000e+02 0.000000000000000000e+00
2.175000000000000000e+02 8.600370000000000193e-04
2.180000000000000000e+02 0.000000000000000000e+00
2.185000000000000000e+02 1.474810000000000064e-04
2.190000000000000000e+02 8.568649999999999487e-04
2.195000000000000000e+02 0.000000000000000000e+00
2.200000000000000000e+02 0.000000000000000000e+00
2.205000000000000000e+02 0.000000000000000000e+00
2.210000000000000000e+02 0.000000000000000000e+00
2.215000000000000000e+02 0.000000000000000000e+00
2.220000000000000000e+02 8.321529999999999726e-04
2.225000000000000000e+02 4.737450000000000255e-04
2.230000000000000000e+02 0.000000000000000000e+00
2.235000000000000000e+02 3.190910000000000252e-04
2.240000000000000000e+02 0.000000000000000000e+00
2.245000000000000000e+02 0.000000000000000000e+00
2.250000000000000000e+02 0.000000000000000000e+00
2.255000000000000000e+02 0.000000000000000000e+00
2.260000000000000000e+02 0.000000000000000000e+00
2.265000000000000000e+02 0.000000000000000000e+00
2.270000000000000000e+02 0.000000000000000000e+00
2.275000000000000000e+02 0.000000000000000000e+00
2.280000000000000000e+02 0.000000000000000000e+00
2.285000000000000000e+02 0.000000000000000000e+00
2.290000000000000000e+02 0.000000000000000000e+00
2.295000000000000000e+02 0.000000000000000000e+00
2.300000000000000000e+02 0.000000000000000000e+00
2.305000000000000000e+02 1.718689999999999931e-03
2.310000000000000000e+02 4.469109999999999771e-04
2.315000000000000000e+02 0.000000000000000000e+00
2.320000000000000000e+02 3.174650000000000106e-04
2.325000000000000000e+02 0.000000000000000000e+00
2.330000000000000000e+02 0.000000000000000000e+00
2.335000000000000000e+02 0.000000000000000000e+00
2.340000000000000000e+02 0.000000000000000000e+00
2.345000000000000000e+02 0.000000000000000000e+00
2.350000000000000000e+02 0.000000000000000000e+00
2.355000000000000000e+02 0.000000000000000000e+00
2.360000000000000000e+02 0.000000000000000000e+00
2.365000000000000000e+02 0.000000000000000000e+00
2.370000000000000000e+02 0.000000000000000000e+00
2.375000000000000000e+02 6.607089999999999925e-04
2.380000000000000000e+02 0.000000000000000000e+00
2.385000000000000000e+02 0.000000000000000000e+00
2.390000000000000000e+02 0.000000000000000000e+00
2.395000000000000000e+02 0.000000000000000000e+00
2.400000000000000000e+02 0.000000000000000000e+00
2.405000000000000000e+02 5.984999999999999652e-04
2.410000000000000000e+02 0.000000000000000000e+00
2.415000000000000000e+02 0.000000000000000000e+00
2.420000000000000000e+02 6.657189999999999462e-04
2.425000000000000000e+02 0.000000000000000000e+00
2.430000000000000000e+02 0.000000000000000000e+00
2.435000000000000000e+02 0.000000000000000000e+00
2.440000000000000000e+02 0.000000000000000000e+00
2.445000000000000000e+02 0.000000000000000000e+00
2.450000000000000000e+02 0.000000000000000000e+00
2.455000000000000000e+02 3.076339999999999891e-04
2.460000000000000000e+02 0.000000000000000000e+00
2.465000000000000000e+02 0.000000000000000000e+00
2.470000000000000000e+02 0.000000000000000000e+00
2.475000000000000000e+02 0.000000000000000000e+00
2.480000000000000000e+02 0.000000000000000000e+00
2.485000000000000000e+02 0.000000000000000000e+00
2.490000000000000000e+02 0.000000000000000000e+00
2.495000000000000000e+02 5.725409999999999788e-04
2.500000000000000000e+02 0.000000000000000000e+00
2.505000000000000000e+02 0.000000000000000000e+00
2.510000000000000000e+02 0.000000000000000000e+00
2.515000000000000000e+02 0.000000000000000000e+00
2.520000000000000000e+02 0.000000000000000000e+00
2.525000000000000000e+02 6.274749999999999512e-04
2.530000000000000000e+02 0.000000000000000000e+00
2.535000000000000000e+02 0.000000000000000000e+00
2.540000000000000000e+02 0.000000000000000000e+00
2.545000000000000000e+02 0.000000000000000000e+00
2.550000000000000000e+02 0.000000000000000000e+00
2.555000000000000000e+02 0.000000000000000000e+00
2.560000000000000000e+02 0.000000000000000000e+00
2.565000000000000000e+02 7.030000000000000116e-05
2.570000000000000000e+02 1.284000000000000039e-04
2.575000000000000000e+02 0.000000000000000000e+00
2.580000000000000000e+02 3.787039999999999981e-04
2.585000000000000000e+02 6.399580000000000416e-04
2.590000000000000000e+02 1.499510000000000014e-04
2.595000000000000000e+02 0.000000000000000000e+00
2.600000000000000000e+02 0.000000000000000000e+00
2.605000000000000000e+02 0.000000000000000000e+00
2.610000000000000000e+02 0.000000000000000000e+00
2.615000000000000000e+02 2.205870000000000075e-04
2.620000000000000000e+02 0.000000000000000000e+00
2.625000000000000000e+02 1.506745000000000089e-03
2.630000000000000000e+02 1.439256000000000086e-03
2.635000000000000000e+02 0.000000000000000000e+00
2.640000000000000000e+02 0.000000000000000000e+00
2.645000000000000000e+02 1.245004999999999983e-03
2.650000000000000000e+02 0.000000000000000000e+00
2.655000000000000000e+02 0.000000000000000000e+00
2.660000000000000000e+02 0.000000000000000000e+00
2.665000000000000000e+02 0.000000000000000000e+00
2.670000000000000000e+02 2.676329999999999768e-04
2.675000000000000000e+02 4.518589999999999846e-04
2.680000000000000000e+02 0.000000000000000000e+00
2.685000000000000000e+02 0.000000000000000000e+00
2.690000000000000000e+02 0.000000000000000000e+00
2.695000000000000000e+02 0.000000000000000000e+00
2.700000000000000000e+02 0.000000000000000000e+00
2.705000000000000000e+02 0.000000000000000000e+00
2.710000000000000000e+02 0.000000000000000000e+00
2.715000000000000000e+02 0.000000000000000000e+00
2.720000000000000000e+02 1.358601999999999987e-03
2.725000000000000000e+02 0.000000000000000000e+00
2.730000000000000000e+02 0.000000000000000000e+00
2.735000000000000000e+02 0.000000000000000000e+00
2.740000000000000000e+02 0.000000000000000000e+00
2.745000000000000000e+02 0.000000000000000000e+00
2.750000000000000000e+02 0.000000000000000000e+00
2.755000000000000000e+02 0.000000000000000000e+00
2.760000000000000000e+02 0.000000000000000000e+00
2.765000000000000000e+02 0.000000000000000000e+00
2.770000000000000000e+02 0.000000000000000000e+00
2.775000000000000000e+02 0.000000000000000000e+00
2.780000000000000000e+02 0.000000000000000000e+00
2.785000000000000000e+02 1.608229000000000082e-03
2.790000000000000000e+02 1.399829999999999911e-04
2.795000000000000000e+02 1.608105000000000081e-03
2.800000000000000000e+02 1.730839999999999983e-04
2.805000000000000000e+02 0.000000000000000000e+00
2.810000000000000000e+02 0.000000000000000000e+00
2.815000000000000000e+02 0.000000000000000000e+00
2.820000000000000000e+02 0.000000000000000000e+00
2.825000000000000000e+02 0.000000000000000000e+00
2.830000000000000000e+02 1.150916999999999999e-03
2.835000000000000000e+02 0.000000000000000000e+00
2.840000000000000000e+02 0.000000000000000000e+00
2.845000000000000000e+02 0.000000000000000000e+00
2.850000000000000000e+02 0.000000000000000000e+00
2.855000000000000000e+02 3.262429999999999866e-04
2.860000000000000000e+02 0.000000000000000000e+00
2.865000000000000000e+02 9.009999999999999455e-05
2.870000000000000000e+02 0.000000000000000000e+00
2.875000000000000000e+02 1.221969999999999957e-03
2.880000000000000000e+02 0.000000000000000000e+00
2.885000000000000000e+02 0.000000000000000000e+00
2.890000000000000000e+02 0.000000000000000000e+00
2.895000000000000000e+02 3.938090000000000102e-04
2.900000000000000000e+02 0.000000000000000000e+00
2.905000000000000000e+02 2.949999999999999877e-05
2.910000000000000000e+02 3.857660000000000060e-04
2.915000000000000000e+02 7.535919999999999772e-04
2.920000000000000000e+02 2.751569999999999949e-04
2.925000000000000000e+02 0.000000000000000000e+00
2.930000000000000000e+02 4.730420000000000154e-04
2.935000000000000000e+02 0.000000000000000000e+00
2.940000000000000000e+02 0.000000000000000000e+00
2.945000000000000000e+02 6.157380000000000058e-04
2.950000000000000000e+02 0.000000000000000000e+00
2.955000000000000000e+02 0.000000000000000000e+00
2.960000000000000000e+02 0.000000000000000000e+00
2.965000000000000000e+02 0.000000000000000000e+00
2.970000000000000000e+02 0.000000000000000000e+00
2.975000000000000000e+02 5.829830000000000255e-04
2.980000000000000000e+02 0.000000000000000000e+00
2.985000000000000000e+02 1.640210000000000073e-04
2.990000000000000000e+02 0.000000000000000000e+00
2.995000000000000000e+02 0.000000000000000000e+00
3.000000000000000000e+02 0.000000000000000000e+00
3.005000000000000000e+02 4.152749999999999974e-04
3.010000000000000000e+02 5.733780000000000387e-04
3.015000000000000000e+02 0.000000000000000000e+00
3.020000000000000000e+02 1.604379999999999977e-04
3.025000000000000000e+02 0.000000000000000000e+00
3.030000000000000000e+02 0.000000000000000000e+00
3.035000000000000000e+02 0.000000000000000000e+00
3.040000000000000000e+02 4.050000000000000187e-05
3.045000000000000000e+02 0.000000000000000000e+00
3.050000000000000000e+02 0.000000000000000000e+00
3.055000000000000000e+02 3.643799999999999773e-04
3.060000000000000000e+02 0.000000000000000000e+00
3.065000000000000000e+02 4.665660000000000185e-04
3.070000000000000000e+02 0.000000000000000000e+00
3.075000000000000000e+02 0.000000000000000000e+00
3.080000000000000000e+02 6.160000000000000653e-05
3.085000000000000000e+02 0.000000000000000000e+00
3.090000000000000000e+02 0.000000000000000000e+00
3.095000000000000000e+02 0.000000000000000000e+00
3.100000000000000000e+02 6.101039999999999849e-04
3.105000000000000000e+02 0.000000000000000000e+00
3.110000000000000000e+02 0.000000000000000000e+00
3.115000000000000000e+02 0.000000000000000000e+00
3.120000000000000000e+02 7.011349999999999744e-04
3.125000000000000000e+02 0.000000000000000000e+00
3.130000000000000000e+02 0.000000000000000000e+00
3.135000000000000000e+02 0.000000000000000000e+00
3.140000000000000000e+02 7.648779999999999772e-04
3.145000000000000000e+02 0.000000000000000000e+00
3.150000000000000000e+02 0.000000000000000000e+00
3.155000000000000000e+02 0.000000000000000000e+00
3.160000000000000000e+02 0.000000000000000000e+00
3.165000000000000000e+02 0.000000000000000000e+00
3.170000000000000000e+02 0.000000000000000000e+00
3.175000000000000000e+02 0.000000000000000000e+00
3.180000000000000000e+02 9.500230000000000350e-04
3.185000000000000000e+02 0.000000000000000000e+00
3.190000000000000000e+02 0.000000000000000000e+00
3.195000000000000000e+02 0.000000000000000000e+00
3.200000000000000000e+02 0.000000000000000000e+00
3.205000000000000000e+02 0.000000000000000000e+00
3.210000000000000000e+02 0.000000000000000000e+00
3.215000000000000000e+02 0.000000000000000000e+00
3.220000000000000000e+02 0.000000000000000000e+00
3.225000000000000000e+02 0.000000000000000000e+00
3.230000000000000000e+02 2.157659999999999938e-04
3.235000000000000000e+02 0.000000000000000000e+00
3.240000000000000000e+02 0.000000000000000000e+00
3.245000000000000000e+02 7.459800000000000372e-04
3.250000000000000000e+02 0.000000000000000000e+00
3.255000000000000000e+02 4.296689999999999819e-04
3.260000000000000000e+02 2.338960000000000117e-04
3.265000000000000000e+02 0.000000000000000000e+00
3.270000000000000000e+02 0.000000000000000000e+00
3.275000000000000000e+02 0.000000000000000000e+00
3.280000000000000000e+02 0.000000000000000000e+00
3.285000000000000000e+02 0.000000000000000000e+00
3.290000000000000000e+02 0.000000000000000000e+00
3.295000000000000000e+02 0.000000000000000000e+00
3.300000000000000000e+02 3.961009999999999943e-04
3.305000000000000000e+02 0.000000000000000000e+00
3.310000000000000000e+02 3.051449999999999931e-04
3.315000000000000000e+02 1.452380000000000077e-03
3.320000000000000000e+02 0.000000000000000000e+00
3.325000000000000000e+02 0.000000000000000000e+00
3.330000000000000000e+02 0.000000000000000000e+00
3.335000000000000000e+02 0.000000000000000000e+00
3.340000000000000000e+02 0.000000000000000000e+00
3.345000000000000000e+02 0.000000000000000000e+00
3.350000000000000000e+02 6.797370000000000278e-04
3.355000000000000000e+02 0.000000000000000000e+00
3.360000000000000000e+02 0.000000000000000000e+00
3.365000000000000000e+02 0.000000000000000000e+00
3.370000000000000000e+02 0.000000000000000000e+00
3.375000000000000000e+02 0.000000000000000000e+00
3.380000000000000000e+02 7.602800000000000053e-04
3.385000000000000000e+02 0.000000000000000000e+00
3.390000000000000000e+02 0.000000000000000000e+00
3.395000000000000000e+02 5.510299999999999877e-04
3.400000000000000000e+02 0.000000000000000000e+00
3.405000000000000000e+02 0.000000000000000000e+00
3.410000000000000000e+02 0.000000000000000000e+00
3.415000000000000000e+02 3.573590000000000187e-04
3.420000000000000000e+02 0.000000000000000000e+00
3.425000000000000000e+02 3.526100000000000003e-04
3.430000000000000000e+02 0.000000000000000000e+00
3.435000000000000000e+02 0.000000000000000000e+00
3.440000000000000000e+02 1.090274000000000017e-03
3.445000000000000000e+02 8.404680000000000310e-04
3.450000000000000000e+02 0.000000000000000000e+00
3.455000000000000000e+02 0.000000000000000000e+00
3.460000000000000000e+02 0.000000000000000000e+00
3.465000000000000000e+02 3.356440000000000140e-04
3.470000000000000000e+02 0.000000000000000000e+00
3.475000000000000000e+02 0.000000000000000000e+00
3.480000000000000000e+02 1.468052000000000072e-03
3.485000000000000000e+02 1.720000000000000134e-05
3.490000000000000000e+02 0.000000000000000000e+00
3.495000000000000000e+02 0.000000000000000000e+00
3.500000000000000000e+02 0.000000000000000000e+00
3.505000000000000000e+02 2.026360999999999961e-03
3.510000000000000000e+02 0.000000000000000000e+00
3.515000000000000000e+02 0.000000000000000000e+00
3.520000000000000000e+02 0.000000000000000000e+00
3.525000000000000000e+02 5.459199999999999773e-04
3.530000000000000000e+02 2.143450000000000086e-04
3.535000000000000000e+02 0.000000000000000000e+00
3.540000000000000000e+02 0.000000000000000000e+00
3.545000000000000000e+02 0.000000000000000000e+00
3.550000000000000000e+02 0.000000000000000000e+00
3.555000000000000000e+02 6.309739999999999663e-04
3.560000000000000000e+02 0.000000000000000000e+00
3.565000000000000000e+02 0.000000000000000000e+00
3.570000000000000000e+02 0.000000000000000000e+00
3.575000000000000000e+02 0.000000000000000000e+00
3.580000000000000000e+02 9.299449999999999470e-04
3.585000000000000000e+02 9.110430000000000524e-04
3.590000000000000000e+02 8.489669999999999508e-04
3.595000000000000000e+02 0.000000000000000000e+00
3.600000000000000000e+02 1.138558000000000018e-03
3.605000000000000000e+02 0.000000000000000000e+00
3.610000000000000000e+02 0.000000000000000000e+00
3.615000000000000000e+02 0.000000000000000000e+00
3.620000000000000000e+02 0.000000000000000000e+00
3.625000000000000000e+02 0.000000000000000000e+00
3.630000000000000000e+02 0.000000000000000000e+00
3.635000000000000000e+02 0.000000000000000000e+00
3.640000000000000000e+02 0.000000000000000000e+00
3.645000000000000000e+02 3.924670000000000220e-04
3.650000000000000000e+02 8.085399999999999532e-04
3.655000000000000000e+02 3.445459999999999907e-04
3.660000000000000000e+02 1.545279999999999950e-04
3.665000000000000000e+02 0.000000000000000000e+00
3.670000000000000000e+02 0.000000000000000000e+00
3.675000000000000000e+02 0.000000000000000000e+00
3.680000000000000000e+02 0.000000000000000000e+00
3.685000000000000000e+02 0.000000000000000000e+00
3.690000000000000000e+02 2.447759999999999888e-04
3.695000000000000000e+02 1.172459999999999952e-04
3.700000000000000000e+02 0.000000000000000000e+00
3.705000000000000000e+02 0.000000000000000000e+00
3.710000000000000000e+02 4.853659999999999876e-04
3.715000000000000000e+02 0.000000000000000000e+00
3.720000000000000000e+02 0.000000000000000000e+00
3.725000000000000000e+02 9.904840000000000259e-04
3.730000000000000000e+02 0.000000000000000000e+00
3.735000000000000000e+02 0.000000000000000000e+00
3.740000000000000000e+02 2.330459999999999910e-04
3.745000000000000000e+02 0.000000000000000000e+00
3.750000000000000000e+02 0.000000000000000000e+00
3.755000000000000000e+02 0.000000000000000000e+00
3.760000000000000000e+02 9.518649999999999811e-04
3.765000000000000000e+02 0.000000000000000000e+00
3.770000000000000000e+02 8.260630000000000360e-04
3.775000000000000000e+02 0.000000000000000000e+00
3.780000000000000000e+02 0.000000000000000000e+00
3.785000000000000000e+02 0.000000000000000000e+00
3.790000000000000000e+02 0.000000000000000000e+00
3.795000000000000000e+02 0.000000000000000000e+00
3.800000000000000000e+02 1.430241999999999972e-03
3.805000000000000000e+02 0.000000000000000000e+00
3.810000000000000000e+02 0.000000000000000000e+00
3.815000000000000000e+02 0.000000000000000000e+00
3.820000000000000000e+02 6.087850000000000336e-04
3.825000000000000000e+02 0.000000000000000000e+00
3.830000000000000000e+02 0.000000000000000000e+00
3.835000000000000000e+02 0.000000000000000000e+00
3.840000000000000000e+02 8.774800000000000351e-04
3.845000000000000000e+02 0.000000000000000000e+00
3.850000000000000000e+02 0.000000000000000000e+00
3.855000000000000000e+02 0.000000000000000000e+00
3.860000000000000000e+02 0.000000000000000000e+00
3.865000000000000000e+02 0.000000000000000000e+00
3.870000000000000000e+02 0.000000000000000000e+00
3.875000000000000000e+02 3.308389999999999812e-04
3.880000000000000000e+02 8.918879999999999690e-04
3.885000000000000000e+02 0.000000000000000000e+00
3.890000000000000000e+02 0.000000000000000000e+00
3.895000000000000000e+02 0.000000000000000000e+00
3.900000000000000000e+02 0.000000000000000000e+00
3.905000000000000000e+02 0.000000000000000000e+00
3.910000000000000000e+02 4.437679999999999837e-04
3.915000000000000000e+02 2.830000000000000010e-05
3.920000000000000000e+02 1.113360000000000060e-04
3.925000000000000000e+02 0.000000000000000000e+00
3.930000000000000000e+02 2.055070000000000095e-04
3.935000000000000000e+02 0.000000000000000000e+00
3.940000000000000000e+02 0.000000000000000000e+00
3.945000000000000000e+02 0.000000000000000000e+00
3.950000000000000000e+02 2.142350000000000114e-04
3.955000000000000000e+02 2.985129999999999793e-04
3.960000000000000000e+02 0.000000000000000000e+00
3.965000000000000000e+02 0.000000000000000000e+00
3.970000000000000000e+02 1.242960000000000039e-04
3.975000000000000000e+02 1.385989000000000014e-03
3.980000000000000000e+02 0.000000000000000000e+00
3.985000000000000000e+02 6.031740000000000495e-04
3.990000000000000000e+02 0.000000000000000000e+00
3.995000000000000000e+02 0.000000000000000000e+00
4.000000000000000000e+02 1.740964000000000010e-03
4.005000000000000000e+02 0.000000000000000000e+00
4.010000000000000000e+02 0.000000000000000000e+00
4.015000000000000000e+02 0.000000000000000000e+00
4.020000000000000000e+02 4.264609999999999950e-04
4.025000000000000000e+02 0.000000000000000000e+00
4.030000000000000000e+02 0.000000000000000000e+00
4.035000000000000000e+02 0.000000000000000000e+00
4.040000000000000000e+02 0.000000000000000000e+00
4.045000000000000000e+02 4.429999999999999937e-05
4.050000000000000000e+02 0.000000000000000000e+00
4.055000000000000000e+02 7.723079999999999789e-04
4.060000000000000000e+02 0.000000000000000000e+00
4.065000000000000000e+02 1.428029999999999946e-04
4.070000000000000000e+02 1.602100000000000128e-04
4.075000000000000000e+02 0.000000000000000000e+00
4.080000000000000000e+02 5.379999999999999989e-05
4.085000000000000000e+02 4.916980000000000482e-04
4.090000000000000000e+02 0.000000000000000000e+00
4.095000000000000000e+02 0.000000000000000000e+00
4.100000000000000000e+02 0.000000000000000000e+00
4.105000000000000000e+02 3.195389999999999776e-04
4.110000000000000000e+02 1.235359999999999909e-04
4.115000000000000000e+02 7.320000000000000389e-05
4.120000000000000000e+02 0.000000000000000000e+00
4.125000000000000000e+02 0.000000000000000000e+00
4.130000000000000000e+02 3.779739999999999966e-04
4.135000000000000000e+02 6.096009999999999797e-04
4.140000000000000000e+02 4.109440000000000011e-04
4.145000000000000000e+02 0.000000000000000000e+00
4.150000000000000000e+02 6.493379999999999552e-04
4.155000000000000000e+02 0.000000000000000000e+00
4.160000000000000000e+02 0.000000000000000000e+00
4.165000000000000000e+02 1.896280000000000079e-04
4.170000000000000000e+02 0.000000000000000000e+00
4.175000000000000000e+02 0.000000000000000000e+00
4.180000000000000000e+02 3.656859999999999950e-04
4.185000000000000000e+02 8.187859999999999496e-04
4.190000000000000000e+02 0.000000000000000000e+00
4.195000000000000000e+02 0.000000000000000000e+00
4.200000000000000000e+02 0.000000000000000000e+00
4.205000000000000000e+02 0.000000000000000000e+00
4.210000000000000000e+02 0.000000000000000000e+00
4.215000000000000000e+02 0.000000000000000000e+00
4.220000000000000000e+02 0.000000000000000000e+00
4.225000000000000000e+02 0.000000000000000000e+00
4.230000000000000000e+02 0.000000000000000000e+00
4.235000000000000000e+02 1.381320000000000117e-04
4.240000000000000000e+02 0.000000000000000000e+00
4.245000000000000000e+02 2.450439999999999801e-04
4.250000000000000000e+02 0.000000000000000000e+00
4.255000000000000000e+02 2.047840000000000099e-04
4.260000000000000000e+02 0.000000000000000000e+00
4.265000000000000000e+02 7.307340000000000276e-04
4.270000000000000000e+02 8.876589999999999524e-04
4.275000000000000000e+02 0.000000000000000000e+00
4.280000000000000000e+02 3.460000000000000076e-05
4.285000000000000000e+02 0.000000000000000000e+00
4.290000000000000000e+02 5.625670000000000366e-04
4.295000000000000000e+02 0.000000000000000000e+00
4.300000000000000000e+02 0.000000000000000000e+00
4.305000000000000000e+02 0.000000000000000000e+00
4.310000000000000000e+02 2.357089999999999891e-04
4.315000000000000000e+02 0.000000000000000000e+00
4.320000000000000000e+02 5.480469999999999656e-04
4.325000000000000000e+02 2.708920000000000078e-04
4.330000000000000000e+02 0.000000000000000000e+00
4.335000000000000000e+02 0.000000000000000000e+00
4.340000000000000000e+02 0.000000000000000000e+00
4.345000000000000000e+02 7.129999999999999836e-05
4.350000000000000000e+02 4.518729999999999882e-04
4.355000000000000000e+02 0.000000000000000000e+00
4.360000000000000000e+02 0.000000000000000000e+00
4.365000000000000000e+02 0.000000000000000000e+00
4.370000000000000000e+02 0.000000000000000000e+00
4.375000000000000000e+02 2.774690000000000229e-04
4.380000000000000000e+02 0.000000000000000000e+00
4.385000000000000000e+02 2.240079999999999871e-04
4.390000000000000000e+02 5.830479999999999647e-04
4.395000000000000000e+02 1.707769000000000040e-03
4.400000000000000000e+02 0.000000000000000000e+00
4.405000000000000000e+02 2.923749999999999917e-04
4.410000000000000000e+02 2.997300000000000051e-04
4.415000000000000000e+02 3.064389999999999844e-04
4.420000000000000000e+02 9.017730000000000277e-04
4.425000000000000000e+02 5.391960000000000329e-04
4.430000000000000000e+02 1.273503000000000048e-03
4.435000000000000000e+02 0.000000000000000000e+00
4.440000000000000000e+02 0.000000000000000000e+00
4.445000000000000000e+02 0.000000000000000000e+00
4.450000000000000000e+02 5.635269999999999732e-04
4.455000000000000000e+02 0.000000000000000000e+00
4.460000000000000000e+02 1.141779000000000101e-03
4.465000000000000000e+02 0.000000000000000000e+00
4.470000000000000000e+02 0.000000000000000000e+00
4.475000000000000000e+02 2.101930000000000118e-04
4.480000000000000000e+02 0.000000000000000000e+00
4.485000000000000000e+02 0.000000000000000000e+00
4.490000000000000000e+02 1.567526000000000076e-03
4.495000000000000000e+02 0.000000000000000000e+00
4.500000000000000000e+02 0.000000000000000000e+00
4.505000000000000000e+02 0.000000000000000000e+00
4.510000000000000000e+02 1.052451000000000038e-03
4.515000000000000000e+02 1.698770000000000000e-04
4.520000000000000000e+02 0.000000000000000000e+00
4.525000000000000000e+02 0.000000000000000000e+00
4.530000000000000000e+02 0.000000000000000000e+00
4.535000000000000000e+02 1.111029999999999966e-04
4.540000000000000000e+02 0.000000000000000000e+00
4.545000000000000000e+02 0.000000000000000000e+00
4.550000000000000000e+02 0.000000000000000000e+00
4.555000000000000000e+02 0.000000000000000000e+00
4.560000000000000000e+02 1.995520000000000030e-04
4.565000000000000000e+02 7.800969999999999953e-04
4.570000000000000000e+02 2.054860000000000042e-04
4.575000000000000000e+02 0.000000000000000000e+00
4.580000000000000000e+02 0.000000000000000000e+00
4.585000000000000000e+02 0.000000000000000000e+00
4.590000000000000000e+02 0.000000000000000000e+00
4.595000000000000000e+02 0.000000000000000000e+00
4.600000000000000000e+02 0.000000000000000000e+00
4.605000000000000000e+02 7.370910000000000482e-04
4.610000000000000000e+02 0.000000000000000000e+00
4.615000000000000000e+02 0.000000000000000000e+00
4.620000000000000000e+02 0.000000000000000000e+00
4.625000000000000000e+02 0.000000000000000000e+00
4.630000000000000000e+02 2.171379999999999936e-04
4.635000000000000000e+02 4.451459999999999965e-04
4.640000000000000000e+02 0.000000000000000000e+00
4.645000000000000000e+02 0.000000000000000000e+00
4.650000000000000000e+02 0.000000000000000000e+00
4.655000000000000000e+02 0.000000000000000000e+00
4.660000000000000000e+02 5.292429999999999878e-04
4.665000000000000000e+02 0.000000000000000000e+00
4.670000000000000000e+02 5.330989999999999861e-04
4.675000000000000000e+02 1.428388000000000053e-03
4.680000000000000000e+02 2.392499999999999878e-04
4.685000000000000000e+02 9.270000000000000353e-05
4.690000000000000000e+02 0.000000000000000000e+00
4.695000000000000000e+02 0.000000000000000000e+00
4.700000000000000000e+02 2.599999999999999840e-05
4.705000000000000000e+02 0.000000000000000000e+00
4.710000000000000000e+02 1.782339999999999879e-04
4.715000000000000000e+02 5.488539999999999868e-04
4.720000000000000000e+02 0.000000000000000000e+00
4.725000000000000000e+02 2.587809999999999742e-04
4.730000000000000000e+02 0.000000000000000000e+00
4.735000000000000000e+02 0.000000000000000000e+00
4.740000000000000000e+02 0.000000000000000000e+00
4.745000000000000000e+02 4.135189999999999960e-04
4.750000000000000000e+02 2.696679999999999802e-04
4.755000000000000000e+02 2.018498999999999988e-03
4.760000000000000000e+02 8.556100000000000294e-04
4.765000000000000000e+02 1.314069999999999973e-04
4.770000000000000000e+02 0.000000000000000000e+00
4.775000000000000000e+02 2.810089999999999789e-04
4.780000000000000000e+02 3.552399999999999937e-04
4.785000000000000000e+02 0.000000000000000000e+00
4.790000000000000000e+02 1.727994999999999965e-03
4.795000000000000000e+02 0.000000000000000000e+00
4.800000000000000000e+02 1.225568999999999921e-03
4.805000000000000000e+02 0.000000000000000000e+00
4.810000000000000000e+02 0.000000000000000000e+00
4.815000000000000000e+02 0.000000000000000000e+00
4.820000000000000000e+02 0.000000000000000000e+00
4.825000000000000000e+02 0.000000000000000000e+00
4.830000000000000000e+02 9.744260000000000248e-04
4.835000000000000000e+02 0.000000000000000000e+00
4.840000000000000000e+02 3.720010000000000048e-04
4.845000000000000000e+02 0.000000000000000000e+00
4.850000000000000000e+02 0.000000000000000000e+00
4.855000000000000000e+02 0.000000000000000000e+00
4.860000000000000000e+02 1.131410999999999918e-03
4.865000000000000000e+02 6.821299999999999759e-04
4.870000000000000000e+02 7.584070000000000047e-04
4.875000000000000000e+02 0.000000000000000000e+00
4.880000000000000000e+02 0.000000000000000000e+00
4.885000000000000000e+02 0.000000000000000000e+00
4.890000000000000000e+02 1.679619999999999887e-04
4.895000000000000000e+02 0.000000000000000000e+00
4.900000000000000000e+02 0.000000000000000000e+00
4.905000000000000000e+02 2.487920000000000127e-04
4.910000000000000000e+02 0.000000000000000000e+00
4.915000000000000000e+02 0.000000000000000000e+00
4.920000000000000000e+02 0.000000000000000000e+00
4.925000000000000000e+02 0.000000000000000000e+00
4.930000000000000000e+02 1.101600000000000024e-04
4.935000000000000000e+02 0.000000000000000000e+00
4.940000000000000000e+02 0.000000000000000000e+00
4.945000000000000000e+02 0.000000000000000000e+00
4.950000000000000000e+02 0.000000000000000000e+00
4.955000000000000000e+02 4.865059999999999936e-04
4.960000000000000000e+02 0.000000000000000000e+00
4.965000000000000000e+02 3.431099999999999862e-04
4.970000000000000000e+02 0.000000000000000000e+00
4.975000000000000000e+02 5.651719999999999617e-04
4.980000000000000000e+02 0.000000000000000000e+00
4.985000000000000000e+02 0.000000000000000000e+00
4.990000000000000000e+02 0.000000000000000000e+00
4.995000000000000000e+02 0.000000000000000000e+00
5.000000000000000000e+02 7.889420000000000504e-04
5.005000000000000000e+02 5.719260000000000533e-04
5.010000000000000000e+02 5.006519999999999764e-04
5.015000000000000000e+02 0.000000000000000000e+00
5.020000000000000000e+02 0.000000000000000000e+00
5.025000000000000000e+02 0.000000000000000000e+00
5.030000000000000000e+02 7.217439999999999663e-04
5.035000000000000000e+02 0.000000000000000000e+00
5.040000000000000000e+02 0.000000000000000000e+00
5.045000000000000000e+02 0.000000000000000000e+00
5.050000000000000000e+02 0.000000000000000000e+00
5.055000000000000000e+02 0.000000000000000000e+00
5.060000000000000000e+02 1.445366000000000012e-03
5.065000000000000000e+02 0.000000000000000000e+00
5.070000000000000000e+02 5.843439999999999876e-04
5.075000000000000000e+02 0.000000000000000000e+00
5.080000000000000000e+02 0.000000000000000000e+00
5.085000000000000000e+02 0.000000000000000000e+00
5.090000000000000000e+02 0.000000000000000000e+00
5.095000000000000000e+02 7.310959999999999811e-04
5.100000000000000000e+02 0.000000000000000000e+00
5.105000000000000000e+02 0.000000000000000000e+00
5.110000000000000000e+02 0.000000000000000000e+00
5.115000000000000000e+02 3.760659999999999871e-04
5.120000000000000000e+02 0.000000000000000000e+00
5.125000000000000000e+02 0.000000000000000000e+00
5.130000000000000000e+02 0.000000000000000000e+00
5.135000000000000000e+02 9.299999999999999727e-05
5.140000000000000000e+02 8.777810000000000040e-04
5.145000000000000000e+02 1.519420999999999966e-03
5.150000000000000000e+02 5.221979999999999764e-04
5.155000000000000000e+02 9.499989999999999823e-04
5.160000000000000000e+02 0.000000000000000000e+00
5.165000000000000000e+02 0.000000000000000000e+00
5.170000000000000000e+02 0.000000000000000000e+00
5.175000000000000000e+02 0.000000000000000000e+00
5.180000000000000000e+02 3.823359999999999931e-04
5.185000000000000000e+02 2.729999999999999951e-05
5.190000000000000000e+02 0.000000000000000000e+00
5.195000000000000000e+02 0.000000000000000000e+00
5.200000000000000000e+02 0.000000000000000000e+00
5.205000000000000000e+02 0.000000000000000000e+00
5.210000000000000000e+02 2.416479999999999876e-04
5.215000000000000000e+02 5.260500000000000202e-04
5.220000000000000000e+02 0.000000000000000000e+00
5.225000000000000000e+02 0.000000000000000000e+00
5.230000000000000000e+02 5.972179999999999460e-04
5.235000000000000000e+02 7.392499999999999983e-04
5.240000000000000000e+02 0.000000000000000000e+00
5.245000000000000000e+02 0.000000000000000000e+00
5.250000000000000000e+02 5.966609999999999579e-04
5.255000000000000000e+02 0.000000000000000000e+00
5.260000000000000000e+02 0.000000000000000000e+00
5.265000000000000000e+02 0.000000000000000000e+00
5.270000000000000000e+02 0.000000000000000000e+00
5.275000000000000000e+02 9.760000000000000067e-05
5.280000000000000000e+02 0.000000000000000000e+00
5.285000000000000000e+02 3.813949999999999762e-04
5.290000000000000000e+02 0.000000000000000000e+00
5.295000000000000000e+02 0.000000000000000000e+00
5.300000000000000000e+02 8.072599999999999654e-04
5.305000000000000000e+02 8.070409999999999867e-04
5.310000000000000000e+02 1.020513999999999926e-03
5.315000000000000000e+02 0.000000000000000000e+00
5.320000000000000000e+02 4.478129999999999763e-04
5.325000000000000000e+02 4.470659999999999782e-04
5.330000000000000000e+02 0.000000000000000000e+00
5.335000000000000000e+02 0.000000000000000000e+00
5.340000000000000000e+02 1.575000000000000065e-04
5.345000000000000000e+02 5.866489999999999596e-04
5.350000000000000000e+02 1.090000000000000067e-05
5.355000000000000000e+02 8.110000000000000618e-05
5.360000000000000000e+02 0.000000000000000000e+00
5.365000000000000000e+02 1.158256999999999993e-03
5.370000000000000000e+02 0.000000000000000000e+00
5.375000000000000000e+02 0.000000000000000000e+00
5.380000000000000000e+02 0.000000000000000000e+00
5.385000000000000000e+02 3.578030000000000164e-04
5.390000000000000000e+02 0.000000000000000000e+00
5.395000000000000000e+02 0.000000000000000000e+00
5.400000000000000000e+02 0.000000000000000000e+00
5.405000000000000000e+02 0.000000000000000000e+00
5.410000000000000000e+02 1.076914999999999904e-03
5.415000000000000000e+02 0.000000000000000000e+00
5.420000000000000000e+02 0.000000000000000000e+00
5.425000000000000000e+02 0.000000000000000000e+00
5.430000000000000000e+02 1.797810000000000055e-04
5.435000000000000000e+02 0.000000000000000000e+00
5.440000000000000000e+02 1.287848000000000074e-03
5.445000000000000000e+02 0.000000000000000000e+00
5.450000000000000000e+02 0.000000000000000000e+00
5.455000000000000000e+02 2.183359999999999912e-04
5.460000000000000000e+02 1.433730000000000030e-03
5.465000000000000000e+02 7.464579999999999740e-04
5.470000000000000000e+02 4.402659999999999755e-04
5.475000000000000000e+02 0.000000000000000000e+00
5.480000000000000000e+02 0.000000000000000000e+00
5.485000000000000000e+02 1.432958999999999926e-03
5.490000000000000000e+02 5.938960000000000072e-04
5.495000000000000000e+02 0.000000000000000000e+00
5.500000000000000000e+02 0.000000000000000000e+00
5.505000000000000000e+02 0.000000000000000000e+00
5.510000000000000000e+02 0.000000000000000000e+00
5.515000000000000000e+02 0.000000000000000000e+00
5.520000000000000000e+02 0.000000000000000000e+00
5.525000000000000000e+02 0.000000000000000000e+00
5.530000000000000000e+02 0.000000000000000000e+00
5.535000000000000000e+02 0.000000000000000000e+00
5.540000000000000000e+02 0.000000000000000000e+00
5.545000000000000000e+02 0.000000000000000000e+00
5.550000000000000000e+02 0.000000000000000000e+00
5.555000000000000000e+02 0.000000000000000000e+00
5.560000000000000000e+02 1.283534000000000020e-03
5.565000000000000000e+02 1.514230000000000036e-04
5.570000000000000000e+02 1.523680000000000021e-04
5.575000000000000000e+02 0.000000000000000000e+00
5.580000000000000000e+02 0.000000000000000000e+00
5.585000000000000000e+02 0.000000000000000000e+00
5.590000000000000000e+02 7.573429999999999485e-04
5.595000000000000000e+02 0.000000000000000000e+00
5.600000000000000000e+02 0.000000000000000000e+00
5.605000000000000000e+02 0.000000000000000000e+00
5.610000000000000000e+02 1.134061000000000010e-03
5.615000000000000000e+02 3.822799999999999788e-04
5.620000000000000000e+02 6.199999999999999931e-06
5.625000000000000000e+02 9.079999999999999530e-04
5.630000000000000000e+02 6.058069999999999818e-04
5.635000000000000000e+02 6.792369999999999615e-04
5.640000000000000000e+02 9.792279999999999561e-04
5.645000000000000000e+02 0.000000000000000000e+00
5.650000000000000000e+02 0.000000000000000000e+00
5.655000000000000000e+02 0.000000000000000000e+00
5.660000000000000000e+02 0.000000000000000000e+00
5.665000000000000000e+02 0.000000000000000000e+00
5.670000000000000000e+02 0.000000000000000000e+00
5.675000000000000000e+02 0.000000000000000000e+00
5.680000000000000000e+02 0.000000000000000000e+00
5.685000000000000000e+02 0.000000000000000000e+00
5.690000000000000000e+02 0.000000000000000000e+00
5.695000000000000000e+02 0.000000000000000000e+00
5.700000000000000000e+02 0.000000000000000000e+00
5.705000000000000000e+02 0.000000000000000000e+00
5.710000000000000000e+02 0.000000000000000000e+00
5.715000000000000000e+02 0.000000000000000000e+00
5.720000000000000000e+02 0.000000000000000000e+00
5.725000000000000000e+02 0.000000000000000000e+00
5.730000000000000000e+02 0.000000000000000000e+00
5.735000000000000000e+02 0.000000000000000000e+00
5.740000000000000000e+02 0.000000000000000000e+00
5.745000000000000000e+02 1.049632999999999903e-03
5.750000000000000000e+02 0.000000000000000000e+00
5.755000000000000000e+02 9.289999999999999484e-05
5.760000000000000000e+02 0.000000000000000000e+00
5.765000000000000000e+02 0.000000000000000000e+00
5.770000000000000000e+02 0.000000000000000000e+00
5.775000000000000000e+02 0.000000000000000000e+00
5.780000000000000000e+02 0.000000000000000000e+00
5.785000000000000000e+02 0.000000000000000000e+00
5.790000000000000000e+02 1.000863999999999964e-03
5.795000000000000000e+02 1.063893000000000000e-03
5.800000000000000000e+02 3.744730000000000042e-04
5.805000000000000000e+02 0.000000000000000000e+00
5.810000000000000000e+02 0.000000000000000000e+00
5.815000000000000000e+02 0.000000000000000000e+00
5.820000000000000000e+02 0.000000000000000000e+00
5.825000000000000000e+02 0.000000000000000000e+00
5.830000000000000000e+02 1.901410000000000079e-04
5.835000000000000000e+02 0.000000000000000000e+00
5.840000000000000000e+02 0.000000000000000000e+00
5.845000000000000000e+02 0.000000000000000000e+00
5.850000000000000000e+02 0.000000000000000000e+00
5.855000000000000000e+02 4.457390000000000093e-04
5.860000000000000000e+02 0.000000000000000000e+00
5.865000000000000000e+02 0.000000000000000000e+00
5.870000000000000000e+02 0.000000000000000000e+00
5.875000000000000000e+02 0.000000000000000000e+00
5.880000000000000000e+02 0.000000000000000000e+00
5.885000000000000000e+02 1.359510000000000135e-04
5.890000000000000000e+02 7.614679999999999539e-04
5.895000000000000000e+02 0.000000000000000000e+00
5.900000000000000000e+02 8.961099999999999838e-04
5.905000000000000000e+02 0.000000000000000000e+00
5.910000000000000000e+02 1.054557000000000020e-03
5.915000000000000000e+02 6.701479999999999677e-04
5.920000000000000000e+02 1.690990000000000017e-04
5.925000000000000000e+02 0.000000000000000000e+00
5.930000000000000000e+02 0.000000000000000000e+00
5.935000000000000000e+02 0.000000000000000000e+00
5.940000000000000000e+02 4.569999999999999952e-05
5.945000000000000000e+02 0.000000000000000000e+00
5.950000000000000000e+02 0.000000000000000000e+00
5.955000000000000000e+02 0.000000000000000000e+00
5.960000000000000000e+02 3.425960000000000246e-04
5.965000000000000000e+02 0.000000000000000000e+00
5.970000000000000000e+02 0.000000000000000000e+00
5.975000000000000000e+02 0.000000000000000000e+00
5.980000000000000000e+02 0.000000000000000000e+00
5.985000000000000000e+02 7.749999999999999999e-05
5.990000000000000000e+02 0.000000000000000000e+00
5.995000000000000000e+02 3.727429999999999784e-04
6.000000000000000000e+02 1.134790000000000023e-04
6.005000000000000000e+02 0.000000000000000000e+00
6.010000000000000000e+02 3.935270000000000152e-04
6.015000000000000000e+02 0.000000000000000000e+00
6.020000000000000000e+02 0.000000000000000000e+00
6.025000000000000000e+02 0.000000000000000000e+00
6.030000000000000000e+02 0.000000000000000000e+00
6.035000000000000000e+02 0.000000000000000000e+00
6.040000000000000000e+02 0.000000000000000000e+00
6.045000000000000000e+02 0.000000000000000000e+00
6.050000000000000000e+02 0.000000000000000000e+00
6.055000000000000000e+02 0.000000000000000000e+00
6.060000000000000000e+02 0.000000000000000000e+00
6.065000000000000000e+02 1.380617999999999906e-03
6.070000000000000000e+02 0.000000000000000000e+00
6.075000000000000000e+02 4.192889999999999898e-04
6.080000000000000000e+02 1.374678000000000054e-03
6.085000000000000000e+02 1.699559999999999970e-04
6.090000000000000000e+02 6.631949999999999954e-04
6.095000000000000000e+02 0.000000000000000000e+00
6.100000000000000000e+02 1.795850000000000094e-04
6.105000000000000000e+02 0.000000000000000000e+00
6.110000000000000000e+02 0.000000000000000000e+00
6.115000000000000000e+02 3.492500000000000053e-04
6.120000000000000000e+02 0.000000000000000000e+00
6.125000000000000000e+02 0.000000000000000000e+00
6.130000000000000000e+02 0.000000000000000000e+00
6.135000000000000000e+02 0.000000000000000000e+00
6.140000000000000000e+02 0.000000000000000000e+00
6.145000000000000000e+02 0.000000000000000000e+00
6.150000000000000000e+02 4.987220000000000542e-04
6.155000000000000000e+02 1.141187000000000104e-03
6.160000000000000000e+02 4.863630000000000188e-04
6.165000000000000000e+02 0.000000000000000000e+00
6.170000000000000000e+02 0.000000000000000000e+00
6.175000000000000000e+02 0.000000000000000000e+00
6.180000000000000000e+02 0.000000000000000000e+00
6.185000000000000000e+02 5.374680000000000386e-04
6.190000000000000000e+02 3.872850000000000164e-04
6.195000000000000000e+02 0.000000000000000000e+00
6.200000000000000000e+02 0.000000000000000000e+00
6.205000000000000000e+02 0.000000000000000000e+00
6.210000000000000000e+02 0.000000000000000000e+00
6.215000000000000000e+02 1.160000000000000075e-05
6.220000000000000000e+02 2.349709999999999971e-04
6.225000000000000000e+02 0.000000000000000000e+00
6.230000000000000000e+02 0.000000000000000000e+00
6.235000000000000000e+02 0.000000000000000000e+00
6.240000000000000000e+02 2.500000000000000120e-05
6.245000000000000000e+02 0.000000000000000000e+00
6.250000000000000000e+02 0.000000000000000000e+00
6.255000000000000000e+02 4.044510000000000076e-04
6.260000000000000000e+02 0.000000000000000000e+00
6.265000000000000000e+02 0.000000000000000000e+00
6.270000000000000000e+02 0.000000000000000000e+00
6.275000000000000000e+02 0.000000000000000000e+00
6.280000000000000000e+02 0.000000000000000000e+00
6.285000000000000000e+02 6.339999999999999607e-05
6.290000000000000000e+02 6.692160000000000383e-04
6.295000000000000000e+02 0.000000000000000000e+00
6.300000000000000000e+02 0.000000000000000000e+00
6.305000000000000000e+02 2.750000000000000098e-05
6.310000000000000000e+02 0.000000000000000000e+00
6.315000000000000000e+02 0.000000000000000000e+00
6.320000000000000000e+02 0.000000000000000000e+00
6.325000000000000000e+02 0.000000000000000000e+00
6.330000000000000000e+02 0.000000000000000000e+00
6.335000000000000000e+02 0.000000000000000000e+00
6.340000000000000000e+02 7.949999999999999439e-05
6.345000000000000000e+02 4.582370000000000106e-04
6.350000000000000000e+02 5.388679999999999642e-04
6.355000000000000000e+02 0.000000000000000000e+00
6.360000000000000000e+02 0.000000000000000000e+00
6.365000000000000000e+02 0.000000000000000000e+00
6.370000000000000000e+02 0.000000000000000000e+00
6.375000000000000000e+02 0.000000000000000000e+00
6.380000000000000000e+02 2.559805999999999974e-03
6.385000000000000000e+02 0.000000000000000000e+00
6.390000000000000000e+02 1.640640000000000067e-04
6.395000000000000000e+02 7.295519999999999566e-04
6.400000000000000000e+02 3.639999999999999708e-05
6.405000000000000000e+02 6.667069999999999984e-04
6.410000000000000000e+02 0.000000000000000000e+00
6.415000000000000000e+02 0.000000000000000000e+00
6.420000000000000000e+02 8.123919999999999969e-04
6.425000000000000000e+02 0.000000000000000000e+00
6.430000000000000000e+02 5.979999999999999666e-05
6.435000000000000000e+02 0.000000000000000000e+00
6.440000000000000000e+02 1.227781999999999962e-03
6.445000000000000000e+02 9.535280000000000361e-04
6.450000000000000000e+02 2.671129999999999750e-04
6.455000000000000000e+02 6.000000000000000152e-05
6.460000000000000000e+02 0.000000000000000000e+00
6.465000000000000000e+02 1.922059999999999958e-04
6.470000000000000000e+02 0.000000000000000000e+00
6.475000000000000000e+02 6.790000000000000212e-06
6.480000000000000000e+02 0.000000000000000000e+00
6.485000000000000000e+02 0.000000000000000000e+00
6.490000000000000000e+02 0.000000000000000000e+00
6.495000000000000000e+02 0.000000000000000000e+00
6.500000000000000000e+02 1.711369999999999981e-04
6.505000000000000000e+02 0.000000000000000000e+00
6.510000000000000000e+02 0.000000000000000000e+00
6.515000000000000000e+02 0.000000000000000000e+00
6.520000000000000000e+02 0.000000000000000000e+00
6.525000000000000000e+02 1.239422999999999914e-03
6.530000000000000000e+02 0.000000000000000000e+00
6.535000000000000000e+02 1.230659999999999903e-04
6.540000000000000000e+02 0.000000000000000000e+00
6.545000000000000000e+02 0.000000000000000000e+00
6.550000000000000000e+02 0.000000000000000000e+00
6.555000000000000000e+02 0.000000000000000000e+00
6.560000000000000000e+02 2.060150000000000121e-04
6.565000000000000000e+02 0.000000000000000000e+00
6.570000000000000000e+02 0.000000000000000000e+00
6.575000000000000000e+02 0.000000000000000000e+00
6.580000000000000000e+02 0.000000000000000000e+00
6.585000000000000000e+02 0.000000000000000000e+00
6.590000000000000000e+02 0.000000000000000000e+00
6.595000000000000000e+02 1.745539999999999961e-04
6.600000000000000000e+02 0.000000000000000000e+00
6.605000000000000000e+02 0.000000000000000000e+00
6.610000000000000000e+02 0.000000000000000000e+00
6.615000000000000000e+02 0.000000000000000000e+00
6.620000000000000000e+02 0.000000000000000000e+00
6.625000000000000000e+02 6.230240000000000170e-04
6.630000000000000000e+02 3.059830000000000145e-04
6.635000000000000000e+02 0.000000000000000000e+00
6.640000000000000000e+02 0.000000000000000000e+00
6.645000000000000000e+02 0.000000000000000000e+00
6.650000000000000000e+02 0.000000000000000000e+00
6.655000000000000000e+02 0.000000000000000000e+00
6.660000000000000000e+02 1.124650000000000015e-04
6.665000000000000000e+02 0.000000000000000000e+00
6.670000000000000000e+02 0.000000000000000000e+00
6.675000000000000000e+02 9.873559999999999975e-04
6.680000000000000000e+02 4.649999999999999864e-05
6.685000000000000000e+02 9.019999999999999698e-05
6.690000000000000000e+02 7.126769999999999937e-04
6.695000000000000000e+02 0.000000000000000000e+00
6.700000000000000000e+02 0.000000000000000000e+00
6.705000000000000000e+02 0.000000000000000000e+00
6.710000000000000000e+02 0.000000000000000000e+00
6.715000000000000000e+02 8.584099999999999890e-04
6.720000000000000000e+02 0.000000000000000000e+00
6.725000000000000000e+02 1.606789999999999976e-04
6.730000000000000000e+02 5.156699999999999739e-04
6.735000000000000000e+02 0.000000000000000000e+00
6.740000000000000000e+02 1.311831999999999972e-03
6.745000000000000000e+02 0.000000000000000000e+00
6.750000000000000000e+02 0.000000000000000000e+00
6.755000000000000000e+02 0.000000000000000000e+00
6.760000000000000000e+02 0.000000000000000000e+00
6.765000000000000000e+02 7.006920000000000466e-04
6.770000000000000000e+02 0.000000000000000000e+00
6.775000000000000000e+02 0.000000000000000000e+00
6.780000000000000000e+02 0.000000000000000000e+00
6.785000000000000000e+02 0.000000000000000000e+00
6.790000000000000000e+02 0.000000000000000000e+00
6.795000000000000000e+02 4.381650000000000171e-04
6.800000000000000000e+02 0.000000000000000000e+00
6.805000000000000000e+02 0.000000000000000000e+00
6.810000000000000000e+02 0.000000000000000000e+00
6.815000000000000000e+02 9.112979999999999475e-04
6.820000000000000000e+02 0.000000000000000000e+00
6.825000000000000000e+02 4.476139999999999871e-04
6.830000000000000000e+02 7.676459999999999751e-04
6.835000000000000000e+02 0.000000000000000000e+00
6.840000000000000000e+02 0.000000000000000000e+00
6.845000000000000000e+02 3.875160000000000215e-04
6.850000000000000000e+02 2.351180000000000078e-04
6.855000000000000000e+02 0.000000000000000000e+00
6.860000000000000000e+02 4.139999999999999664e-05
6.865000000000000000e+02 0.000000000000000000e+00
6.870000000000000000e+02 4.780000000000000313e-05
6.875000000000000000e+02 2.500000000000000120e-05
6.880000000000000000e+02 0.000000000000000000e+00
6.885000000000000000e+02 2.577510000000000196e-04
6.890000000000000000e+02 4.276430000000000118e-04
6.895000000000000000e+02 1.270459999999999895e-04
6.900000000000000000e+02 2.395689999999999961e-04
6.905000000000000000e+02 3.562670000000000095e-04
6.910000000000000000e+02 8.199909999999999491e-04
6.915000000000000000e+02 2.453222000000000128e-03
6.920000000000000000e+02 4.088956000000000361e-03
6.925000000000000000e+02 4.189591000000000322e-03
6.930000000000000000e+02 7.481222000000000046e-03
6.935000000000000000e+02 9.487018999999999314e-03
6.940000000000000000e+02 1.398477100000000001e-02
6.945000000000000000e+02 1.884364200000000072e-02
6.950000000000000000e+02 2.469622299999999979e-02
6.955000000000000000e+02 3.533344699999999700e-02
6.960000000000000000e+02 4.788143200000000155e-02
6.965000000000000000e+02 6.068408899999999662e-02
6.970000000000000000e+02 8.030874999999999819e-02
6.975000000000000000e+02 1.064525770000000066e-01
6.980000000000000000e+02 1.359514300000000120e-01
6.985000000000000000e+02 1.739578250000000104e-01
6.990000000000000000e+02 2.202612310000000018e-01
6.995000000000000000e+02 2.786324920000000094e-01
7.000000000000000000e+02 3.450597530000000246e-01
7.005000000000000000e+02 4.265989070000000272e-01
7.010000000000000000e+02 5.264976030000000362e-01
7.015000000000000000e+02 6.383624669999999890e-01
7.020000000000000000e+02 7.762286069999999594e-01
7.025000000000000000e+02 9.309245940000000497e-01
7.030000000000000000e+02 1.110278486999999981e+00
7.035000000000000000e+02 1.326117634999999906e+00
7.040000000000000000e+02 1.560429454000000105e+00
7.045000000000000000e+02 1.827941298000000048e+00
7.050000000000000000e+02 2.130756616999999853e+00
7.055000000000000000e+02 2.468210220000000010e+00
7.060000000000000000e+02 2.847261429000000010e+00
7.065000000000000000e+02 3.267432690000000139e+00
7.070000000000000000e+02 3.725657224999999961e+00
7.075000000000000000e+02 4.241205214999999917e+00
7.080000000000000000e+02 4.775942326000000016e+00
7.085000000000000000e+02 5.369905472000000124e+00
7.090000000000000000e+02 6.009550094999999814e+00
7.095000000000000000e+02 6.692111492000000439e+00
7.100000000000000000e+02 7.440625668000000026e+00
7.105000000000000000e+02 8.209942818000000031e+00
7.110000000000000000e+02 9.032663344999999566e+00
7.115000000000000000e+02 9.933843613000000516e+00
7.120000000000000000e+02 1.084534264000000015e+01
7.125000000000000000e+02 1.182491684000000021e+01
7.130000000000000000e+02 1.286541843000000007e+01
7.135000000000000000e+02 1.391930580000000006e+01
7.140000000000000000e+02 1.502941417999999985e+01
7.145000000000000000e+02 1.615600586000000050e+01
7.150000000000000000e+02 1.733346367000000043e+01
7.155000000000000000e+02 1.859403229000000124e+01
7.160000000000000000e+02 1.982405663000000118e+01
7.165000000000000000e+02 2.113464164999999895e+01
7.170000000000000000e+02 2.247155571000000052e+01
7.175000000000000000e+02 2.378719521000000015e+01
7.180000000000000000e+02 2.517396545000000074e+01
7.185000000000000000e+02 2.654200171999999824e+01
7.190000000000000000e+02 2.793876457000000002e+01
7.195000000000000000e+02 2.939734458999999944e+01
7.200000000000000000e+02 3.080763817000000060e+01
7.205000000000000000e+02 3.224968338000000045e+01
7.210000000000000000e+02 3.372575760000000145e+01
7.215000000000000000e+02 3.513695144999999798e+01
7.220000000000000000e+02 3.660750961000000103e+01
7.225000000000000000e+02 3.806245804000000277e+01
7.230000000000000000e+02 3.950581360000000331e+01
7.235000000000000000e+02 4.098675919000000079e+01
7.240000000000000000e+02 4.240659331999999893e+01
7.245000000000000000e+02 4.382815932999999831e+01
7.250000000000000000e+02 4.531448363999999884e+01
7.255000000000000000e+02 4.670105362000000326e+01
7.260000000000000000e+02 4.812560272000000339e+01
7.265000000000000000e+02 4.951576233000000116e+01
7.270000000000000000e+02 5.087063217000000037e+01
7.275000000000000000e+02 5.223870087000000240e+01
7.280000000000000000e+02 5.353276061999999769e+01
7.285000000000000000e+02 5.485053634999999872e+01
7.290000000000000000e+02 5.618324280000000215e+01
7.295000000000000000e+02 5.744122313999999818e+01
7.300000000000000000e+02 5.868978500000000054e+01
7.305000000000000000e+02 5.989681625000000054e+01
7.310000000000000000e+02 6.109535216999999818e+01
7.315000000000000000e+02 6.229380797999999686e+01
7.320000000000000000e+02 6.341235732999999897e+01
7.325000000000000000e+02 6.456040955000000281e+01
7.330000000000000000e+02 6.565338135000000364e+01
7.335000000000000000e+02 6.668480682000000570e+01
7.340000000000000000e+02 6.776369476000000702e+01
7.345000000000000000e+02 6.877685547000000099e+01
7.350000000000000000e+02 6.975546264999999835e+01
7.355000000000000000e+02 7.074219512999999893e+01
7.360000000000000000e+02 7.169330596999999727e+01
7.365000000000000000e+02 7.256177520999999331e+01
7.370000000000000000e+02 7.347489928999999620e+01
7.375000000000000000e+02 7.432386017000000322e+01
7.380000000000000000e+02 7.518386841000000231e+01
7.385000000000000000e+02 7.594847106999999653e+01
7.390000000000000000e+02 7.674575806000000000e+01
7.395000000000000000e+02 7.754022217000000694e+01
7.400000000000000000e+02 7.821619415000000686e+01
7.405000000000000000e+02 7.892424773999999843e+01
7.410000000000000000e+02 7.963883972000000711e+01
7.415000000000000000e+02 8.030736541999999645e+01
7.420000000000000000e+02 8.092980957000000330e+01
7.425000000000000000e+02 8.157289885999999512e+01
7.430000000000000000e+02 8.214981079000000364e+01
7.435000000000000000e+02 8.273176574999999389e+01
7.440000000000000000e+02 8.326166533999999331e+01
7.445000000000000000e+02 8.381913756999999521e+01
7.450000000000000000e+02 8.434408569000000000e+01
7.455000000000000000e+02 8.481453704999999843e+01
7.460000000000000000e+02 8.529486083999999835e+01
7.465000000000000000e+02 8.577176665999999727e+01
7.470000000000000000e+02 8.620940398999999843e+01
7.475000000000000000e+02 8.664629363999999612e+01
7.480000000000000000e+02 8.704010010000000364e+01
7.485000000000000000e+02 8.744998169000000132e+01
7.490000000000000000e+02 8.784104155999999364e+01
7.495000000000000000e+02 8.818977356000000611e+01
7.500000000000000000e+02 8.855335236000000521e+01
7.505000000000000000e+02 8.892164612000000545e+01
7.510000000000000000e+02 8.923681641000000297e+01
7.515000000000000000e+02 8.954642486999999562e+01
7.520000000000000000e+02 8.984679413000000636e+01
7.525000000000000000e+02 9.013241576999999438e+01
7.530000000000000000e+02 9.041291046000000620e+01
7.535000000000000000e+02 9.065486907999999744e+01
7.540000000000000000e+02 9.092380523999999298e+01
7.545000000000000000e+02 9.117138672000000099e+01
7.550000000000000000e+02 9.141899109000000578e+01
7.555000000000000000e+02 9.163600159000000644e+01
7.560000000000000000e+02 9.186479187000000479e+01
7.565000000000000000e+02 9.207637024000000281e+01
7.570000000000000000e+02 9.226155853000000207e+01
7.575000000000000000e+02 9.246443938999999546e+01
7.580000000000000000e+02 9.261597442999999430e+01
7.585000000000000000e+02 9.280733490000000074e+01
7.590000000000000000e+02 9.295823669000000677e+01
7.595000000000000000e+02 9.315969085999999777e+01
7.600000000000000000e+02 9.329454040999999620e+01
7.605000000000000000e+02 9.345508574999999496e+01
7.610000000000000000e+02 9.359864806999999587e+01
7.615000000000000000e+02 9.371134186000000454e+01
7.620000000000000000e+02 9.386251830999999868e+01
7.625000000000000000e+02 9.395762634000000446e+01
7.630000000000000000e+02 9.411401367000000562e+01
7.635000000000000000e+02 9.421491240999999661e+01
7.640000000000000000e+02 9.431861877000000050e+01
7.645000000000000000e+02 9.442082976999999744e+01
7.650000000000000000e+02 9.450494385000000364e+01
7.655000000000000000e+02 9.458859252999999967e+01
7.660000000000000000e+02 9.468067168999999694e+01
7.665000000000000000e+02 9.476712036000000694e+01
7.670000000000000000e+02 9.485429381999999521e+01
7.675000000000000000e+02 9.495762634000000446e+01
7.680000000000000000e+02 9.501538085999999339e+01
7.685000000000000000e+02 9.508649445000000355e+01
7.690000000000000000e+02 9.517007445999999504e+01
7.695000000000000000e+02 9.524197388000000331e+01
7.700000000000000000e+02 9.528411101999999744e+01
7.705000000000000000e+02 9.531088257000000397e+01
7.710000000000000000e+02 9.540745544000000677e+01
7.715000000000000000e+02 9.541590118000000587e+01
7.720000000000000000e+02 9.550205230999999628e+01
7.725000000000000000e+02 9.551731110000000058e+01
7.730000000000000000e+02 9.558138275000000306e+01
7.735000000000000000e+02 9.565237426999999570e+01
7.740000000000000000e+02 9.568736266999999884e+01
7.745000000000000000e+02 9.570860290999999620e+01
7.750000000000000000e+02 9.573761749000000520e+01
7.755000000000000000e+02 9.580848693999999455e+01
7.760000000000000000e+02 9.581727600000000677e+01
7.765000000000000000e+02 9.584591675000000066e+01
7.770000000000000000e+02 9.589127349999999694e+01
7.775000000000000000e+02 9.590906524999999760e+01
7.780000000000000000e+02 9.592524718999999322e+01
7.785000000000000000e+02 9.594989777000000686e+01
7.790000000000000000e+02 9.597013092000000256e+01
7.795000000000000000e+02 9.599602509000000339e+01
7.800000000000000000e+02 9.601452636999999868e+01
7.805000000000000000e+02 9.602767181000000107e+01
7.810000000000000000e+02 9.607791138000000331e+01
7.815000000000000000e+02 9.603662108999999703e+01
7.820000000000000000e+02 9.607034301999999570e+01
7.825000000000000000e+02 9.607880402000000686e+01
7.830000000000000000e+02 9.611616515999999422e+01
7.835000000000000000e+02 9.612402344000000198e+01
7.840000000000000000e+02 9.613390350000000240e+01
7.845000000000000000e+02 9.612681580000000281e+01
7.850000000000000000e+02 9.613354492000000562e+01
7.855000000000000000e+02 9.613092041000000165e+01
7.860000000000000000e+02 9.614346313000000066e+01
7.865000000000000000e+02 9.614014434999999992e+01
7.870000000000000000e+02 9.613610076999999876e+01
7.875000000000000000e+02 9.612911223999999777e+01
7.880000000000000000e+02 9.614915465999999356e+01
7.885000000000000000e+02 9.616033172999999579e+01
7.890000000000000000e+02 9.616691588999999851e+01
7.895000000000000000e+02 9.617143249999999455e+01
7.900000000000000000e+02 9.616111755000000016e+01
7.905000000000000000e+02 9.620352936000000454e+01
7.910000000000000000e+02 9.614147948999999471e+01
7.915000000000000000e+02 9.613232422000000099e+01
7.920000000000000000e+02 9.615090942000000496e+01
7.925000000000000000e+02 9.614690398999999843e+01
7.930000000000000000e+02 9.614959717000000694e+01
7.935000000000000000e+02 9.613752746999999488e+01
7.940000000000000000e+02 9.613294220000000223e+01
7.945000000000000000e+02 9.611886597000000165e+01
7.950000000000000000e+02 9.611051177999999595e+01
7.955000000000000000e+02 9.609444426999999678e+01
7.960000000000000000e+02 9.613055420000000595e+01
7.965000000000000000e+02 9.611386108000000661e+01
7.970000000000000000e+02 9.608912659000000644e+01
7.975000000000000000e+02 9.610485076999999876e+01
7.980000000000000000e+02 9.607472228999999686e+01
7.985000000000000000e+02 9.604483032000000264e+01
7.990000000000000000e+02 9.607351685000000430e+01
7.995000000000000000e+02 9.603953552000000116e+01
8.000000000000000000e+02 9.608320618000000479e+01
8.005000000000000000e+02 9.601766204999999843e+01
8.010000000000000000e+02 9.601066588999999851e+01
8.015000000000000000e+02 9.600715637000000413e+01
8.020000000000000000e+02 9.595655059999999992e+01
8.025000000000000000e+02 9.598054503999999554e+01
8.030000000000000000e+02 9.599141692999999975e+01
8.035000000000000000e+02 9.593204498000000058e+01
8.040000000000000000e+02 9.595664978000000644e+01
8.045000000000000000e+02 9.592118834999999422e+01
8.050000000000000000e+02 9.591621399000000281e+01
8.055000000000000000e+02 9.591359710999999777e+01
8.060000000000000000e+02 9.590965271000000314e+01
8.065000000000000000e+02 9.587393950999999959e+01
8.070000000000000000e+02 9.582952880999999934e+01
8.075000000000000000e+02 9.585840607000000091e+01
8.080000000000000000e+02 9.584657287999999653e+01
8.085000000000000000e+02 9.582723998999999537e+01
8.090000000000000000e+02 9.581100463999999306e+01
8.095000000000000000e+02 9.584537505999999496e+01
8.100000000000000000e+02 9.575668335000000297e+01
8.105000000000000000e+02 9.571933746000000554e+01
8.110000000000000000e+02 9.576509093999999322e+01
8.115000000000000000e+02 9.572968292000000190e+01
8.120000000000000000e+02 9.575379180999999562e+01
8.125000000000000000e+02 9.570793152000000248e+01
8.130000000000000000e+02 9.570575714000000289e+01
8.135000000000000000e+02 9.568901825000000372e+01
8.140000000000000000e+02 9.571580505000000016e+01
8.145000000000000000e+02 9.566742705999999430e+01
8.150000000000000000e+02 9.568315124999999455e+01
8.155000000000000000e+02 9.566281127999999967e+01
8.160000000000000000e+02 9.563690947999999992e+01
8.165000000000000000e+02 9.560158538999999678e+01
8.170000000000000000e+02 9.562455749999999455e+01
8.175000000000000000e+02 9.564728546000000620e+01
8.180000000000000000e+02 9.556893920999999636e+01
8.185000000000000000e+02 9.561603546000000620e+01
8.190000000000000000e+02 9.555251312000000041e+01
8.195000000000000000e+02 9.556992339999999331e+01
8.200000000000000000e+02 9.557193755999999496e+01
8.205000000000000000e+02 9.558338165000000686e+01
8.210000000000000000e+02 9.555825806000000000e+01
8.215000000000000000e+02 9.551094817999999975e+01
8.220000000000000000e+02 9.549302672999999686e+01
8.225000000000000000e+02 9.547902679000000603e+01
8.230000000000000000e+02 9.550025940000000446e+01
8.235000000000000000e+02 9.547469329999999843e+01
8.240000000000000000e+02 9.545846557999999504e+01
8.245000000000000000e+02 9.548564910999999711e+01
8.250000000000000000e+02 9.544256592000000694e+01
8.255000000000000000e+02 9.544172668000000215e+01
8.260000000000000000e+02 9.539608764999999835e+01
8.265000000000000000e+02 9.532967376999999942e+01
8.270000000000000000e+02 9.538352202999999463e+01
8.275000000000000000e+02 9.534420013000000438e+01
8.280000000000000000e+02 9.532333373999999537e+01
8.285000000000000000e+02 9.533100890999999422e+01
8.290000000000000000e+02 9.526351166000000603e+01
8.295000000000000000e+02 9.526155853000000207e+01
8.300000000000000000e+02 9.526191710999999884e+01
8.305000000000000000e+02 9.520054625999999587e+01
8.310000000000000000e+02 9.519731903000000273e+01
8.315000000000000000e+02 9.523180388999999479e+01
8.320000000000000000e+02 9.517052459999999314e+01
8.325000000000000000e+02 9.515800475999999719e+01
8.330000000000000000e+02 9.512178801999999678e+01
8.335000000000000000e+02 9.506859588999999744e+01
8.340000000000000000e+02 9.509034728999999686e+01
8.345000000000000000e+02 9.504016876000000025e+01
8.350000000000000000e+02 9.501788329999999405e+01
8.355000000000000000e+02 9.502229309000000512e+01
8.360000000000000000e+02 9.495897675000000504e+01
8.365000000000000000e+02 9.495233917000000190e+01
8.370000000000000000e+02 9.492041779000000190e+01
8.375000000000000000e+02 9.487113952999999356e+01
8.380000000000000000e+02 9.489804839999999331e+01
8.385000000000000000e+02 9.484800719999999785e+01
8.390000000000000000e+02 9.482520293999999694e+01
8.395000000000000000e+02 9.483330535999999711e+01
8.400000000000000000e+02 9.475325775000000306e+01
8.405000000000000000e+02 9.470998382999999876e+01
8.410000000000000000e+02 9.474031066999999950e+01
8.415000000000000000e+02 9.476390075999999851e+01
8.420000000000000000e+02 9.469361114999999529e+01
8.425000000000000000e+02 9.466686248999999975e+01
8.430000000000000000e+02 9.458494568000000413e+01
8.435000000000000000e+02 9.451010895000000289e+01
8.440000000000000000e+02 9.455249786000000256e+01
8.445000000000000000e+02 9.449989318999999455e+01
8.450000000000000000e+02 9.449112700999999959e+01
8.455000000000000000e+02 9.448471069000000000e+01
8.460000000000000000e+02 9.442378234999999620e+01
8.465000000000000000e+02 9.438759613000000570e+01
8.470000000000000000e+02 9.431791687000000479e+01
8.475000000000000000e+02 9.434386444000000438e+01
8.480000000000000000e+02 9.431600951999999438e+01
8.485000000000000000e+02 9.425269317999999430e+01
8.490000000000000000e+02 9.426441955999999323e+01
8.495000000000000000e+02 9.414529419000000132e+01
8.500000000000000000e+02 9.414665985000000603e+01
8.505000000000000000e+02 9.411330413999999678e+01
8.510000000000000000e+02 9.408865355999999736e+01
8.515000000000000000e+02 9.403242493000000479e+01
8.520000000000000000e+02 9.402606201000000397e+01
8.525000000000000000e+02 9.400553130999999496e+01
8.530000000000000000e+02 9.394699097000000165e+01
8.535000000000000000e+02 9.388890838999999744e+01
8.540000000000000000e+02 9.388941955999999323e+01
8.545000000000000000e+02 9.380905151000000330e+01
8.550000000000000000e+02 9.383852385999999512e+01
8.555000000000000000e+02 9.388366698999999471e+01
8.560000000000000000e+02 9.367171478000000207e+01
8.565000000000000000e+02 9.375321198000000322e+01
8.570000000000000000e+02 9.370323944000000438e+01
8.575000000000000000e+02 9.366613006999999413e+01
8.580000000000000000e+02 9.363344573999999909e+01
8.585000000000000000e+02 9.364060211000000322e+01
8.590000000000000000e+02 9.361518096999999727e+01
8.595000000000000000e+02 9.348818970000000661e+01
8.600000000000000000e+02 9.357241057999999612e+01
8.605000000000000000e+02 9.343496704000000364e+01
8.610000000000000000e+02 9.337206267999999909e+01
8.615000000000000000e+02 9.323321532999999306e+01
8.620000000000000000e+02 9.324919891000000405e+01
8.625000000000000000e+02 9.333604431000000545e+01
8.630000000000000000e+02 9.324146270999999331e+01
8.635000000000000000e+02 9.329679871000000446e+01
8.640000000000000000e+02 9.312657928000000140e+01
8.645000000000000000e+02 9.300802611999999669e+01
8.650000000000000000e+02 9.315098571999999422e+01
8.655000000000000000e+02 9.284346007999999983e+01
8.660000000000000000e+02 9.298265075999999851e+01
8.665000000000000000e+02 9.293263244999999984e+01
8.670000000000000000e+02 9.285231781000000240e+01
8.675000000000000000e+02 9.296102141999999446e+01
8.680000000000000000e+02 9.289766692999999975e+01
8.685000000000000000e+02 9.279470824999999934e+01
8.690000000000000000e+02 9.289022063999999546e+01
8.695000000000000000e+02 9.273215485000000058e+01
8.700000000000000000e+02 9.277434540000000140e+01
8.705000000000000000e+02 9.265915680000000521e+01
8.710000000000000000e+02 9.252718353000000207e+01
8.715000000000000000e+02 9.240536498999999537e+01
8.720000000000000000e+02 9.239826202000000421e+01
8.725000000000000000e+02 9.247119904000000190e+01
8.730000000000000000e+02 9.285601044000000570e+01
8.735000000000000000e+02 9.254998779000000297e+01
8.740000000000000000e+02 9.243997955000000388e+01
8.745000000000000000e+02 9.230127715999999793e+01
8.750000000000000000e+02 9.212299346999999727e+01
8.755000000000000000e+02 9.244486236999999562e+01
8.760000000000000000e+02 9.250251006999999959e+01
8.765000000000000000e+02 9.237772368999999628e+01
8.770000000000000000e+02 9.216281890999999860e+01
8.775000000000000000e+02 9.220449066000000471e+01
8.780000000000000000e+02 9.198735046000000182e+01
8.785000000000000000e+02 9.192751312000000041e+01
8.790000000000000000e+02 9.194995880000000454e+01
8.795000000000000000e+02 9.172410582999999917e+01
8.800000000000000000e+02 9.189605713000000264e+01
8.805000000000000000e+02 9.181608581999999785e+01
8.810000000000000000e+02 9.193424224999999694e+01
8.815000000000000000e+02 9.173665619000000504e+01
8.820000000000000000e+02 9.158294678000000033e+01
8.825000000000000000e+02 9.179682922000000644e+01
8.830000000000000000e+02 9.172837830000000281e+01
8.835000000000000000e+02 9.166923522999999818e+01
8.840000000000000000e+02 9.165425872999999513e+01
8.845000000000000000e+02 9.149402618000000587e+01
8.850000000000000000e+02 9.152445984000000578e+01
8.855000000000000000e+02 9.178186798000000124e+01
8.860000000000000000e+02 9.102533721999999727e+01
8.865000000000000000e+02 9.121360778999999752e+01
8.870000000000000000e+02 9.149478911999999298e+01
8.875000000000000000e+02 9.149227904999999339e+01
8.880000000000000000e+02 9.137416840000000207e+01
8.885000000000000000e+02 9.084972381999999413e+01
8.890000000000000000e+02 9.102888489000000050e+01
8.895000000000000000e+02 9.087989043999999694e+01
8.900000000000000000e+02 9.063470458999999835e+01
8.905000000000000000e+02 9.099829101999999637e+01
8.910000000000000000e+02 9.092204284999999686e+01
8.915000000000000000e+02 9.079563903999999752e+01
8.920000000000000000e+02 9.069750213999999744e+01
8.925000000000000000e+02 9.087450409000000207e+01
8.930000000000000000e+02 9.076377105999999628e+01
8.935000000000000000e+02 9.061342621000000008e+01
8.940000000000000000e+02 9.056667328000000339e+01
8.945000000000000000e+02 9.036793518000000347e+01
8.950000000000000000e+02 9.003186035000000231e+01
8.955000000000000000e+02 9.029306793000000653e+01
8.960000000000000000e+02 9.002384949000000347e+01
8.965000000000000000e+02 8.982855988000000025e+01
8.970000000000000000e+02 9.044624328999999818e+01
8.975000000000000000e+02 9.032642364999999529e+01
8.980000000000000000e+02 9.015050506999999413e+01
8.985000000000000000e+02 8.982830810999999471e+01
8.990000000000000000e+02 9.014768218999999760e+01
8.995000000000000000e+02 9.033141326999999876e+01
9.000000000000000000e+02 9.025384520999999438e+01
9.005000000000000000e+02 9.019418335000000297e+01
9.010000000000000000e+02 9.013496399000000281e+01
9.015000000000000000e+02 9.009015655999999694e+01
9.020000000000000000e+02 9.004434204000000364e+01
9.025000000000000000e+02 8.996126556000000107e+01
9.030000000000000000e+02 8.991352080999999430e+01
9.035000000000000000e+02 8.985531616000000099e+01
9.040000000000000000e+02 8.977055359000000578e+01
9.045000000000000000e+02 8.973695374000000413e+01
9.050000000000000000e+02 8.967157745000000091e+01
9.055000000000000000e+02 8.960739898999999298e+01
9.060000000000000000e+02 8.954036713000000702e+01
9.065000000000000000e+02 8.948567199999999389e+01
9.070000000000000000e+02 8.942460631999999521e+01
9.075000000000000000e+02 8.937137604000000124e+01
9.080000000000000000e+02 8.928338623000000496e+01
9.085000000000000000e+02 8.922209166999999752e+01
9.090000000000000000e+02 8.917371368000000587e+01
9.095000000000000000e+02 8.911103821000000380e+01
9.100000000000000000e+02 8.904646300999999653e+01
9.105000000000000000e+02 8.898248291000000165e+01
9.110000000000000000e+02 8.892195128999999554e+01
9.115000000000000000e+02 8.885655975000000240e+01
9.120000000000000000e+02 8.878562164000000223e+01
9.125000000000000000e+02 8.872196198000000322e+01
9.130000000000000000e+02 8.863973235999999645e+01
9.135000000000000000e+02 8.856965637000000413e+01
9.140000000000000000e+02 8.851593780999999694e+01
9.145000000000000000e+02 8.846246338000000264e+01
9.150000000000000000e+02 8.837225342000000694e+01
9.155000000000000000e+02 8.831679535000000669e+01
9.160000000000000000e+02 8.824975585999999339e+01
9.165000000000000000e+02 8.817344665999999620e+01
9.170000000000000000e+02 8.810325622999999950e+01
9.175000000000000000e+02 8.802606201000000397e+01
9.180000000000000000e+02 8.795270537999999760e+01
9.185000000000000000e+02 8.788584136999999430e+01
9.190000000000000000e+02 8.781679535000000669e+01
9.195000000000000000e+02 8.775556946000000380e+01
9.200000000000000000e+02 8.769153595000000223e+01
9.205000000000000000e+02 8.759854126000000463e+01
9.210000000000000000e+02 8.753264618000000041e+01
9.215000000000000000e+02 8.746076202000000421e+01
9.220000000000000000e+02 8.738333892999999364e+01
9.225000000000000000e+02 8.730960082999999372e+01
9.230000000000000000e+02 8.724419403000000273e+01
9.235000000000000000e+02 8.717573547000000644e+01
9.240000000000000000e+02 8.709291840000000207e+01
9.245000000000000000e+02 8.701033019999999851e+01
9.250000000000000000e+02 8.694033813000000066e+01
9.255000000000000000e+02 8.686393737999999587e+01
9.260000000000000000e+02 8.678630828999999380e+01
9.265000000000000000e+02 8.670581817999999430e+01
9.270000000000000000e+02 8.663605499000000520e+01
9.275000000000000000e+02 8.654924773999999843e+01
9.280000000000000000e+02 8.646839905000000215e+01
9.285000000000000000e+02 8.639460753999999554e+01
9.290000000000000000e+02 8.632360839999999769e+01
9.295000000000000000e+02 8.623361968999999760e+01
9.300000000000000000e+02 8.615998840000000314e+01
9.305000000000000000e+02 8.606787871999999595e+01
9.310000000000000000e+02 8.598681641000000297e+01
9.315000000000000000e+02 8.591268920999999636e+01
9.320000000000000000e+02 8.582426452999999356e+01
9.325000000000000000e+02 8.575193023999999298e+01
9.330000000000000000e+02 8.566320801000000529e+01
9.335000000000000000e+02 8.558911132999999438e+01
9.340000000000000000e+02 8.549443053999999620e+01
9.345000000000000000e+02 8.541571045000000595e+01
9.350000000000000000e+02 8.532557678000000578e+01
9.355000000000000000e+02 8.523899077999999463e+01
9.360000000000000000e+02 8.515176391999999339e+01
9.365000000000000000e+02 8.506564330999999868e+01
9.370000000000000000e+02 8.496798705999999868e+01
9.375000000000000000e+02 8.489739226999999744e+01
9.380000000000000000e+02 8.479800414999999703e+01
9.385000000000000000e+02 8.470647429999999645e+01
9.390000000000000000e+02 8.462261963000000264e+01
9.395000000000000000e+02 8.452870941000000471e+01
9.400000000000000000e+02 8.444586945000000355e+01
9.405000000000000000e+02 8.433705901999999810e+01
9.410000000000000000e+02 8.425849152000000686e+01
9.415000000000000000e+02 8.416624450999999851e+01
9.420000000000000000e+02 8.406925200999999959e+01
9.425000000000000000e+02 8.397114562999999521e+01
9.430000000000000000e+02 8.388530731000000173e+01
9.435000000000000000e+02 8.378138733000000116e+01
9.440000000000000000e+02 8.369591522000000339e+01
9.445000000000000000e+02 8.360942841000000669e+01
9.450000000000000000e+02 8.350287627999999529e+01
9.455000000000000000e+02 8.341142272999999818e+01
9.460000000000000000e+02 8.330785369999999546e+01
9.465000000000000000e+02 8.320738982999999678e+01
9.470000000000000000e+02 8.310575867000000017e+01
9.475000000000000000e+02 8.300074768000000347e+01
9.480000000000000000e+02 8.290727997000000471e+01
9.485000000000000000e+02 8.281255341000000669e+01
9.490000000000000000e+02 8.270050048999999603e+01
9.495000000000000000e+02 8.259018706999999893e+01
9.500000000000000000e+02 8.249152374000000520e+01
9.505000000000000000e+02 8.238889312999999959e+01
9.510000000000000000e+02 8.229697418000000653e+01
9.515000000000000000e+02 8.218229675000000611e+01
9.520000000000000000e+02 8.207673644999999851e+01
9.525000000000000000e+02 8.196212769000000264e+01
9.530000000000000000e+02 8.185808563000000504e+01
9.535000000000000000e+02 8.175546264999999835e+01
9.540000000000000000e+02 8.164700317000000496e+01
9.545000000000000000e+02 8.154867554000000496e+01
9.550000000000000000e+02 8.142949677000000008e+01
9.555000000000000000e+02 8.130560303000000033e+01
9.560000000000000000e+02 8.120141601999999637e+01
9.565000000000000000e+02 8.108280944999999917e+01
9.570000000000000000e+02 8.097715759000000446e+01
9.575000000000000000e+02 8.086198425000000611e+01
9.580000000000000000e+02 8.075500488000000132e+01
9.585000000000000000e+02 8.063352965999999356e+01
9.590000000000000000e+02 8.051356506000000479e+01
9.595000000000000000e+02 8.040911864999999636e+01
9.600000000000000000e+02 8.029290770999999438e+01
9.605000000000000000e+02 8.018753051999999570e+01
9.610000000000000000e+02 8.006601714999999331e+01
9.615000000000000000e+02 7.992978668000000653e+01
9.620000000000000000e+02 7.980689239999999529e+01
9.625000000000000000e+02 7.969342804000000058e+01
9.630000000000000000e+02 7.957075500000000545e+01
9.635000000000000000e+02 7.947123718000000281e+01
9.640000000000000000e+02 7.933567809999999554e+01
9.645000000000000000e+02 7.921597289999999703e+01
9.650000000000000000e+02 7.910294342000000256e+01
9.655000000000000000e+02 7.895285796999999661e+01
9.660000000000000000e+02 7.884127807999999504e+01
9.665000000000000000e+02 7.872389221000000248e+01
9.670000000000000000e+02 7.860472869999999546e+01
9.675000000000000000e+02 7.847029114000000050e+01
9.680000000000000000e+02 7.834407043000000215e+01
9.685000000000000000e+02 7.820603180000000521e+01
9.690000000000000000e+02 7.807753753999999446e+01
9.695000000000000000e+02 7.795395659999999793e+01
9.700000000000000000e+02 7.782218170000000157e+01
9.705000000000000000e+02 7.769764709000000380e+01
9.710000000000000000e+02 7.755777740000000620e+01
9.715000000000000000e+02 7.741989135999999405e+01
9.720000000000000000e+02 7.728301238999999612e+01
9.725000000000000000e+02 7.716116332999999372e+01
9.730000000000000000e+02 7.702607727000000182e+01
9.735000000000000000e+02 7.688485717999999736e+01
9.740000000000000000e+02 7.675655365000000074e+01
9.745000000000000000e+02 7.661071013999999479e+01
9.750000000000000000e+02 7.645578002999999967e+01
9.755000000000000000e+02 7.632698822000000405e+01
9.760000000000000000e+02 7.619258118000000479e+01
9.765000000000000000e+02 7.604656219000000306e+01
9.770000000000000000e+02 7.590385437000000479e+01
9.775000000000000000e+02 7.575429535000000669e+01
9.780000000000000000e+02 7.561485290999999620e+01
9.785000000000000000e+02 7.545585631999999521e+01
9.790000000000000000e+02 7.532969665999999620e+01
9.795000000000000000e+02 7.517557526000000223e+01
9.800000000000000000e+02 7.502727509000000339e+01
9.805000000000000000e+02 7.487205505000000016e+01
9.810000000000000000e+02 7.472270966000000669e+01
9.815000000000000000e+02 7.458226775999999347e+01
9.820000000000000000e+02 7.442200470000000223e+01
9.825000000000000000e+02 7.426671600000000240e+01
9.830000000000000000e+02 7.412672424000000149e+01
9.835000000000000000e+02 7.396080779999999777e+01
9.840000000000000000e+02 7.380308533000000182e+01
9.845000000000000000e+02 7.364111327999999901e+01
9.850000000000000000e+02 7.348231506000000479e+01
9.855000000000000000e+02 7.333431244000000504e+01
9.860000000000000000e+02 7.319197844999999347e+01
9.865000000000000000e+02 7.301985931000000107e+01
9.870000000000000000e+02 7.285820006999999521e+01
9.875000000000000000e+02 7.267581176999999570e+01
9.880000000000000000e+02 7.252296447999999884e+01
9.885000000000000000e+02 7.236441039999999703e+01
9.890000000000000000e+02 7.220439147999999818e+01
9.895000000000000000e+02 7.204363250999999480e+01
9.900000000000000000e+02 7.185497284000000207e+01
9.905000000000000000e+02 7.167916107000000636e+01
9.910000000000000000e+02 7.150793457000000330e+01
9.915000000000000000e+02 7.135004424999999628e+01
9.920000000000000000e+02 7.118014526000000330e+01
9.925000000000000000e+02 7.100109100000000240e+01
9.930000000000000000e+02 7.083113097999999752e+01
9.935000000000000000e+02 7.065226746000000446e+01
9.940000000000000000e+02 7.048950195000000463e+01
9.945000000000000000e+02 7.029730225000000132e+01
9.950000000000000000e+02 7.012776184000000512e+01
9.955000000000000000e+02 6.996305847000000711e+01
9.960000000000000000e+02 6.978234100000000240e+01
9.965000000000000000e+02 6.958644866999999579e+01
9.970000000000000000e+02 6.939908599999999694e+01
9.975000000000000000e+02 6.921540833000000248e+01
9.980000000000000000e+02 6.904249572999999884e+01
9.985000000000000000e+02 6.885627746999999488e+01
9.990000000000000000e+02 6.867721557999999504e+01
9.995000000000000000e+02 6.849325561999999934e+01
1.000000000000000000e+03 6.828025818000000413e+01
1.000500000000000000e+03 6.808854675000000611e+01
1.001000000000000000e+03 6.790882874000000413e+01
1.001500000000000000e+03 6.772762299000000041e+01
1.002000000000000000e+03 6.753982544000000132e+01
1.002500000000000000e+03 6.734790802000000554e+01
1.003000000000000000e+03 6.714703369000000066e+01
1.003500000000000000e+03 6.693622589000000289e+01
1.004000000000000000e+03 6.674153137000000413e+01
1.004500000000000000e+03 6.656018828999999926e+01
1.005000000000000000e+03 6.636974334999999314e+01
1.005500000000000000e+03 6.616344451999999876e+01
1.006000000000000000e+03 6.595335387999999455e+01
1.006500000000000000e+03 6.575450134000000446e+01
1.007000000000000000e+03 6.554790497000000471e+01
1.007500000000000000e+03 6.535551452999999356e+01
1.008000000000000000e+03 6.516340637000000413e+01
1.008500000000000000e+03 6.495989226999999744e+01
1.009000000000000000e+03 6.474777222000000165e+01
1.009500000000000000e+03 6.452891540999999620e+01
1.010000000000000000e+03 6.432635498000000496e+01
1.010500000000000000e+03 6.412590027000000248e+01
1.011000000000000000e+03 6.392568207000000058e+01
1.011500000000000000e+03 6.372022628999999938e+01
1.012000000000000000e+03 6.349805450000000207e+01
1.012500000000000000e+03 6.328166199000000347e+01
1.013000000000000000e+03 6.306410599000000161e+01
1.013500000000000000e+03 6.285493850999999665e+01
1.014000000000000000e+03 6.266489792000000136e+01
1.014500000000000000e+03 6.243763733000000116e+01
1.015000000000000000e+03 6.222716522000000339e+01
1.015500000000000000e+03 6.198810959000000054e+01
1.016000000000000000e+03 6.177223206000000033e+01
1.016500000000000000e+03 6.155630493000000314e+01
1.017000000000000000e+03 6.135001373000000058e+01
1.017500000000000000e+03 6.113531494000000066e+01
1.018000000000000000e+03 6.091840744000000285e+01
1.018500000000000000e+03 6.068329238999999831e+01
1.019000000000000000e+03 6.046278000000000219e+01
1.019500000000000000e+03 6.023466492000000017e+01
1.020000000000000000e+03 6.002142333999999835e+01
1.020500000000000000e+03 5.981230927000000008e+01
1.021000000000000000e+03 5.957609558000000050e+01
1.021500000000000000e+03 5.934909058000000215e+01
1.022000000000000000e+03 5.911107634999999760e+01
1.022500000000000000e+03 5.887462615999999826e+01
1.023000000000000000e+03 5.865481949000000128e+01
1.023500000000000000e+03 5.843395996000000281e+01
1.024000000000000000e+03 5.821141433999999748e+01
1.024500000000000000e+03 5.796427916999999752e+01
1.025000000000000000e+03 5.771991729999999876e+01
1.025500000000000000e+03 5.749003220000000169e+01
1.026000000000000000e+03 5.724691771999999901e+01
1.026500000000000000e+03 5.703112029999999777e+01
1.027000000000000000e+03 5.679813766000000186e+01
1.027500000000000000e+03 5.655883026000000058e+01
1.028000000000000000e+03 5.631290054000000112e+01
1.028500000000000000e+03 5.605536270000000343e+01
1.029000000000000000e+03 5.581766891000000186e+01
1.029500000000000000e+03 5.558322524999999814e+01
1.030000000000000000e+03 5.536635970999999756e+01
1.030500000000000000e+03 5.512371825999999686e+01
1.031000000000000000e+03 5.485990524000000335e+01
1.031500000000000000e+03 5.460209655999999967e+01
1.032000000000000000e+03 5.435710525999999732e+01
1.032500000000000000e+03 5.412400436000000070e+01
1.033000000000000000e+03 5.389049529999999777e+01
1.033500000000000000e+03 5.365436554000000058e+01
1.034000000000000000e+03 5.339567183999999855e+01
1.034500000000000000e+03 5.313037491000000045e+01
1.035000000000000000e+03 5.287555313000000012e+01
1.035500000000000000e+03 5.263322067000000004e+01
1.036000000000000000e+03 5.240500640999999860e+01
1.036500000000000000e+03 5.214785384999999707e+01
1.037000000000000000e+03 5.190348053000000306e+01
1.037500000000000000e+03 5.164646530000000269e+01
1.038000000000000000e+03 5.137440491000000264e+01
1.038500000000000000e+03 5.111883163000000252e+01
1.039000000000000000e+03 5.087351226999999909e+01
1.039500000000000000e+03 5.063679123000000004e+01
1.040000000000000000e+03 5.037828063999999983e+01
1.040500000000000000e+03 5.012106322999999719e+01
1.041000000000000000e+03 4.984508132999999930e+01
1.041500000000000000e+03 4.957694244000000339e+01
1.042000000000000000e+03 4.933385085999999831e+01
1.042500000000000000e+03 4.909632492000000070e+01
1.043000000000000000e+03 4.883664321999999913e+01
1.043500000000000000e+03 4.855952072000000186e+01
1.044000000000000000e+03 4.829561996000000335e+01
1.044500000000000000e+03 4.802914047000000153e+01
1.045000000000000000e+03 4.776657867000000124e+01
1.045500000000000000e+03 4.752220153999999752e+01
1.046000000000000000e+03 4.727431870000000202e+01
1.046500000000000000e+03 4.700320053000000087e+01
1.047000000000000000e+03 4.673274612000000161e+01
1.047500000000000000e+03 4.645447922000000318e+01
1.048000000000000000e+03 4.619510651000000223e+01
1.048500000000000000e+03 4.593466568000000194e+01
1.049000000000000000e+03 4.568414306999999752e+01
1.049500000000000000e+03 4.543613051999999897e+01
1.050000000000000000e+03 4.516254425000000339e+01
1.050500000000000000e+03 4.486931229000000343e+01
1.051000000000000000e+03 4.459397888000000165e+01
1.051500000000000000e+03 4.434582137999999674e+01
1.052000000000000000e+03 4.408432387999999946e+01
1.052500000000000000e+03 4.381856537000000174e+01
1.053000000000000000e+03 4.355274200000000207e+01
1.053500000000000000e+03 4.326224518000000074e+01
1.054000000000000000e+03 4.299460220000000277e+01
1.054500000000000000e+03 4.272471236999999888e+01
1.055000000000000000e+03 4.247804260000000198e+01
1.055500000000000000e+03 4.222134780999999748e+01
1.056000000000000000e+03 4.194945907999999690e+01
1.056500000000000000e+03 4.167734908999999988e+01
1.057000000000000000e+03 4.138764190999999926e+01
1.057500000000000000e+03 4.112001801000000256e+01
1.058000000000000000e+03 4.086661529999999942e+01
1.058500000000000000e+03 4.062184524999999979e+01
1.059000000000000000e+03 4.035248565999999926e+01
1.059500000000000000e+03 4.006595612000000273e+01
1.060000000000000000e+03 3.979511260999999678e+01
1.060500000000000000e+03 3.951908112000000273e+01
1.061000000000000000e+03 3.925633239999999802e+01
1.061500000000000000e+03 3.901078796000000182e+01
1.062000000000000000e+03 3.874990463000000318e+01
1.062500000000000000e+03 3.846738434000000240e+01
1.063000000000000000e+03 3.818280792000000190e+01
1.063500000000000000e+03 3.790802765000000107e+01
1.064000000000000000e+03 3.765213776000000223e+01
1.064500000000000000e+03 3.740301131999999740e+01
1.065000000000000000e+03 3.713443374999999946e+01
1.065500000000000000e+03 3.686714554000000277e+01
1.066000000000000000e+03 3.658853149000000116e+01
1.066500000000000000e+03 3.630952453999999818e+01
1.067000000000000000e+03 3.604187774999999760e+01
1.067500000000000000e+03 3.578720856000000339e+01
1.068000000000000000e+03 3.554296112000000107e+01
1.068500000000000000e+03 3.527710342000000310e+01
1.069000000000000000e+03 3.499935531999999938e+01
1.069500000000000000e+03 3.473149108999999868e+01
1.070000000000000000e+03 3.445375442999999649e+01
1.070500000000000000e+03 3.420277405000000215e+01
1.071000000000000000e+03 3.394840239999999909e+01
1.071500000000000000e+03 3.369468307000000351e+01
1.072000000000000000e+03 3.343122481999999707e+01
1.072500000000000000e+03 3.314929580999999814e+01
1.073000000000000000e+03 3.287145615000000021e+01
1.073500000000000000e+03 3.261017226999999963e+01
1.074000000000000000e+03 3.236704636000000335e+01
1.074500000000000000e+03 3.211669159000000207e+01
1.075000000000000000e+03 3.185367202999999847e+01
1.075500000000000000e+03 3.157697105000000093e+01
1.076000000000000000e+03 3.129417038000000062e+01
1.076500000000000000e+03 3.103634071000000105e+01
1.077000000000000000e+03 3.079286575000000070e+01
1.077500000000000000e+03 3.055120468000000145e+01
1.078000000000000000e+03 3.029098129000000128e+01
1.078500000000000000e+03 3.003347014999999942e+01
1.079000000000000000e+03 2.975733565999999897e+01
1.079500000000000000e+03 2.949584198000000157e+01
1.080000000000000000e+03 2.924542999000000165e+01
1.080500000000000000e+03 2.900711060000000074e+01
1.081000000000000000e+03 2.876480864999999909e+01
1.081500000000000000e+03 2.850007056999999833e+01
1.082000000000000000e+03 2.824179840000000041e+01
1.082500000000000000e+03 2.797780037000000064e+01
1.083000000000000000e+03 2.772523689000000147e+01
1.083500000000000000e+03 2.748726844999999841e+01
1.084000000000000000e+03 2.725836945000000000e+01
1.084500000000000000e+03 2.700145339999999905e+01
1.085000000000000000e+03 2.674205588999999961e+01
1.085500000000000000e+03 2.648759270000000043e+01
1.086000000000000000e+03 2.624633980000000122e+01
1.086500000000000000e+03 2.600249290000000002e+01
1.087000000000000000e+03 2.577070044999999965e+01
1.087500000000000000e+03 2.553237915000000058e+01
1.088000000000000000e+03 2.527891350000000159e+01
1.088500000000000000e+03 2.502705764999999971e+01
1.089000000000000000e+03 2.478291893000000101e+01
1.089500000000000000e+03 2.455634116999999961e+01
1.090000000000000000e+03 2.433125305000000083e+01
1.090500000000000000e+03 2.409280585999999857e+01
1.091000000000000000e+03 2.385588073999999992e+01
1.091500000000000000e+03 2.361154937999999959e+01
1.092000000000000000e+03 2.336580466999999928e+01
1.092500000000000000e+03 2.313749122999999841e+01
1.093000000000000000e+03 2.291901587999999990e+01
1.093500000000000000e+03 2.269627762000000004e+01
1.094000000000000000e+03 2.246413803000000087e+01
1.094500000000000000e+03 2.223397827000000149e+01
1.095000000000000000e+03 2.198589705999999921e+01
1.095500000000000000e+03 2.176104163999999841e+01
1.096000000000000000e+03 2.154516792000000081e+01
1.096500000000000000e+03 2.133904456999999866e+01
1.097000000000000000e+03 2.111193275000000114e+01
1.097500000000000000e+03 2.088307952999999983e+01
1.098000000000000000e+03 2.065600013999999973e+01
1.098500000000000000e+03 2.042371941000000035e+01
1.099000000000000000e+03 2.021952437999999930e+01
1.099500000000000000e+03 2.001678276000000167e+01
1.100000000000000000e+03 1.980825424000000012e+01
